#TitleText:Ni(001)-(5x5)-Li     Beam (4/5,4/5)            Rfac10=       1.1800
 #"IV exp
   72.2500000       35.7186317    
   72.5000000       38.5388908    
   72.7500000       41.6821365    
   73.0000000       45.3098679    
   73.2500000       49.5513802    
   73.5000000       54.4071732    
   73.7500000       59.8455620    
   74.0000000       65.8348618    
   74.2500000       72.3194351    
   74.5000000       79.1478653    
   74.7500000       86.1447983    
   75.0000000       93.1348648    
   75.2500000       99.9488068    
   75.5000000       106.441795    
   75.7500000       112.475060    
   76.0000000       117.909866    
   76.2500000       122.600761    
   76.5000000       126.375420    
   76.7500000       129.054810    
   77.0000000       130.459869    
   77.2500000       130.446411    
   77.5000000       129.009506    
   77.7500000       126.179024    
   78.0000000       121.984871    
   78.2500000       116.529831    
   78.5000000       110.208290    
   78.7500000       103.487534    
   79.0000000       96.8348618    
   79.2500000       90.6665192    
   79.5000000       85.1946640    
   79.7500000       80.5804062    
   80.0000000       76.9848633    
   80.2500000       74.5534973    
   80.5000000       73.3691177    
   80.7500000       73.4988632    
   81.0000000       75.0098648    
   81.2500000       77.9716339    
   81.5000000       82.4630432    
   81.7500000       88.5653763    
   82.0000000       96.3598633    
   82.2500000       105.916824    
   82.5000000       117.262863    
   82.7500000       130.413651    
   83.0000000       145.384857    
   83.2500000       162.151108    
   83.5000000       180.522797    
   83.7500000       200.269272    
   84.0000000       221.159866    
   84.2500000       242.911758    
   84.5000000       265.033325    
   84.7500000       286.980652    
   85.0000000       308.209869    
   85.2500000       328.208313    
   85.5000000       346.587616    
   85.7500000       362.990540    
   86.0000000       377.059875    
   86.2500000       388.475189    
   86.5000000       397.063019    
   86.7500000       402.686768    
   87.0000000       405.209900    
   87.2500000       404.561981    
   87.5000000       400.938354    
   87.7500000       394.600494    
   88.0000000       385.809875    
   88.2500000       374.869293    
   88.5000000       362.245972    
   88.7500000       348.448334    
   89.0000000       333.984863    
   89.2500000       319.340027    
   89.5000000       304.902649    
   89.7500000       291.037628    
   90.0000000       278.109863    
   90.2500000       266.428253    
   90.5000000       256.077667    
   90.7500000       247.086899    
   91.0000000       239.484863    
   91.2500000       233.264740    
   91.5000000       228.277191    
   91.7500000       224.337219    
   92.0000000       221.259872    
   92.2500000       218.877472    
   92.5000000       217.091599    
   92.7500000       215.821106    
   93.0000000       214.984863    
   93.2500000       214.519730    
   93.5000000       214.434418    
   93.7500000       214.755569    
   94.0000000       215.509872    
   94.2500000       216.691864    
   94.5000000       218.167465    
   94.7500000       219.770554    
   95.0000000       221.334869    
   95.2500000       222.693939    
   95.5000000       223.679901    
   95.7500000       224.124588    
   96.0000000       223.859863    
   96.2500000       222.774811    
   96.5000000       220.987732    
   96.7500000       218.674210    
   97.0000000       216.009857    
   97.2500000       213.153885    
   97.5000000       210.200211    
   97.7500000       207.226364    
   98.0000000       204.309860    
   98.2500000       201.530472    
   98.5000000       198.976822    
   98.7500000       196.739685    
   99.0000000       194.909866    
   99.2500000       193.600159    
   99.5000000       193.011078    
   99.7500000       193.365128    
   100.000000       194.884857    
   100.250000       197.742935    
   100.500000       201.913040    
   100.750000       207.319061    
   101.000000       213.884857    
   101.250000       221.518463    
   101.500000       230.064636    
   101.750000       239.352158    
   102.000000       249.209869    
   102.250000       259.470032    
   102.500000       269.978241    
   102.750000       280.583496    
   103.000000       291.134857    
   103.250000       301.478577    
   103.500000       311.450348    
   103.750000       320.883118    
   104.000000       329.609863    
   104.250000       337.480255    
   104.500000       344.410828    
   104.750000       350.334656    
   105.000000       355.184875    
   105.250000       358.887604    
   105.500000       361.340576    
   105.750000       362.434448    
   106.000000       362.059875    
   106.250000       360.126587    
   106.500000       356.620422    
   106.750000       351.546570    
   107.000000       344.909882    
   107.250000       336.786896    
   107.500000       327.540009    
   107.750000       317.603058    
   108.000000       307.409851    
   108.250000       297.296692    
   108.500000       287.209869    
   108.750000       276.998016    
   109.000000       266.509888    
   109.250000       255.608856    
   109.500000       244.217178    
   109.750000       232.271881    
   110.000000       219.709869    
   110.250000       206.622452    
   110.500000       193.718109    
   110.750000       181.859634    
   111.000000       171.909866    
   111.250000       164.472305    
   111.500000       159.113358    
   111.750000       155.140182    

