#TitleText:Ni(001)-(5x5)-Li     Beam (1/5,0)              Rfac10=       0.3754
 #"IV exp
   21.250000000000000        458.41086147631324     
   21.500000000000000        464.14337836210109     
   21.750000000000000        473.59920606683852     
   22.000000000000000        488.63999999999999     
   22.250000000000000        511.34583828658572     
   22.500000000000000        544.67048991369666     
   22.750000000000000        591.78614658395929     
   23.000000000000000        655.86500000000001     
   23.250000000000000        740.08211350234421     
   23.500000000000000        847.62403698311232     
   23.750000000000000        981.68019197232422     
   24.000000000000000        1145.4400000000001     
   24.250000000000000        1341.5016452040379     
   24.500000000000000        1570.0983621538542     
   24.750000000000000        1830.8721480267434     
   25.000000000000000        2123.4650000000001     
   25.250000000000000        2446.1052119315036     
   25.500000000000000        2791.3662644014707     
   25.750000000000000        3150.4079346707031     
   26.000000000000000        3514.3899999999999     
   26.250000000000000        3873.7425070699464     
   26.500000000000000        4215.9765802402617     
   26.750000000000000        4527.8736132904460     
   27.000000000000000        4796.2150000000011     
   27.250000000000000        5010.2319472887111     
   27.500000000000000        5168.9549146374857     
   27.750000000000000        5273.8641746675185     
   28.000000000000000        5326.4400000000005     
   28.250000000000000        5329.4911881502148     
   28.500000000000000        5291.1406362097987     
   28.750000000000000        5220.8397661644840     
   29.000000000000000        5128.0400000000000     
   29.250000000000000        5021.0362688604355     
   29.500000000000000        4903.4975405233217     
   29.750000000000000        4777.9362919245468     
   30.000000000000000        4646.8650000000007     
   30.250000000000000        4512.5564707830445     
   30.500000000000000        4376.3248266969176     
   30.750000000000000        4239.2445192623327     
   31.000000000000000        4102.3900000000003     
   31.250000000000000        3967.1001136323921     
   31.500000000000000        3835.7712776890121     
   31.750000000000000        3711.0643029011267     
   32.000000000000000        3595.6399999999999     
   32.250000000000000        3491.9002621873901     
   32.500000000000000        3401.2113125470337     
   32.750000000000000        3324.6804566331598     
   33.000000000000000        3263.4149999999995     
   33.250000000000000        3217.2587594930465     
   33.500000000000000        3181.0015971228518     
   33.750000000000000        3148.1698861912309     
   34.000000000000000        3112.2899999999995     
   34.250000000000000        3066.9484498404213     
   34.500000000000000        3005.9722989615566     
   34.750000000000000        2923.2487486019131     
   35.000000000000000        2812.6649999999995     
   35.250000000000000        2670.3558005202649     
   35.500000000000000        2501.4460820309196     
   35.750000000000000        2313.3083225261144     
   36.000000000000000        2113.3150000000001     
   36.250000000000000        1908.9913949535169     
   36.500000000000000        1708.4739979147637     
   36.750000000000000        1520.0521019186285     
   37.000000000000000        1352.0150000000001     
   37.250000000000000        1210.8588540406677     
   37.500000000000000        1095.9073013100262     
   37.750000000000000        1004.6908479243717     
   38.000000000000000        934.74000000000001     
   38.250000000000000        883.30225138381240     
   38.500000000000000        846.49304684513152     
   38.750000000000000        820.14481888388480     
   39.000000000000000        800.09000000000003     
   39.250000000000000        782.69128104908259     
   39.500000000000000        766.43238630944813     
   39.750000000000000        750.32729841508956     
   40.000000000000000        733.38999999999999     
   40.250000000000000        714.81246816985697     
   40.500000000000000        694.49865791707600     
   40.750000000000000        672.53051870575712     
   41.000000000000000        648.99000000000001     
   41.250000000000000        624.03400252148958     
   41.500000000000000        598.11923202224796     
   41.750000000000000        571.77734551188246     
   42.000000000000000        545.53999999999996     
   42.250000000000000        519.89269361918525     
   42.500000000000000        495.13628899393234     
   42.750000000000000        471.52548987171338     
   43.000000000000000        449.31500000000000     
   43.250000000000000        428.64811362676971     
   43.500000000000000        409.22248700202255     
   43.750000000000000        390.62436687626405     

