#TitleText:Ni(001)-(5x5)-Li     Beam (2/5,1/5)            Rfac10=       0.8948
 #"IV exp
   40.25000       39.86419    
   40.50000       33.31701    
   40.75000       27.44107    
   41.00000       22.57197    
   41.25000       18.96166    
   41.50000       16.52746    
   41.75000       15.10301    
   42.00000       14.52197    
   42.25000       14.60458    
   42.50000       15.11747    
   42.75000       15.81386    
   43.00000       16.44697    
   43.25000       16.82370    
   43.50000       16.96571    
   43.75000       16.94835    
   44.00000       16.84697    
   44.25000       16.73907    
   44.50000       16.71086    
   44.75000       16.85070    
   45.00000       17.24697    
   45.25000       17.98894    
   45.50000       19.16955    
   45.75000       20.88261    
   46.00000       23.22197    
   46.25000       26.27876    
   46.50000       30.13339    
   46.75000       34.86356    
   47.00000       40.54697    
   47.25000       47.21414    
   47.50000       54.70682    
   47.75000       62.81958    
   48.00000       71.34696    
   48.25000       80.10312    
   48.50000       88.98048    
   48.75000       97.89109    
   49.00000       106.7470    
   49.25000       115.4645    
   49.50000       123.9780    
   49.75000       132.2259    
   50.00000       140.1470    
   50.25000       147.6732    
   50.50000       154.7111    
   50.75000       161.1607    
   51.00000       166.9220    
   51.25000       171.9212    
   51.50000       176.1905    
   51.75000       179.7879    
   52.00000       182.7720    
   52.25000       185.2025    
   52.50000       187.1463    
   52.75000       188.6716    
   53.00000       189.8470    
   53.25000       190.7251    
   53.50000       191.2968    
   53.75000       191.5374    
   54.00000       191.4220    
   54.25000       190.9491    
   54.50000       190.2106    
   54.75000       189.3215    
   55.00000       188.3970    
   55.25000       187.5364    
   55.50000       186.7769    
   55.75000       186.1399    
   56.00000       185.6469    
   56.25000       185.2745    
   56.50000       184.8197    
   56.75000       184.0348    
   57.00000       182.6720    
   57.25000       180.5320    
   57.50000       177.6102    
   57.75000       173.9505    
   58.00000       169.5970    
   58.25000       164.6258    
   58.50000       159.2431    
   58.75000       153.6874    
   59.00000       148.1969    
   59.25000       142.9629    
   59.50000       137.9864    
   59.75000       133.2215    
   60.00000       128.6220    
   60.25000       124.1435    
   60.50000       119.7490    
   60.75000       115.4036    
   61.00000       111.0720    
   61.25000       106.7544    
   61.50000       102.5929    
   61.75000       98.76463    
   62.00000       95.44696    
   62.25000       92.76981    
   62.50000       90.67366    
   62.75000       89.05167    
   63.00000       87.79697    
   63.25000       86.81453    
   63.50000       86.05674    
   63.75000       85.48781    
   64.00000       85.07196    
   64.25000       84.78003    
   64.50000       84.60929    
   64.75000       84.56364    
   65.00000       84.64697    
   65.25000       84.84597    
   65.50000       85.07851    
   65.75000       85.24529    
   66.00000       85.24696    
   66.25000       85.01087    
   66.50000       84.57094    
   66.75000       83.98777    
   67.00000       83.32196    
   67.25000       82.60016    
   67.50000       81.71326    
   67.75000       80.51821    
   68.00000       78.87196    
   68.25000       76.64526    
   68.50000       73.76405    
   68.75000       70.16805    
   69.00000       65.79697    
   69.25000       60.66422    
   69.50000       55.07794    
   69.75000       49.41992    
   70.00000       44.07197    
   70.25000       39.35620    
   70.50000       35.35598    
   70.75000       32.09501    
   71.00000       29.59697    
   71.25000       27.84592    
   71.50000       26.66743    
   71.75000       25.84747    
   72.00000       25.17197    
   72.25000       24.49116    
   72.50000       23.91234    
   72.75000       23.60709    
   73.00000       23.74697    
   73.25000       24.49078    
   73.50000       25.94625    
   73.75000       28.20833    
   74.00000       31.37197    
   74.25000       35.52009    
   74.50000       40.68756    
   74.75000       46.89724    
   75.00000       54.17197    
   75.25000       62.50284    
   75.50000       71.75402    
   75.75000       81.75792    
   76.00000       92.34696    
   76.25000       103.3488    
   76.50000       114.5719    
   76.75000       125.8200    
   77.00000       136.8970    
   77.25000       147.6179    
   77.50000       157.8434    
   77.75000       167.4457    
   78.00000       176.2970    
   78.25000       184.2600    
   78.50000       191.1613    
   78.75000       196.8178    
   79.00000       201.0470    
   79.25000       203.7183    
   79.50000       204.9120    
   79.75000       204.7607    
   80.00000       203.3970    
   80.25000       200.9336    
   80.50000       197.4036    
   80.75000       192.8203    
   81.00000       187.1969    
   81.25000       180.5702    
   81.50000       173.0708    
   81.75000       164.8533    
   82.00000       156.0720    
   82.25000       146.9409    
   82.50000       137.9135    
   82.75000       129.5028    
   83.00000       122.2220    
   83.25000       116.5003    
   83.50000       112.4320    
   83.75000       110.0274    
   84.00000       109.2970    
   84.25000       110.2542    
   84.50000       112.9248    
   84.75000       117.3377    
   85.00000       123.5220    
   85.25000       131.5098    
   85.50000       141.3475    
   85.75000       153.0850    
   86.00000       166.7720    
   86.25000       182.3951    
   86.50000       199.6886    
   86.75000       218.3238    
   87.00000       237.9719    
   87.25000       258.3370    
   87.50000       279.2546    
   87.75000       300.5934    
   88.00000       322.2219    
   88.25000       344.0214    
   88.50000       365.9244    
   88.75000       387.8761    
   89.00000       409.8219    
   89.25000       431.7039    
   89.50000       453.4514    
   89.75000       474.9904    
   90.00000       496.2469    
   90.25000       517.1312    
   90.50000       537.4893    
   90.75000       557.1512    
   91.00000       575.9470    
   91.25000       593.7181    
   91.50000       610.3514    
   91.75000       625.7449    
   92.00000       639.7969    
   92.25000       652.4093    
   92.50000       663.4993    
   92.75000       672.9882    
   93.00000       680.7969    
   93.25000       686.8253    
   93.50000       690.8862    
   93.75000       692.7712    
   94.00000       692.2720    
   94.25000       689.2239    
   94.50000       683.6379    
   94.75000       675.5690    
   95.00000       665.0720    
   95.25000       652.2251    
   95.50000       637.2003    
   95.75000       620.1924    
   96.00000       601.3969    
   96.25000       581.0295    
   96.50000       559.3896    
   96.75000       536.7971    
   97.00000       513.5720    
   97.25000       490.0073    
   97.50000       466.2885    
   97.75000       442.5739    
   98.00000       419.0219    
   98.25000       395.7924    
   98.50000       373.0505    
   98.75000       350.9631    
   99.00000       329.6969    
   99.25000       309.4459    
   99.50000       290.5129    
   99.75000       273.2282    
   100.0000       257.9219    
   100.2500       244.8502    
   100.5000       233.9732    
   100.7500       225.1767    
   101.0000       218.3469    
   101.2500       213.3344    
   101.5000       209.8479    
   101.7500       207.5609    
   102.0000       206.1470    
   102.2500       205.2967    
   102.5000       204.7700    
   102.7500       204.3444    
   103.0000       203.7970    
   103.2500       202.9521    
   103.5000       201.8225    
   103.7500       200.4676    
   104.0000       198.9470    
   104.2500       197.3148    
   104.5000       195.6030    
   104.7500       193.8383    
 
