#TitleText:Ni(001)-(5x5)-Li     Beam (4/5,1/5)            Rfac10=       1.1001
 #"IV exp
   40.2500000       230.526047    
   40.5000000       227.554688    
   40.7500000       224.411789    
   41.0000000       221.011597    
   41.2500000       217.286102    
   41.5000000       213.238571    
   41.7500000       208.890045    
   42.0000000       204.261597    
   42.2500000       199.397186    
   42.5000000       194.432480    
   42.7500000       189.526077    
   43.0000000       184.836594    
   43.2500000       180.501373    
   43.5000000       176.572952    
   43.7500000       173.082596    
   44.0000000       170.061600    
   44.2500000       167.531326    
   44.5000000       165.473434    
   44.7500000       163.859619    
   45.0000000       162.661591    
   45.2500000       161.860062    
   45.5000000       161.471634    
   45.7500000       161.521942    
   46.0000000       162.036606    
   46.2500000       163.048828    
   46.5000000       164.622162    
   46.7500000       166.827713    
   47.0000000       169.736588    
   47.2500000       173.421249    
   47.5000000       177.959305    
   47.7500000       183.429764    
   48.0000000       189.911606    
   48.2500000       197.456894    
   48.5000000       206.010193    
   48.7500000       215.489197    
   49.0000000       225.811600    
   49.2500000       236.910675    
   49.5000000       248.782043    
   49.7500000       261.436951    
   50.0000000       274.886597    
   50.2500000       289.152832    
   50.5000000       304.299988    
   50.7500000       320.402924    
   51.0000000       337.536560    
   51.2500000       355.766235    
   51.5000000       375.118774    
   51.7500000       395.611481    
   52.0000000       417.261597    
   52.2500000       440.048218    
   52.5000000       463.797546    
   52.7500000       488.297638    
   53.0000000       513.336548    
   53.2500000       538.648315    
   53.5000000       563.751099    
   53.7500000       588.109131    
   54.0000000       611.186584    
   54.2500000       632.483337    
   54.5000000       651.642273    
   54.7500000       668.342163    
   55.0000000       682.261597    
   55.2500000       693.045715    
   55.5000000       700.205444    
   55.7500000       703.218262    
   56.0000000       701.561584    
   56.2500000       694.885864    
   56.5000000       683.533569    
   56.7500000       668.020264    
   57.0000000       648.861572    
   57.2500000       626.692139    
   57.5000000       602.623535    
   57.7500000       577.886475    
   58.0000000       553.711609    
   58.2500000       531.098572    
   58.5000000       510.122894    
   58.7500000       490.629089    
   59.0000000       472.461548    
   59.2500000       455.445984    
   59.5000000       439.332428    
   59.7500000       423.852203    
   60.0000000       408.736572    
   60.2500000       393.782257    
   60.5000000       379.047974    
   60.7500000       364.658020    
   61.0000000       350.736572    
   61.2500000       337.374939    
   61.5000000       324.532593    
   61.7500000       312.135956    
   62.0000000       300.111572    
   62.2500000       288.406525    
   62.5000000       277.050507    
   62.7500000       266.093750    
   63.0000000       255.586609    
   63.2500000       245.565674    
   63.5000000       236.013077    
   63.7500000       226.897232    
   64.0000000       218.186600    
   64.2500000       209.853882    
   64.5000000       201.888718    
   64.7500000       194.285004    
   65.0000000       187.036606    
   65.2500000       180.159882    
   65.5000000       173.761047    
   65.7500000       167.968719    
   66.0000000       162.911591    
   66.2500000       158.676178    
   66.5000000       155.180481    
   66.7500000       152.300323    
   67.0000000       149.911591    
   67.2500000       147.917053    
   67.5000000       146.327225    
   67.7500000       145.179581    
   68.0000000       144.511597    
   68.2500000       144.361511    
   68.5000000       144.770813    
   68.7500000       145.781769    
   69.0000000       147.436600    
   69.2500000       149.747452    
   69.5000000       152.605942    
   69.7500000       155.873505    
   70.0000000       159.411606    
   70.2500000       163.106522    
   70.5000000       166.943771    
   70.7500000       170.933685    
   71.0000000       175.086594    
   71.2500000       179.417145    
   71.5000000       183.957321    
   71.7500000       188.743393    
   72.0000000       193.811600    
   72.2500000       199.188187    
   72.5000000       204.859009    
   72.7500000       210.799881    
   73.0000000       216.986588    
   73.2500000       223.387970    
   73.5000000       229.944962    
   73.7500000       236.591522    
   74.0000000       243.261612    
   74.2500000       249.892014    
   74.5000000       256.430725    
   74.7500000       262.828644    
   75.0000000       269.036591    
   75.2500000       275.003906    
   75.5000000       280.673615    
   75.7500000       285.987335    
   76.0000000       290.886597    
   76.2500000       295.298370    
   76.5000000       299.091278    
   76.7500000       302.119324    
   77.0000000       304.236572    
   77.2500000       305.324127    
   77.5000000       305.371429    
   77.7500000       304.395081    
   78.0000000       302.411591    
   78.2500000       299.470764    
   78.5000000       295.755005    
   78.7500000       291.480072    
   79.0000000       286.861572    
   79.2500000       282.091736    
   79.5000000       277.268707    
   79.7500000       272.467102    
   80.0000000       267.761597    
   80.2500000       263.222412    
   80.5000000       258.902252    
   80.7500000       254.849228    
   81.0000000       251.111588    
   81.2500000       247.743149    
   81.5000000       244.820023    
   81.7500000       242.423920    
   82.0000000       240.636597    
   82.2500000       239.534302    
   82.5000000       239.171616    
   82.7500000       239.597687    
   83.0000000       240.861603    
   83.2500000       242.986115    
   83.5000000       245.888107    
   83.7500000       249.458084    
   84.0000000       253.586594    
   84.2500000       258.173676    
   84.5000000       263.158081    
   84.7500000       268.487946    
   85.0000000       274.111603    
   85.2500000       280.002319    
   85.5000000       286.233551    
   85.7500000       292.903809    
   86.0000000       300.111603    
   86.2500000       307.899902    
   86.5000000       316.089813    
   86.7500000       324.446838    
   87.0000000       332.736572    
   87.2500000       340.726898    
   87.5000000       348.195435    
   87.7500000       354.922028    
   88.0000000       360.686584    
   88.2500000       365.318481    
   88.5000000       368.844788    
   88.7500000       371.342010    
   89.0000000       372.886597    
   89.2500000       373.541687    
   89.5000000       373.316803    
   89.7500000       372.208069    
   90.0000000       370.211609    
   90.2500000       367.311737    
   90.5000000       363.445160    
   90.7500000       358.536804    
   91.0000000       352.511597    
   91.2500000       345.350983    
   91.5000000       337.262817    
   91.7500000       328.511536    
   92.0000000       319.361572    
   92.2500000       310.062897    
   92.5000000       300.807526    
   92.7500000       291.772888    
   93.0000000       283.136566    
   93.2500000       275.011383    
   93.5000000       267.251617    
   93.7500000       259.646790    
   94.0000000       251.986603    
   94.2500000       244.109070    
   94.5000000       236.046204    
   94.7500000       227.878555    
   95.0000000       219.686600    
   95.2500000       211.569992    
   95.5000000       203.705017    
   95.7500000       196.287079    
   96.0000000       189.511612    
   96.2500000       183.520035    
   96.5000000       178.237717    
   96.7500000       173.536102    
   97.0000000       169.286606    
   97.2500000       165.366455    
   97.5000000       161.676254    
   97.7500000       158.122482    
   98.0000000       154.611603    
   98.2500000       151.092422    
   98.5000000       147.683151    
   98.7500000       144.544342    
   99.0000000       141.836594    
   99.2500000       139.699890    
   99.5000000       138.192001    
   99.7500000       137.350174    
   100.000000       137.211594    
   100.250000       137.827194    
   100.500000       139.302750    
   100.750000       141.757721    
   101.000000       145.311600    
   101.250000       150.067917    
   101.500000       156.066559    
   101.750000       163.331451    
   102.000000       171.886597    
   102.250000       181.702759    
   102.500000       192.538116    
   102.750000       204.097733    
   103.000000       216.086594    
   103.250000       228.269516    
   103.500000       240.650497    
   103.750000       253.293274    
   104.000000       266.261597    
   104.250000       279.605530    
   104.500000       293.320099    
   104.750000       307.386658    
   105.000000       321.786591    
   105.250000       336.478394    
   105.500000       351.329376    
   105.750000       366.183929    
   106.000000       380.886597    
   106.250000       395.330566    
   106.500000       409.603943    
   106.750000       423.843628    
   107.000000       438.186584    
   107.250000       452.740479    
   107.500000       467.496368    
   107.750000       482.416077    
   108.000000       497.461578    
   108.250000       512.617737    
   108.500000       527.961426    
   108.750000       543.592712    
   109.000000       559.611572    
   109.250000       576.122986    
   109.500000       593.252380    
   109.750000       611.130127    
   110.000000       629.886597    
   110.250000       649.579285    
   110.500000       669.973572    
   110.750000       690.761841    
   111.000000       711.636536    
   111.250000       732.331665    
   111.500000       752.747742    
   111.750000       772.826965    
   112.000000       792.511536    
   112.250000       811.752075    
   112.500000       830.532898    
   112.750000       848.846802    
   113.000000       866.686523    
   113.250000       884.026550    
   113.500000       900.768005    
   113.750000       916.793762    
   114.000000       931.986572    
   114.250000       946.229736    
   114.500000       959.408142    
   114.750000       971.407043    
   115.000000       982.111633    
   115.250000       991.451721    
   115.500000       999.534729    
   115.750000       1006.51233    
   116.000000       1012.53656    
   116.250000       1017.77515    
   116.500000       1022.46008    
   116.750000       1026.83960    
   117.000000       1031.16162    
   117.250000       1035.59534    
   117.500000       1039.99438    
   117.750000       1044.13318    
   118.000000       1047.78662    
   118.250000       1050.81946    
   118.500000       1053.45740    
   118.750000       1056.01624    
   119.000000       1058.81165    
   119.250000       1062.05164    
   119.500000       1065.51160    
   119.750000       1068.85901    
   120.000000       1071.76160    
   120.250000       1073.84668    
   120.500000       1074.58179    
   120.750000       1073.39429    
   121.000000       1069.71167    
   121.250000       1063.18457    
   121.500000       1054.35632    
   121.750000       1043.99316    
   122.000000       1032.86169    
   122.250000       1021.63641    
   122.500000       1010.62549    
   122.750000       1000.04517    
   123.000000       990.111633    
   123.250000       980.936035    
   123.500000       972.208374    
   123.750000       963.513550    
   124.000000       954.436523    
   124.250000       944.618103    
   124.500000       933.923035    
   124.750000       922.272339    
   125.000000       909.586609    
   125.250000       895.791138    
   125.500000       880.828186    
   125.750000       864.644470    
   126.000000       847.186584    
   126.250000       828.437317    
   126.500000       808.524292    
   126.750000       787.611145    
   127.000000       765.861511    
   127.250000       743.466370    
   127.500000       720.725220    
   127.750000       697.964722    
   128.000000       675.511597    
   128.250000       653.619995    
   128.500000       632.253601    
   128.750000       611.303711    
   129.000000       590.661621    
   129.250000       570.203003    
   129.500000       549.742493    
   129.750000       529.079041    
   130.000000       508.011597    
   130.250000       486.420715    
   130.500000       464.511749    
   130.750000       442.571472    
   131.000000       420.886566    
   131.250000       399.725067    
   131.500000       379.280029    
   131.750000       359.725769    
   132.000000       341.236572    
   132.250000       323.874207    
   132.500000       307.250061    
   132.750000       290.862946    
   133.000000       274.211578    
   133.250000       256.935364    
   133.500000       239.235992    
   133.750000       221.455658    
   134.000000       203.936600    
   134.250000       187.024506    
   134.500000       171.078659    
   134.750000       156.461792    
   135.000000       143.536591    
   135.250000       132.535416    
   135.500000       123.168953    
   135.750000       115.017570    
   136.000000       107.661591    
   136.250000       100.804985    
   136.500000       94.6463242    
   136.750000       89.5077972    
   137.000000       85.7115936    
   137.250000       83.5036469    
   137.500000       82.8246918    
   137.750000       83.5391846    
   138.000000       85.5115967    
   138.250000       88.5050812    
   138.500000       91.8776245    
   138.750000       94.8859024    
   139.000000       96.7865906    
   139.250000       97.0373840    
   139.500000       95.9000015    
   139.750000       93.8371582    

