#TitleText:Ni(001)-(5x5)-Li     Beam (1,2/5)              Rfac10=       1.2897
 #"IV exp
   63.2500000       188.820374    
   63.5000000       185.525635    
   63.7500000       182.523880    
   64.0000000       179.961609    
   64.2500000       177.963821    
   64.5000000       176.569534    
   64.7500000       175.796295    
   65.0000000       175.661606    
   65.2500000       176.183044    
   65.5000000       177.378342    
   65.7500000       179.265259    
   66.0000000       181.861603    
   66.2500000       185.186127    
   66.5000000       189.261734    
   66.7500000       194.112289    
   67.0000000       199.761612    
   67.2500000       206.219772    
   67.5000000       213.441223    
   67.7500000       221.366608    
   68.0000000       229.936600    
   68.2500000       239.066162    
   68.5000000       248.568008    
   68.7500000       258.229126    
   69.0000000       267.836609    
   69.2500000       277.205444    
   69.5000000       286.262634    
   69.7500000       294.963013    
   70.0000000       303.261597    
   70.2500000       311.109802    
   70.5000000       318.444946    
   70.7500000       325.200928    
   71.0000000       331.311646    
   71.2500000       336.686401    
   71.5000000       341.136658    
   71.7500000       344.449402    
   72.0000000       346.411621    
   72.2500000       346.845642    
   72.5000000       345.715637    
   72.7500000       343.021118    
   73.0000000       338.761597    
   73.2500000       332.975586    
   73.5000000       325.857849    
   73.7500000       317.641907    
   74.0000000       308.561584    
   74.2500000       298.845764    
   74.5000000       288.703918    
   74.7500000       278.340942    
   75.0000000       267.961609    
   75.2500000       257.737976    
   75.5000000       247.711685    
   75.7500000       237.891586    
   76.0000000       228.286606    
   76.2500000       218.943756    
   76.5000000       210.062653    
   76.7500000       201.881042    
   77.0000000       194.636597    
   77.2500000       188.554214    
   77.5000000       183.807251    
   77.7500000       180.556229    
   78.0000000       178.961609    
   78.2500000       179.128525    
   78.5000000       180.940430    
   78.7500000       184.225418    
   79.0000000       188.811600    
   79.2500000       194.543533    
   79.5000000       201.331940    
   79.7500000       209.103897    
   80.0000000       217.786621    
   80.2500000       227.301682    
   80.5000000       237.548416    
   80.7500000       248.420456    
   81.0000000       259.811584    
   81.2500000       271.601379    
   81.5000000       283.612915    
   81.7500000       295.654968    
   82.0000000       307.536621    
   82.2500000       319.056152    
   82.5000000       329.969727    
   82.7500000       340.023010    
   83.0000000       348.961609    
   83.2500000       356.573792    
   83.5000000       362.818481    
   83.7500000       367.697266    
   84.0000000       371.211609    
   84.2500000       373.390869    
   84.5000000       374.375854    
   84.7500000       374.334900    
   85.0000000       373.436584    
   85.2500000       371.832947    
   85.5000000       369.610168    
   85.7500000       366.838074    
   86.0000000       363.586609    
   86.2500000       359.921204    
   86.5000000       355.890625    
   86.7500000       351.539246    
   87.0000000       346.911621    
   87.2500000       342.033875    
   87.5000000       336.859558    
   87.7500000       331.323730    
   88.0000000       325.361633    
   88.2500000       318.928833    
   88.5000000       312.062744    
   88.7500000       304.821045    
   89.0000000       297.261597    
   89.2500000       289.447449    
   89.5000000       281.462402    
   89.7500000       273.395752    
   90.0000000       265.336609    
   90.2500000       257.375427    
   90.5000000       249.607361    
   90.7500000       242.128937    
   91.0000000       235.036606    
   91.2500000       228.397964    
   91.5000000       222.165298    
   91.7500000       216.262024    
   92.0000000       210.611603    
   92.2500000       205.144943    
   92.5000000       199.822952    
   92.7500000       194.614044    
   93.0000000       189.486603    
   93.2500000       184.472336    
   93.5000000       179.856232    
   93.7500000       175.986572    
   94.0000000       173.211609    
   94.2500000       171.761490    
   94.5000000       171.393600    
   94.7500000       171.747238    

