#TitleText:Ni(001)-(5x5)-Li     Beam (4/5,3/5)            Rfac10=       0.9669
 #"IV exp
   68.25000       52.19239    
   68.50000       59.45548    
   68.75000       66.50111    
   69.00000       73.22057    
   69.25000       79.51540    
   69.50000       85.32835    
   69.75000       90.61240    
   70.00000       95.32057    
   70.25000       99.39323    
   70.50000       102.7202    
   70.75000       105.1786    
   71.00000       106.6456    
   71.25000       107.0425    
   71.50000       106.4675    
   71.75000       105.0627    
   72.00000       102.9706    
   72.25000       100.3363    
   72.50000       97.31772    
   72.75000       94.07553    
   73.00000       90.77057    
   73.25000       87.51803    
   73.50000       84.25071    
   73.75000       80.85581    
   74.00000       77.22057    
   74.25000       73.26694    
   74.50000       69.05598    
   74.75000       64.68359    
   75.00000       60.24558    
   75.25000       55.85134    
   75.50000       51.66440    
   75.75000       47.86179    
   76.00000       44.62058    
   76.25000       42.05351    
   76.50000       40.01614    
   76.75000       38.29974    
   77.00000       36.69558    
   77.25000       35.02332    
   77.50000       33.21637    
   77.75000       31.23652    
   78.00000       29.04558    
   78.25000       26.64189    
   78.50000       24.16996    
   78.75000       21.81084    
   79.00000       19.74558    
   79.25000       18.12088    
   79.50000       16.94602    
   79.75000       16.19595    
   80.00000       15.84558    
   80.25000       15.85940    
   80.50000       16.16005    
   80.75000       16.65972    
   81.00000       17.27058    
   81.25000       17.90836    
   81.50000       18.50287    
   81.75000       18.98750    
   82.00000       19.29558    
   82.25000       19.38144    
   82.50000       19.28318    
   82.75000       19.05988    
   83.00000       18.77058    
   83.25000       18.47843    
   83.50000       18.26287    
   83.75000       18.20741    
   84.00000       18.39558    
   84.25000       18.89707    
   84.50000       19.72631    
   84.75000       20.88394    
   85.00000       22.37058    
   85.25000       24.18296    
   85.50000       26.30223    
   85.75000       28.70569    
   86.00000       31.37058    
   86.25000       34.25552    
   86.50000       37.24447    
   86.75000       40.20272    
   87.00000       42.99558    
   87.25000       45.52077    
   87.50000       47.80585    
   87.75000       49.91079    
   88.00000       51.89558    
   88.25000       53.82900    
   88.50000       55.81499    
   88.75000       57.96627    
   89.00000       60.39558    
   89.25000       63.17068    
   89.50000       66.17953    
   89.75000       69.26517    
   90.00000       72.27057    
   90.25000       75.06446    
   90.50000       77.61842    
   90.75000       79.92969    
   91.00000       81.99557    
   91.25000       83.82887    
   91.50000       85.50460    
   91.75000       87.11332    
   92.00000       88.74557    
   92.25000       90.48956    
   92.50000       92.42408    
   92.75000       94.62560    
   93.00000       97.17057    
   93.25000       100.1105    
   93.50000       103.3975    
   93.75000       106.9585    
   94.00000       110.7206    
   94.25000       114.6030    
   94.50000       118.4938    
   94.75000       122.2729    
   95.00000       125.8206    
   95.25000       129.0352    
   95.50000       131.8884    
   95.75000       134.3701    
   96.00000       136.4706    
   96.25000       138.1809    
   96.50000       139.4981    
   96.75000       140.4202    
   97.00000       140.9456    
   97.25000       141.1157    
   97.50000       141.1458    
   97.75000       141.2946    
   98.00000       141.8206    
   98.25000       142.9097    
   98.50000       144.4576    
   98.75000       146.2869    
   99.00000       148.2206    
   99.25000       150.0695    
   99.50000       151.5973    
   99.75000       152.5555    
   100.0000       152.6956    
   100.2500       151.8261    
   100.5000       149.9829    
   100.7500       147.2585    
   101.0000       143.7456    
   101.2500       139.5291    
   101.5000       134.6634    
   101.7500       129.1950    
   102.0000       123.1706    
   102.2500       116.6555    
   102.5000       109.7901    
   102.7500       102.7337    
   103.0000       95.64558    
   103.2500       88.65219    
   103.5000       81.74964    
   103.7500       74.90130    
   104.0000       68.07058    
   104.2500       61.22720    
   104.5000       54.36607    
   104.7500       47.48845    
   105.0000       40.59558    
   105.2500       33.68908    
   105.5000       26.77209    
   105.7500       19.84808    
 
