#TitleText:Ni(001)-(5x5)-Li     Beam (1/5,1/5)            Rfac10=       0.2025
 #"IV exp
   60.2500000       349.436462    
   60.5000000       383.824066    
   60.7500000       418.536530    
   61.0000000       453.736267    
   61.2500000       489.617767    
   61.5000000       526.504028    
   61.7500000       564.750244    
   62.0000000       604.711304    
   62.2500000       646.649475    
   62.5000000       690.455383    
   62.7500000       735.926819    
   63.0000000       782.861267    
   63.2500000       831.003174    
   63.5000000       879.882568    
   63.7500000       928.976318    
   64.0000000       977.761230    
   64.2500000       1025.84265    
   64.5000000       1073.34131    
   64.7500000       1120.50598    
   65.0000000       1167.58630    
   65.2500000       1214.77454    
   65.5000000       1262.03577    
   65.7500000       1309.27856    
   66.0000000       1356.41125    
   66.2500000       1403.40588    
   66.5000000       1450.48962    
   66.7500000       1497.95288    
   67.0000000       1546.08630    
   67.2500000       1595.13696    
   67.5000000       1645.17664    
   67.7500000       1696.23376    
   68.0000000       1748.33630    
   68.2500000       1801.34973    
   68.5000000       1854.48718    
   68.7500000       1906.79932    
   69.0000000       1957.33630    
   69.2500000       2005.35999    
   69.5000000       2050.97656    
   69.7500000       2094.50439    
   70.0000000       2136.26123    
   70.2500000       2176.53369    
   70.5000000       2215.48047    
   70.7500000       2253.23047    
   71.0000000       2289.91113    
   71.2500000       2325.51416    
   71.5000000       2359.48193    
   71.7500000       2391.12061    
   72.0000000       2419.73633    
   72.2500000       2444.58105    
   72.5000000       2464.69092    
   72.7500000       2479.04834    
   73.0000000       2486.63623    
   73.2500000       2486.55518    
   73.5000000       2478.38135    
   73.7500000       2461.81006    
   74.0000000       2436.53613    
   74.2500000       2402.54736    
   74.5000000       2361.00391    
   74.7500000       2313.35742    
   75.0000000       2261.06152    
   75.2500000       2205.33740    
   75.5000000       2146.48389    
   75.7500000       2084.56934    
   76.0000000       2019.66138    
   76.2500000       1951.93677    
   76.5000000       1882.00671    
   76.7500000       1810.59155    
   77.0000000       1738.41125    
   77.2500000       1666.43018    
   77.5000000       1596.59119    
   77.7500000       1531.08093    
   78.0000000       1472.08630    
   78.2500000       1421.23755    
   78.5000000       1377.93701    
   78.7500000       1341.02979    
   79.0000000       1309.36121    
   79.2500000       1281.73181    
   79.5000000       1256.76282    
   79.7500000       1233.03040    
   80.0000000       1209.11133    
   80.2500000       1183.99036    
   80.5000000       1158.28857    
   80.7500000       1133.03564    
   81.0000000       1109.26123    
   81.2500000       1087.85242    
   81.5000000       1069.12549    
   81.7500000       1053.25391    
   82.0000000       1040.41125    
   82.2500000       1030.60889    
   82.5000000       1023.20862    
   82.7500000       1017.40961    

