#TitleText:Ni(001)-(5x5)-Li     Beam (2/5,2/5)            Rfac10=       0.8768
 #"IV exp
   40.2500000       93.0688248    
   40.5000000       88.1054688    
   40.7500000       83.3765869    
   41.0000000       78.9993973    
   41.2500000       75.0660858    
   41.5000000       71.5686646    
   41.7500000       68.4741211    
   42.0000000       65.7494049    
   42.2500000       63.3628426    
   42.5000000       61.2881317    
   42.7500000       59.5003014    
   43.0000000       57.9743996    
   43.2500000       56.6891060    
   43.5000000       55.6377182    
   43.7500000       54.8171692    
   44.0000000       54.2244034    
   44.2500000       53.8415871    
   44.5000000       53.5917892    
   44.7500000       53.3832970    
   45.0000000       53.1244011    
   45.2500000       52.7741547    
   45.5000000       52.4946594    
   45.7500000       52.4987869    
   46.0000000       52.9994011    
   46.2500000       54.1929665    
   46.5000000       56.2103462    
   46.7500000       59.1660042    
   47.0000000       63.1744003    
   47.2500000       68.2902298    
   47.5000000       74.3291016    
   47.7500000       81.0468826    
   48.0000000       88.1994019    
   48.2500000       95.5698776    
   48.5000000       103.050888    
   48.7500000       110.562408    
   49.0000000       118.024399    
   49.2500000       125.368881    
   49.5000000       132.576248    
   49.7500000       139.638916    
   50.0000000       146.549408    
   50.2500000       153.297119    
   50.5000000       159.859329    
   50.7500000       166.210327    
   51.0000000       172.324402    
   51.2500000       178.168030    
   51.5000000       183.676651    
   51.7500000       188.777878    
   52.0000000       193.399399    
   52.2500000       197.473663    
   52.5000000       200.952423    
   52.7500000       203.792130    
   53.0000000       205.949402    
   53.2500000       207.419220    
   53.5000000       208.350769    
   53.7500000       208.931610    
   54.0000000       209.349411    
   54.2500000       209.762238    
   54.5000000       210.209763    
   54.7500000       210.702103    
   55.0000000       211.249405    
   55.2500000       211.850174    
   55.5000000       212.456650    
   55.7500000       213.009506    
   56.0000000       213.449402    
   56.2500000       213.721390    
   56.5000000       213.788162    
   56.7500000       213.616806    
   57.0000000       213.174408    
   57.2500000       212.432175    
   57.5000000       211.377747    
   57.7500000       210.002899    
   58.0000000       208.299408    
   58.2500000       206.297928    
   58.5000000       204.184784    
   58.7500000       202.185211    
   59.0000000       200.524399    
   59.2500000       199.363556    
   59.5000000       198.607635    
   59.7500000       198.097610    
   60.0000000       197.674408    
   60.2500000       197.170471    
   60.5000000       196.384216    
   60.7500000       195.105545    
   61.0000000       193.124405    
   61.2500000       190.329941    
   61.5000000       187.008224    
   61.7500000       183.544601    
   62.0000000       180.324402    
   62.2500000       177.665970    
   62.5000000       175.619934    
   62.7500000       174.169876    
   63.0000000       173.299408    
   63.2500000       172.954514    
   63.5000000       172.930359    
   63.7500000       172.984497    
   64.0000000       172.874420    
   64.2500000       172.419098    
   64.5000000       171.683228    
   64.7500000       170.792953    
   65.0000000       169.874420    
   65.2500000       169.025787    
   65.5000000       168.233261    
   65.7500000       167.455048    
   66.0000000       166.649414    
   66.2500000       165.739899    
   66.5000000       164.511490    
   66.7500000       162.714539    
   67.0000000       160.099411    
   67.2500000       156.477921    
   67.5000000       151.907898    
   67.7500000       146.508621    
   68.0000000       140.399414    
   68.2500000       133.735886    
   68.5000000       126.819023    
   68.7500000       119.986099    
   69.0000000       113.574409    
   69.2500000       107.842537    
   69.5000000       102.734329    
   69.7500000       98.1149139    
   70.0000000       93.8494034    
   70.2500000       89.8290558    
   70.5000000       86.0494690    
   70.7500000       82.5323410    
   71.0000000       79.2994003    
   71.2500000       76.3274994    
   71.5000000       73.4142151    
   71.7500000       70.3122711    
   72.0000000       66.7744064    
   72.2500000       62.6042252    
   72.5000000       57.8088493    
   72.7500000       52.4462471    
   73.0000000       46.5743980    
   73.2500000       40.3570709    
   73.5000000       34.3811722    
   73.7500000       29.3393841    
   74.0000000       25.9244022    
   74.2500000       24.6275539    
   74.5000000       25.1347427    
   74.7500000       26.9305115    
   75.0000000       29.4994030    
   75.2500000       32.3416214    
   75.5000000       35.0200195    
   75.7500000       37.1131096    
   76.0000000       38.1994019    
   76.2500000       37.9797134    
   76.5000000       36.6440887    
   76.7500000       34.5048676    
   77.0000000       31.8744011    
   77.2500000       29.0437412    
   77.5000000       26.2187824    
   77.7500000       23.5841331    
   78.0000000       21.3244019    
   78.2500000       19.6011066    
   78.5000000       18.4834404    
   78.7500000       18.0175037    
   79.0000000       18.2494011    
   79.2500000       19.1748009    
   79.5000000       20.5876179    
   79.7500000       22.2313251    
   80.0000000       23.8494015    
   80.2500000       25.2292995    
   80.5000000       26.3343773    
   80.7500000       27.1719666    
   81.0000000       27.7494030    
   81.2500000       28.1063652    
   81.5000000       28.4119129    
   81.7500000       28.8674564    
   82.0000000       29.6744022    
   82.2500000       30.9815006    
   82.5000000       32.7268829    
   82.7500000       34.7960243    
   83.0000000       37.0744019    
   83.2500000       39.4378738    
   83.5000000       41.7238426    
   83.7500000       43.7600899    
   84.0000000       45.3743973    
   84.2500000       46.4419250    
   84.5000000       47.0272751    
   84.7500000       47.2424393    
   85.0000000       47.1994019    
   85.2500000       46.9771614    
   85.5000000       46.5228310    
   85.7500000       45.7505341    
   86.0000000       44.5743980    
   86.2500000       42.9317703    
   86.5000000       40.8528099    
   86.7500000       38.3908958    
   87.0000000       35.5993996    
   87.2500000       32.5730133    
   87.5000000       29.5716972    
   87.7500000       26.8967323    
   88.0000000       24.8494015    
   88.2500000       23.6382084    
   88.5000000       23.1005573    
   88.7500000       22.9810791    
   89.0000000       23.0244026    
   89.2500000       23.0111923    
   89.5000000       22.8662395    
   89.7500000       22.5503674    
   90.0000000       22.0244007    
   90.2500000       21.3282814    
   90.5000000       20.8184032    
   90.7500000       20.9302731    
   91.0000000       22.0994015    
   91.2500000       24.6220932    
   91.5000000       28.2378120    
   91.7500000       32.5468292    
   92.0000000       37.1493988    
   92.2500000       41.7129593    
   92.5000000       46.1736298    
   92.7500000       50.5346832    
   93.0000000       54.7994003    
   93.2500000       59.0857391    
   93.5000000       63.9703255    
   93.7500000       70.1444473    
   94.0000000       78.2994003    
   94.2500000       88.9217300    
   94.5000000       101.678978    
   94.7500000       116.033936    
   95.0000000       131.449402    
   95.2500000       147.440140    
   95.5000000       163.728912    
   95.7500000       180.090424    
   96.0000000       196.299408    
   96.2500000       212.153168    
   96.5000000       227.539307    
   96.7500000       242.367996    
   97.0000000       256.549408    
   97.2500000       269.977966    
   97.5000000       282.485291    
   97.7500000       293.887177    
   98.0000000       303.999420    
   98.2500000       312.647736    
   98.5000000       319.697235    
   98.7500000       325.022827    
   99.0000000       328.499420    
   99.2500000       330.052551    
   99.5000000       329.809784    
   99.7500000       327.949341    
   100.000000       324.649414    
   100.250000       320.168304    
   100.500000       315.085144    
   100.750000       310.059113    
   101.000000       305.749420    
   101.250000       302.632385    
   101.500000       300.452423    
   101.750000       298.770905    
   102.000000       297.149414    
   102.250000       295.218994    
   102.500000       292.889252    
   102.750000       290.139618    
   103.000000       286.949402    
   103.250000       283.324554    
   103.500000       279.377625    
   103.750000       275.247833    
   104.000000       271.074402    
   104.250000       266.957397    
   104.500000       262.840454    
   104.750000       258.627960    
   105.000000       254.224411    
   105.250000       249.584839    
   105.500000       244.866455    
   105.750000       240.277054    
   106.000000       236.024414    
   106.250000       232.266525    
   106.500000       228.962097    
   106.750000       226.020081    
   107.000000       223.349411    
   107.250000       220.866684    
   107.500000       218.519135    
   107.750000       216.261734    

