#TitleText:Ni(001)-(5x5)-Li     Beam (4/5,0)              Rfac10=       1.1106
 #"IV exp
   40.2500000       181.396973    
   40.5000000       203.040924    
   40.7500000       225.959625    
   41.0000000       250.790390    
   41.2500000       277.953186    
   41.5000000       306.998138    
   41.7500000       337.257965    
   42.0000000       368.065369    
   42.2500000       398.764282    
   42.5000000       428.743225    
   42.7500000       457.402039    
   43.0000000       484.140381    
   43.2500000       508.337524    
   43.5000000       529.290039    
   43.7500000       546.273987    
   44.0000000       558.565369    
   44.2500000       565.586914    
   44.5000000       567.348267    
   44.7500000       564.005615    
   45.0000000       555.715393    
   45.2500000       542.789917    
   45.5000000       526.165527    
   45.7500000       506.934875    
   46.0000000       486.190369    
   46.2500000       464.974426    
   46.5000000       444.128845    
   46.7500000       424.445190    
   47.0000000       406.715393    
   47.2500000       391.696167    
   47.5000000       380.005310    
   47.7500000       372.225708    
   48.0000000       368.940369    
   48.2500000       370.659424    
   48.5000000       377.601746    
   48.7500000       389.913330    
   49.0000000       407.740417    
   49.2500000       431.253418    
   49.5000000       460.720886    
   49.7500000       496.435547    
   50.0000000       538.690369    
   50.2500000       587.769958    
   50.5000000       643.925903    
   50.7500000       707.401611    
   51.0000000       778.440369    
   51.2500000       857.293701    
   51.5000000       944.245850    
   51.7500000       1039.58899    
   52.0000000       1143.61548    
   52.2500000       1256.51196    
   52.5000000       1378.04260    
   52.7500000       1507.86572    
   53.0000000       1645.64038    
   53.2500000       1791.15247    
   53.5000000       1944.70142    
   53.7500000       2106.71338    
   54.0000000       2277.61548    
   54.2500000       2457.90674    
   54.5000000       2648.37573    
   54.7500000       2849.88330    
   55.0000000       3063.29053    
   55.2500000       3288.88110    
   55.5000000       3524.62939    
   55.7500000       3767.93311    
   56.0000000       4016.19043    
   56.2500000       4266.30176    
   56.5000000       4513.18115    
   56.7500000       4751.24609    
   57.0000000       4974.91504    
   57.2500000       5178.58350    
   57.5000000       5356.56055    
   57.7500000       5503.13330    
   58.0000000       5612.59033    
   58.2500000       5680.42041    
   58.5000000       5706.92285    
   58.7500000       5693.59570    
   59.0000000       5641.94043    
   59.2500000       5554.05713    
   59.5000000       5434.44824    
   59.7500000       5288.21680    
   60.0000000       5120.46582    
   60.2500000       4935.99170    
   60.5000000       4738.36572    
   60.7500000       4530.85254    
   61.0000000       4316.71582    
   61.2500000       4099.03125    
   61.5000000       3880.11743    
   61.7500000       3662.10278    
   62.0000000       3447.11548    
   62.2500000       3236.94360    
   62.5000000       3032.01050    
   62.7500000       2832.39868    
   63.0000000       2638.19043    
   63.2500000       2449.59497    
   63.5000000       2267.32959    
   63.7500000       2092.23828    
   64.0000000       1925.16541    
   64.2500000       1766.86926    
   64.5000000       1617.76672    
   64.7500000       1478.18835    
   65.0000000       1348.46533    
   65.2500000       1228.73242    
   65.5000000       1118.33960    
   65.7500000       1016.44098    
   66.0000000       922.190369    
   66.2500000       834.828674    
   66.5000000       753.944946    
   66.7500000       679.215210    
   67.0000000       610.315369    
   67.2500000       547.039978    
   67.5000000       489.657104    
   67.7500000       438.553345    
   68.0000000       394.115417    
   68.2500000       356.718628    
   68.5000000       326.693970    
   68.7500000       304.361328    
   69.0000000       290.040405    
   69.2500000       283.910370    
   69.5000000       285.587463    
   69.7500000       294.547272    
   70.0000000       310.265381    
   70.2500000       332.125641    
   70.5000000       359.145355    
   70.7500000       390.250061    
   71.0000000       424.365356    
   71.2500000       460.497681    
   71.5000000       497.976501    
   71.7500000       536.212280    
   72.0000000       574.615417    
   72.2500000       612.652893    
   72.5000000       650.018921    
   72.7500000       686.464478    
   73.0000000       721.740417    
   73.2500000       755.604309    
   73.5000000       787.840149    
   73.7500000       818.238647    
   74.0000000       846.590393    
   74.2500000       872.704834    
   74.5000000       896.465942    
   74.7500000       917.776917    
   75.0000000       936.540405    
   75.2500000       952.647034    
   75.5000000       965.938293    
   75.7500000       976.243042    
   76.0000000       983.390381    
   76.2500000       987.344238    
   76.5000000       988.607605    
   76.7500000       987.818665    
   77.0000000       985.615356    
   77.2500000       982.575439    
   77.5000000       979.036011    
   77.7500000       975.273682    
   78.0000000       971.565369    
   78.2500000       968.119202    
   78.5000000       964.868774    
   78.7500000       961.679077    
   79.0000000       958.415344    
   79.2500000       954.987305    
   79.5000000       951.484314    
   79.7500000       948.040588    
   80.0000000       944.790344    
   80.2500000       941.824524    
   80.5000000       939.061218    
   80.7500000       936.374939    
   81.0000000       933.640381    
   81.2500000       930.761658    
   81.5000000       927.760132    
   81.7500000       924.686157    
   82.0000000       921.590393    
   82.2500000       918.492065    
   82.5000000       915.284546    
   82.7500000       911.829956    
   83.0000000       907.990356    
   83.2500000       903.637817    
   83.5000000       898.684509    
   83.7500000       893.052917    
   84.0000000       886.665344    
   84.2500000       879.505920    
   84.5000000       871.806946    
   84.7500000       863.862122    
   85.0000000       855.965393    
   85.2500000       848.326111    
   85.5000000       840.814392    
   85.7500000       833.215637    
   86.0000000       825.315369    
   86.2500000       816.889343    
   86.5000000       807.674683    
   86.7500000       797.399170    
   87.0000000       785.790344    
   87.2500000       772.668640    
   87.5000000       758.225830    
   87.7500000       742.746582    
   88.0000000       726.515381    
   88.2500000       709.814270    
   88.5000000       692.914307    
   88.7500000       676.083557    
   89.0000000       659.590393    
   89.2500000       643.698547    
   89.5000000       628.653259    
   89.7500000       614.695312    
   90.0000000       602.065369    
   90.2500000       590.995239    
   90.5000000       581.680664    
   90.7500000       574.308472    
   91.0000000       569.065369    
   91.2500000       566.080322    
   91.5000000       565.250671    
   91.7500000       566.415894    
   92.0000000       569.415405    
   92.2500000       574.081116    
   92.5000000       580.215027    
   92.7500000       587.611694    
   93.0000000       596.065369    
   93.2500000       605.375732    
   93.5000000       615.362549    
   93.7500000       625.850830    
   94.0000000       636.665344    
   94.2500000       647.626099    
   94.5000000       658.533081    
   94.7500000       669.181213    
   95.0000000       679.365356    
   95.2500000       688.878662    
   95.5000000       697.506531    
   95.7500000       705.032593    
   96.0000000       711.240356    
   96.2500000       715.901794    
   96.5000000       718.742371    
   96.7500000       719.475586    
   97.0000000       717.815369    
   97.2500000       713.489807    
   97.5000000       706.285095    
   97.7500000       696.001770    
   98.0000000       682.440369    
   98.2500000       665.454163    
   98.5000000       645.106384    
   98.7500000       621.513123    
   99.0000000       594.790344    
   99.2500000       565.133972    
   99.5000000       533.059692    
   99.7500000       499.163269    
   100.000000       464.040405    
   100.250000       428.280334    
   100.500000       392.447021    
   100.750000       357.097870    
   101.000000       322.790405    
   101.250000       290.073303    
   101.500000       259.460175    
   101.750000       231.455933    
   102.000000       206.565384    
   102.250000       185.212601    
   102.500000       167.498352    
   102.750000       153.442627    
   103.000000       143.065384    
   103.250000       136.265900    
   103.500000       132.460587    
   103.750000       130.945190    
   104.000000       131.015381    
   104.250000       132.073929    
   104.500000       133.951584    
   104.750000       136.586136    
   105.000000       139.915390    
   105.250000       143.889679    
   105.500000       148.509750    
   105.750000       153.788879    
   106.000000       159.740387    
   106.250000       166.366287    
   106.500000       173.623596    
   106.750000       181.458038    
   107.000000       189.815384    
   107.250000       198.685135    
   107.500000       208.231934    
   107.750000       218.664215    
   108.000000       230.190384    
   108.250000       243.022202    
   108.500000       257.384705    
   108.750000       273.506348    
   109.000000       291.615387    
   109.250000       311.938660    
   109.500000       334.696442    
   109.750000       360.107483    
   110.000000       388.390381    
   110.250000       419.670959    
   110.500000       453.703064    
   110.750000       490.147583    
   111.000000       528.665405    
   111.250000       568.949097    
   111.500000       610.817993    
   111.750000       654.123108    
   112.000000       698.715393    
   112.250000       744.498779    
   112.500000       791.589050    
   112.750000       840.154968    
   113.000000       890.365356    
   113.250000       942.320251    
   113.500000       995.846008    
   113.750000       1050.70020    
   114.000000       1106.64038    
   114.250000       1163.52002    
   114.500000       1221.57520    
   114.750000       1281.13818    
   115.000000       1342.54041    
   115.250000       1406.10474    
   115.500000       1472.11707    
   115.750000       1540.85352    
   116.000000       1612.59045    
   116.250000       1687.52856    
   116.500000       1765.56470    
   116.750000       1846.52002    
   117.000000       1930.21545    
   117.250000       2016.48413    
   117.500000       2105.20728    
   117.750000       2196.27832    
   118.000000       2289.59033    
   118.250000       2384.85205    
   118.500000       2481.03271    
   118.750000       2576.91724    
   119.000000       2671.29028    
   119.250000       2763.25269    
   119.500000       2853.16968    
   119.750000       2941.72144    
   120.000000       3029.59033    
   120.250000       3117.38550    
   120.500000       3205.43408    
   120.750000       3293.99219    
   121.000000       3383.31543    
   121.250000       3473.25708    
   121.500000       3562.05811    
   121.750000       3647.55640    
   122.000000       3727.59033    
   122.250000       3800.43433    
   122.500000       3866.11035    
   122.750000       3925.07666    
   123.000000       3977.79053    
   123.250000       4024.70630    
   123.500000       4066.25537    
   123.750000       4102.86572    
   124.000000       4134.96533    
   124.250000       4162.79834    
   124.500000       4185.88232    
   124.750000       4203.55127    
   125.000000       4215.14014    
   125.250000       4220.13086    
   125.500000       4218.59424    
   125.750000       4210.74951    
   126.000000       4196.81543    
   126.250000       4177.02637    
   126.500000       4151.68213    
   126.750000       4121.09814    
   127.000000       4085.59058    
   127.250000       4045.43384    
   127.500000       4000.74146    
   127.750000       3951.58643    
   128.000000       3898.04053    
   128.250000       3840.33911    
   128.500000       3779.36353    
   128.750000       3716.15796    
   129.000000       3651.76562    
   129.250000       3587.01611    
   129.500000       3521.88159    
   129.750000       3456.12061    
   130.000000       3389.49048    
   130.250000       3321.65332    
   130.500000       3251.88403    
   130.750000       3179.36182    
   131.000000       3103.26538    
   131.250000       3022.97485    
   131.500000       2938.67773    
   131.750000       2850.76196    
   132.000000       2759.61548    
   132.250000       2665.80762    
   132.500000       2570.62891    
   132.750000       2475.54956    
   133.000000       2382.04053    
   133.250000       2291.44995    
   133.500000       2204.63477    
   133.750000       2122.32837    
   134.000000       2045.26538    
   134.250000       1973.69507    
   134.500000       1905.93115    
   134.750000       1839.80310    
   135.000000       1773.14038    
   135.250000       1704.26562    
   135.500000       1633.47375    
   135.750000       1561.55261    
   136.000000       1489.29053    
   136.250000       1417.46191    
   136.500000       1346.78845    
   136.750000       1277.97852    
   137.000000       1211.74048    
   137.250000       1148.64270    
   137.500000       1088.69348    
   137.750000       1031.76160    
   138.000000       977.715332    
   138.250000       926.292603    
   138.500000       876.708130    
   138.750000       828.046021    
   139.000000       779.390381    
   139.250000       729.642883    
   139.500000       676.975586    
   139.750000       619.378174    
   140.000000       554.840393    
   140.250000       482.059753    
   140.500000       402.566101    
   140.750000       318.597107    

