#TitleText:Ni(001)-(5x5)-Li     Beam (2/5,0)              Rfac10=       0.8423
 #"IV exp
   21.25000       235.9725    
   21.50000       255.6039    
   21.75000       277.2351    
   22.00000       301.8660    
   22.25000       330.2474    
   22.50000       362.1337    
   22.75000       397.0298    
   23.00000       434.4410    
   23.25000       474.2314    
   23.50000       517.7012    
   23.75000       566.5097    
   24.00000       622.3160    
   24.25000       686.4166    
   24.50000       758.6572    
   24.75000       838.5210    
   25.00000       925.4910    
   25.25000       1018.518    
   25.50000       1114.428    
   25.75000       1209.513    
   26.00000       1300.066    
   26.25000       1383.189    
   26.50000       1459.220    
   26.75000       1529.305    
   27.00000       1594.591    
   27.25000       1656.516    
   27.50000       1717.685    
   27.75000       1780.994    
   28.00000       1849.341    
   28.25000       1924.290    
   28.50000       2002.082    
   28.75000       2077.629    
   29.00000       2145.841    
   29.25000       2201.757    
   29.50000       2240.934    
   29.75000       2259.058    
   30.00000       2251.816    
   30.25000       2216.224    
   30.50000       2154.629    
   30.75000       2070.709    
   31.00000       1968.141    
   31.25000       1850.894    
   31.50000       1724.104    
   31.75000       1593.194    
   32.00000       1463.591    
   32.25000       1340.233    
   32.50000       1226.114    
   32.75000       1123.739    
   33.00000       1035.616    
   33.25000       963.4736    
   33.50000       905.9362    
   33.75000       860.8512    
   34.00000       826.0660    
   34.25000       799.3830    
   34.50000       778.4245    
   34.75000       760.7681    
   35.00000       743.9910    
   35.25000       726.1447    
   35.50000       707.1771    
   35.75000       687.5102    
   36.00000       667.5659    
   36.25000       647.8270    
   36.50000       629.0190    
   36.75000       611.9283    
   37.00000       597.3410    
   37.25000       585.7804    
   37.50000       576.7174    
   37.75000       569.3600    
   38.00000       562.9160    
   38.25000       556.6465    
   38.50000       550.0259    
   38.75000       542.5816    
   39.00000       533.8410    
   39.25000       523.4325    
   39.50000       511.3873    
   39.75000       497.8378    
   40.00000       482.9160    
   40.25000       466.6902    
   40.50000       448.9738    
   40.75000       429.5159    
   41.00000       408.0660    
   41.25000       384.5074    
   41.50000       359.2601    
   41.75000       332.8784    
   42.00000       305.9160    
   42.25000       278.9320    
   42.50000       252.5035    
   42.75000       227.2125    
   43.00000       203.6410    
   43.25000       182.3507    
   43.50000       163.8220    
   43.75000       148.5154    
   44.00000       136.8910    
   44.25000       129.3216    
   44.50000       125.8295    
   44.75000       126.3494    
   45.00000       130.8160    
   45.25000       139.2277    
   45.50000       151.8373    
   45.75000       168.9612    
   46.00000       190.9160    
   46.25000       217.9848    
   46.50000       250.3175    
   46.75000       288.0307    
   47.00000       331.2410    
   47.25000       379.7725    
   47.50000       432.2794    
   47.75000       487.1233    
   48.00000       542.6660    
   48.25000       597.4059    
   48.50000       650.3891    
   48.75000       700.7982    
   49.00000       747.8159    
   49.25000       790.7280    
   49.50000       829.2318    
   49.75000       863.1277    
   50.00000       892.2159    
   50.25000       916.3555    
   50.50000       935.6387    
   50.75000       950.2169    
   51.00000       960.2410    
   51.25000       965.9014    
   51.50000       967.5464    
   51.75000       965.5638    
   52.00000       960.3409    
   52.25000       952.2479    
   52.50000       941.5836    
   52.75000       928.6292    
   53.00000       913.6660    
   53.25000       897.0109    
   53.50000       879.1243    
   53.75000       860.5023    
   54.00000       841.6409    
   54.25000       822.9777    
   54.50000       804.7150    
   54.75000       786.9965    
   55.00000       769.9659    
   55.25000       753.7275    
   55.50000       738.2272    
   55.75000       723.3712    
   56.00000       709.0659    
   56.25000       695.1867    
   56.50000       681.4846    
   56.75000       667.6793    
   57.00000       653.4910    
   57.25000       638.6998    
   57.50000       623.3273    
   57.75000       607.4553    
   58.00000       591.1660    
   58.25000       574.5289    
   58.50000       557.5649    
   58.75000       540.2827    
   59.00000       522.6910    
   59.25000       504.7971    
   59.50000       486.6029    
   59.75000       468.1091    
   60.00000       449.3160    
   60.25000       430.2787    
   60.50000       411.2693    
   60.75000       392.6146    
   61.00000       374.6410    
   61.25000       357.6154    
   61.50000       341.5656    
   61.75000       326.4597    
   62.00000       312.2660    
   62.25000       298.9406    
   62.50000       286.3925    
   62.75000       274.5186    
   63.00000       263.2160    
   63.25000       252.4518    
   63.50000       242.4731    
   63.75000       233.5971    
   64.00000       226.1410    
   64.25000       220.3510    
   64.50000       216.1893    
   64.75000       213.5473    
   65.00000       212.3160    
   65.25000       212.3434    
   65.50000       213.3031    
   65.75000       214.8256    
   66.00000       216.5410    
   66.25000       218.1747    
   66.50000       219.8318    
   66.75000       221.7122    
   67.00000       224.0160    
   67.25000       226.9401    
   67.50000       230.6689    
   67.75000       235.3838    
   68.00000       241.2660    
   68.25000       248.4470    
   68.50000       256.8575    
   68.75000       266.3786    
   69.00000       276.8910    
   69.25000       288.3670    
   69.50000       301.1440    
   69.75000       315.6508    
   70.00000       332.3160    
   70.25000       351.5494    
   70.50000       373.6843    
   70.75000       399.0350    
   71.00000       427.9160    
   71.25000       460.4902    
   71.50000       496.3150    
   71.75000       534.7966    
   72.00000       575.3410    
   72.25000       617.3802    
   72.50000       660.4487    
   72.75000       704.1072    
   73.00000       747.9160    
   73.25000       791.4488    
   73.50000       834.3328    
   73.75000       876.2084    
   74.00000       916.7159    
   74.25000       955.5220    
   74.50000       992.3970    
   74.75000       1027.138    
   75.00000       1059.541    
   75.25000       1089.439    
   75.50000       1116.809    
   75.75000       1141.664    
   76.00000       1164.016    
   76.25000       1183.752    
   76.50000       1200.253    
   76.75000       1212.773    
   77.00000       1220.566    
   77.25000       1222.962    
   77.50000       1219.591    
   77.75000       1210.157    
   78.00000       1194.366    
   78.25000       1172.084    
   78.50000       1143.829    
   78.75000       1110.280    
   79.00000       1072.116    
   79.25000       1029.992    
   79.50000       984.4578    
   79.75000       936.0407    
   80.00000       885.2659    
   80.25000       832.6674    
   80.50000       778.8104    
   80.75000       724.2689    
   81.00000       669.6160    
   81.25000       615.4082    
   81.50000       562.1335    
   81.75000       510.2625    
   82.00000       460.2660    
   82.25000       412.6652    
   82.50000       368.1828    
   82.75000       327.5920    
   83.00000       291.6660    
   83.25000       261.1529    
   83.50000       236.7002    
   83.75000       218.9304    
   84.00000       208.4660    
   84.25000       205.9265    
   84.50000       211.9189    
   84.75000       227.0474    
   85.00000       251.9160    
   85.25000       287.0334    
   85.50000       332.5267    
   85.75000       388.4270    
   86.00000       454.7660    
   86.25000       531.4244    
   86.50000       617.6799    
   86.75000       712.6597    
   87.00000       815.4910    
   87.25000       925.3993    
   87.50000       1042.006    
   87.75000       1165.030    
   88.00000       1294.191    
   88.25000       1429.090    
   88.50000       1568.849    
   88.75000       1712.473    
   89.00000       1858.966    
   89.25000       2007.208    
   89.50000       2155.587    
   89.75000       2302.368    
   90.00000       2445.816    
   90.25000       2584.529    
   90.50000       2718.440    
   90.75000       2847.814    
   91.00000       2972.916    
   91.25000       3094.057    
   91.50000       3211.729    
   91.75000       3326.469    
   92.00000       3438.816    
   92.25000       3549.044    
   92.50000       3656.386    
   92.75000       3759.811    
   93.00000       3858.291    
   93.25000       3950.914    
   93.50000       4037.245    
   93.75000       4116.968    
   94.00000       4189.766    
   94.25000       4255.337    
   94.50000       4313.441    
   94.75000       4363.852    
   95.00000       4406.340    
   95.25000       4440.753    
   95.50000       4467.222    
   95.75000       4485.950    
   96.00000       4497.141    
   96.25000       4501.035    
   96.50000       4498.023    
   96.75000       4488.533    
   97.00000       4472.991    
   97.25000       4451.663    
   97.50000       4424.168    
   97.75000       4389.967    
   98.00000       4348.516    
   98.25000       4299.397    
   98.50000       4242.687    
   98.75000       4178.584    
   99.00000       4107.291    
   99.25000       4029.272    
   99.50000       3946.066    
   99.75000       3859.479    
   100.0000       3771.316    
   100.2500       3683.207    
   100.5000       3596.083    
   100.7500       3510.700    
   101.0000       3427.816    
   101.2500       3347.961    
   101.5000       3270.771    
   101.7500       3195.652    
   102.0000       3122.016    
   102.2500       3049.344    
   102.5000       2977.409    
   102.7500       2906.060    
   103.0000       2835.141    
   103.2500       2764.543    
   103.5000       2694.336    
   103.7500       2624.631    
   104.0000       2555.541    
   104.2500       2487.206    
   104.5000       2419.881    
   104.7500       2353.848    
   105.0000       2289.391    
   105.2500       2226.762    
   105.5000       2166.104    
   105.7500       2107.526    
   106.0000       2051.141    
   106.2500       1997.056    
   106.5000       1945.367    
   106.7500       1896.164    
   107.0000       1849.541    
   107.2500       1805.666    
   107.5000       1765.021    
   107.7500       1728.168    
   108.0000       1695.666    
   108.2500       1668.017    
   108.5000       1645.487    
   108.7500       1628.284    
   109.0000       1616.616    
   109.2500       1610.381    
   109.5000       1608.241    
   109.7500       1608.552    
   110.0000       1609.666    
   110.2500       1610.247    
   110.5000       1610.196    
   110.7500       1609.724    
 
