#TitleText:Ni(001)-(5x5)-Li     Beam (3/5,3/5)            Rfac10=       1.0000
 #"IV exp
   66.25000       56.26020    
   66.50000       56.63723    
   66.75000       57.11155    
   67.00000       57.73181    
   67.25000       58.55816    
   67.50000       59.69680    
   67.75000       61.26545    
   68.00000       63.38181    
   68.25000       66.10349    
   68.50000       69.24766    
   68.75000       72.57140    
   69.00000       75.83180    
   69.25000       78.81522    
   69.50000       81.42527    
   69.75000       83.59483    
   70.00000       85.25681    
   70.25000       86.37605    
   70.50000       87.04520    
   70.75000       87.38893    
   71.00000       87.53181    
   71.25000       87.58198    
   71.50000       87.58160    
   71.75000       87.55632    
   72.00000       87.53181    
   72.25000       87.54040    
   72.50000       87.64111    
   72.75000       87.89969    
   73.00000       88.38181    
   73.25000       89.12970    
   73.50000       90.09164    
   73.75000       91.19241    
   74.00000       92.35680    
   74.25000       93.50665    
   74.50000       94.55193    
   74.75000       95.39964    
   75.00000       95.95680    
   75.25000       96.16187    
   75.50000       96.07898    
   75.75000       95.80376    
   76.00000       95.43181    
   76.25000       95.03907    
   76.50000       94.62297    
   76.75000       94.16129    
   77.00000       93.63180    
   77.25000       92.97502    
   77.50000       91.98244    
   77.75000       90.40829    
   78.00000       88.00681    
   78.25000       84.61376    
   78.50000       80.39120    
   78.75000       75.58269    
   79.00000       70.43181    
   79.25000       65.17444    
   79.50000       60.01550    
   79.75000       55.15222    
   80.00000       50.78181    
   80.25000       47.03834    
   80.50000       43.80330    
   80.75000       40.89500    
   81.00000       38.13181    
   81.25000       35.37126    
   81.50000       32.62780    
   81.75000       29.95510    
   82.00000       27.40681    
   82.25000       25.03037    
   82.50000       22.84824    
   82.75000       20.87664    
   83.00000       19.13181    
   83.25000       17.62352    
   83.50000       16.33575    
   83.75000       15.24601    
   84.00000       14.33181    
   84.25000       13.57539    
   84.50000       12.97776    
   84.75000       12.54466    
   85.00000       12.28181    
   85.25000       12.19352    
   85.50000       12.27844    
   85.75000       12.53379    
   86.00000       12.95681    
   86.25000       13.54178    
   86.50000       14.27123    
   86.75000       15.12471    
   87.00000       16.08181    
   87.25000       17.11537    
   87.50000       18.17127    
   87.75000       19.18870    
   88.00000       20.10681    
   88.25000       20.88528    
   88.50000       21.56580    
   88.75000       22.21058    
   89.00000       22.88181    
   89.25000       23.63477    
   89.50000       24.49701    
   89.75000       25.48915    
   90.00000       26.63181    
   90.25000       27.94697    
   90.50000       29.46202    
   90.75000       31.20572    
   91.00000       33.20681    
   91.25000       35.48774    
   91.50000       38.04576    
   91.75000       40.87181    
   92.00000       43.95681    
   92.25000       47.28431    
   92.50000       50.80827    
   92.75000       54.47525    
   93.00000       58.23181    
   93.25000       62.02874    
   93.50000       65.83386    
   93.75000       69.61920    
   94.00000       73.35680    
   94.25000       77.00600    
   94.50000       80.47523    
   94.75000       83.66026    
   95.00000       86.45680    
   95.25000       88.80996    
   95.50000       90.86226    
   95.75000       92.80558    
   96.00000       94.83180    
   96.25000       97.09068    
   96.50000       99.56341    
   96.75000       102.1891    
   97.00000       104.9068    
   97.25000       107.6279    
   97.50000       110.1530    
   97.75000       112.2550    
   98.00000       113.7068    
   98.25000       114.3603    
   98.50000       114.3840    
   98.75000       114.0253    
   99.00000       113.5318    
   99.25000       113.1028    
   99.50000       112.7455    
   99.75000       112.4188    
   100.0000       112.0818    
   100.2500       111.6934    
   100.5000       111.2124    
   100.7500       110.5973    
   101.0000       109.8068    
   101.2500       108.8326    
   101.5000       107.7989    
   101.7500       106.8629    
   102.0000       106.1818    
   102.2500       105.8828    
   102.5000       105.9733    
   102.7500       106.4305    
   103.0000       107.2318    
   103.2500       108.3557    
   103.5000       109.7861    
   103.7500       111.5081    
   104.0000       113.5068    
   104.2500       115.7589    
   104.5000       118.2075    
   104.7500       120.7869    
 
