#TitleText:Ni(001)-(5x5)-Li     Beam (1,0)                Rfac10=       0.8923
 #"IV exp
   46.25000       2389.340    
   46.50000       2529.452    
   46.75000       2668.439    
   47.00000       2805.739    
   47.25000       2939.963    
   47.50000       3066.417    
   47.75000       3179.582    
   48.00000       3273.939    
   48.25000       3345.129    
   48.50000       3393.427    
   48.75000       3420.268    
   49.00000       3427.089    
   49.25000       3415.536    
   49.50000       3388.108    
   49.75000       3347.514    
   50.00000       3296.464    
   50.25000       3237.257    
   50.50000       3170.547    
   50.75000       3096.577    
   51.00000       3015.589    
   51.25000       2928.056    
   51.50000       2835.361    
   51.75000       2739.118    
   52.00000       2640.939    
   52.25000       2542.342    
   52.50000       2444.465    
   52.75000       2348.350    
   53.00000       2255.039    
   53.25000       2165.444    
   53.50000       2079.942    
   53.75000       1998.783    
   54.00000       1922.214    
   54.25000       1850.378    
   54.50000       1782.999    
   54.75000       1719.696    
   55.00000       1660.089    
   55.25000       1603.772    
   55.50000       1550.230    
   55.75000       1498.925    
   56.00000       1449.314    
   56.25000       1400.936    
   56.50000       1353.628    
   56.75000       1307.308    
   57.00000       1261.889    
   57.25000       1217.535    
   57.50000       1175.387    
   57.75000       1136.834    
   58.00000       1103.264    
   58.25000       1076.024    
   58.50000       1056.284    
   58.75000       1045.171    
   59.00000       1043.814    
   59.25000       1053.308    
   59.50000       1074.618    
   59.75000       1108.676    
   60.00000       1156.415    
   60.25000       1218.635    
   60.50000       1295.612    
   60.75000       1387.491    
   61.00000       1494.415    
   61.25000       1616.446    
   61.50000       1753.323    
   61.75000       1904.702    
   62.00000       2070.239    
   62.25000       2249.449    
   62.50000       2441.276    
   62.75000       2644.522    
   63.00000       2857.989    
   63.25000       3080.249    
   63.50000       3308.954    
   63.75000       3541.527    
   64.00000       3775.389    
   64.25000       4008.330    
   64.50000       4239.599    
   64.75000       4468.813    
   65.00000       4695.589    
   65.25000       4919.413    
   65.50000       5139.243    
   65.75000       5353.909    
   66.00000       5562.239    
   66.25000       5763.052    
   66.50000       5955.135    
   66.75000       6137.263    
   67.00000       6308.214    
   67.25000       6466.774    
   67.50000       6611.768    
   67.75000       6742.029    
   68.00000       6856.389    
   68.25000       6953.726    
   68.50000       7033.087    
   68.75000       7093.561    
   69.00000       7134.239    
   69.25000       7154.674    
   69.50000       7156.275    
   69.75000       7140.914    
   70.00000       7110.464    
   70.25000       7066.979    
   70.50000       7013.245    
   70.75000       6952.225    
   71.00000       6886.889    
   71.25000       6820.396    
   71.50000       6756.689    
   71.75000       6699.907    
   72.00000       6654.189    
   72.25000       6623.202    
   72.50000       6608.735    
   72.75000       6612.108    
   73.00000       6634.639    
   73.25000       6677.230    
   73.50000       6739.105    
   73.75000       6819.073    
   74.00000       6915.939    
   74.25000       7028.532    
   74.50000       7155.765    
   74.75000       7296.573    
   75.00000       7449.889    
   75.25000       7614.298    
   75.50000       7786.980    
   75.75000       7964.768    
   76.00000       8144.489    
   76.25000       8323.206    
   76.50000       8498.899    
   76.75000       8669.780    
   77.00000       8834.063    
   77.25000       8990.051    
   77.50000       9136.416    
   77.75000       9271.923    
   78.00000       9395.338    
   78.25000       9505.222    
   78.50000       9599.318    
   78.75000       9675.168    
   79.00000       9730.313    
   79.25000       9762.832    
   79.50000       9772.960    
   79.75000       9761.471    
   80.00000       9729.139    
   80.25000       9676.388    
   80.50000       9602.234    
   80.75000       9505.346    
   81.00000       9384.389    
   81.25000       9237.898    
   81.50000       9063.877    
   81.75000       8860.199    
   82.00000       8624.738    
   82.25000       8356.062    
   82.50000       8055.521    
   82.75000       7725.164    
   83.00000       7367.039    
   83.25000       6983.831    
   83.50000       6580.767    
   83.75000       6163.715    
   84.00000       5738.540    
   84.25000       5311.201    
   84.50000       4888.039    
   84.75000       4475.490    
   85.00000       4079.989    
   85.25000       3706.943    
   85.50000       3357.652    
   85.75000       3032.385    
   86.00000       2731.414    
   86.25000       2455.012    
   86.50000       2203.457    
   86.75000       1977.031    
   87.00000       1776.014    
   87.25000       1600.617    
   87.50000       1450.762    
   87.75000       1326.302    
   88.00000       1227.089    
   88.25000       1152.612    
   88.50000       1100.900    
   88.75000       1069.621    
   89.00000       1056.439    
   89.25000       1059.130    
   89.50000       1075.896    
   89.75000       1105.045    
   90.00000       1144.889    
   90.25000       1193.798    
   90.50000       1250.385    
   90.75000       1313.324    
   91.00000       1381.289    
   91.25000       1453.130    
   91.50000       1528.396    
   91.75000       1606.815    
   92.00000       1688.115    
   92.25000       1771.948    
   92.50000       1857.689    
   92.75000       1944.636    
   93.00000       2032.089    
   93.25000       2119.340    
   93.50000       2205.641    
   93.75000       2290.235    
   94.00000       2372.364    
   94.25000       2451.145    
   94.50000       2525.179    
   94.75000       2592.944    
   95.00000       2652.914    
   95.25000       2703.737    
   95.50000       2744.740    
   95.75000       2775.425    
   96.00000       2795.289    
   96.25000       2804.192    
   96.50000       2803.429    
   96.75000       2794.652    
   97.00000       2779.514    
   97.25000       2759.578    
   97.50000       2736.044    
   97.75000       2710.020    
   98.00000       2682.614    
   98.25000       2654.864    
   98.50000       2627.507    
   98.75000       2601.210    
   99.00000       2576.639    
   99.25000       2554.414    
   99.50000       2534.963    
   99.75000       2518.669    
   100.0000       2505.914    
   100.2500       2496.868    
   100.5000       2490.842    
   100.7500       2486.933    
   101.0000       2484.239    
   101.2500       2481.901    
   101.5000       2479.228    
   101.7500       2475.573    
   102.0000       2470.289    
   102.2500       2462.834    
   102.5000       2453.078    
   102.7500       2440.997    
   103.0000       2426.564    
   103.2500       2409.791    
   103.5000       2390.825    
   103.7500       2369.847    
   104.0000       2347.039    
   104.2500       2322.608    
   104.5000       2296.853    
   104.7500       2270.097    
   105.0000       2242.664    
   105.2500       2214.840    
   105.5000       2186.754    
   105.7500       2158.498    
   106.0000       2130.164    
   106.2500       2101.906    
   106.5000       2074.119    
   106.7500       2047.261    
   107.0000       2021.789    
   107.2500       1998.150    
   107.5000       1976.744    
   107.7500       1957.961    
   108.0000       1942.189    
   108.2500       1929.824    
   108.5000       1921.284    
   108.7500       1916.990    
   109.0000       1917.364    
   109.2500       1922.736    
   109.5000       1933.048    
   109.7500       1948.149    
   110.0000       1967.889    
   110.2500       1991.976    
   110.5000       2019.553    
   110.7500       2049.623    
   111.0000       2081.189    
   111.2500       2113.348    
   111.5000       2145.568    
   111.7500       2177.412    
   112.0000       2208.439    
   112.2500       2238.204    
   112.5000       2266.216    
   112.7500       2291.978    
   113.0000       2314.990    
   113.2500       2334.777    
   113.5000       2350.960    
   113.7500       2363.183    
   114.0000       2371.089    
   114.2500       2374.385    
   114.5000       2373.018    
   114.7500       2367.000    
   115.0000       2356.339    
   115.2500       2341.111    
   115.5000       2321.644    
   115.7500       2298.331    
   116.0000       2271.564    
   116.2500       2241.762    
   116.5000       2209.435    
   116.7500       2175.115    
   117.0000       2139.339    
   117.2500       2102.564    
   117.5000       2064.942    
   117.7500       2026.550    
   118.0000       1987.464    
   118.2500       1947.853    
   118.5000       1908.252    
   118.7500       1869.288    
   119.0000       1831.589    
   119.2500       1795.695    
   119.5000       1761.785    
   119.7500       1729.952    
   120.0000       1700.289    
   120.2500       1672.907    
   120.5000       1647.990    
   120.7500       1625.741    
   121.0000       1606.365    
   121.2500       1590.134    
   121.5000       1577.611    
   121.7500       1569.427    
   122.0000       1566.214    
   122.2500       1568.468    
   122.5000       1576.133    
   122.7500       1589.021    
   123.0000       1606.939    
   123.2500       1629.817    
   123.5000       1658.050    
   123.7500       1692.152    
   124.0000       1732.639    
   124.2500       1779.952    
   124.5000       1834.239    
   124.7500       1895.576    
   125.0000       1964.039    
   125.2500       2039.704    
   125.5000       2122.643    
   125.7500       2212.930    
   126.0000       2310.639    
   126.2500       2415.797    
   126.5000       2528.244    
   126.7500       2647.777    
   127.0000       2774.189    
   127.2500       2907.277    
   127.5000       3046.835    
   127.7500       3192.657    
   128.0000       3344.539    
   128.2500       3502.376    
   128.5000       3666.459    
   128.7500       3837.183    
   129.0000       4014.939    
   129.2500       4200.290    
   129.5000       4394.471    
   129.7500       4598.886    
   130.0000       4814.939    
   130.2500       5043.743    
   130.5000       5285.239    
   130.7500       5539.080    
   131.0000       5804.914    
   131.2500       6081.768    
   131.5000       6366.169    
   131.7500       6654.025    
   132.0000       6941.239    
   132.2500       7224.438    
   132.5000       7503.146    
   132.7500       7777.605    
   133.0000       8048.064    
   133.2500       8314.916    
   133.5000       8579.160    
   133.7500       8841.942    
   134.0000       9104.414    
   134.2500       9367.207    
   134.5000       9628.897    
   134.7500       9887.547    
   135.0000       10141.21    
   135.2500       10388.28    
   135.5000       10628.41    
   135.7500       10861.58    
   136.0000       11087.79    
   136.2500       11307.19    
   136.5000       11520.68    
   136.7500       11729.33    
   137.0000       11934.21    
   137.2500       12136.21    
   137.5000       12335.38    
   137.7500       12531.59    
   138.0000       12724.69    
   138.2500       12914.53    
   138.5000       13100.90    
   138.7500       13283.57    
   139.0000       13462.31    
   139.2500       13637.44    
   139.5000       13811.48    
   139.7500       13987.46    
   140.0000       14168.46    
   140.2500       14356.01    
   140.5000       14545.53    
   140.7500       14730.93    
   141.0000       14906.11    
   141.2500       15065.97    
   141.5000       15209.31    
   141.7500       15335.93    
   142.0000       15445.64    
   142.2500       15540.82    
   142.5000       15634.29    
   142.7500       15741.43    
   143.0000       15877.64    
   143.2500       16055.78    
   143.5000       16278.59    
   143.7500       16546.26    
   144.0000       16858.99    
   144.2500       17214.38    
   144.5000       17599.73    
   144.7500       17999.72    
   145.0000       18399.06    
   145.2500       18785.73    
   145.5000       19160.80    
   145.7500       19528.63    
   146.0000       19893.59    
   146.2500       20260.83    
   146.5000       20638.73    
   146.7500       21036.49    
   147.0000       21463.29    
   147.2500       21923.40    
   147.5000       22401.51    
   147.7500       22877.36    
   148.0000       23330.71    
   148.2500       23744.48    
   148.5000       24114.13    
   148.7500       24438.28    
   149.0000       24715.54    
   149.2500       24946.51    
   149.5000       25139.76    
   149.7500       25305.86    
   150.0000       25455.36    
   150.2500       25596.92    
   150.5000       25731.49    
   150.7500       25858.12    
   151.0000       25975.86    
   151.2500       26085.14    
   151.5000       26191.88    
   151.7500       26303.38    
   152.0000       26426.96    
   152.2500       26568.17    
   152.5000       26725.59    
   152.7500       26896.05    
   153.0000       27076.36    
   153.2500       27262.25    
   153.5000       27444.94    
   153.7500       27614.56    
   154.0000       27761.21    
   154.2500       27877.00    
   154.5000       27961.93    
   154.7500       28017.99    
   155.0000       28047.16    
   155.2500       28052.66    
   155.5000       28042.48    
   155.7500       28025.88    
   156.0000       28012.09    
   156.2500       28009.08    
   156.5000       28019.93    
   156.7500       28046.44    
   157.0000       28090.44    
   157.2500       28151.34    
   157.5000       28219.06    
   157.7500       28281.10    
   158.0000       28324.96    
   158.2500       28339.92    
   158.5000       28322.27    
   158.7500       28270.03    
   159.0000       28181.26    
   159.2500       28055.60    
   159.5000       27899.10    
   159.7500       27719.41    
   160.0000       27524.19    
   160.2500       27319.55    
   160.5000       27105.46    
   160.7500       26880.35    
   161.0000       26642.64    
   161.2500       26390.62    
   161.5000       26122.07    
   161.7500       25834.61    
   162.0000       25525.86    
   162.2500       25193.99    
   162.5000       24839.23    
   162.7500       24462.36    
   163.0000       24064.14    
   163.2500       23647.17    
   163.5000       23221.35    
   163.7500       22798.40    
   164.0000       22390.04    
   164.2500       22005.66    
   164.5000       21645.32    
   164.7500       21306.73    
   165.0000       20987.61    
   165.2500       20683.96    
   165.5000       20384.85    
   165.7500       20077.67    
   166.0000       19749.76    
   166.2500       19391.43    
   166.5000       19004.67    
   166.7500       18594.39    
   167.0000       18165.51    
   167.2500       17722.84    
   167.5000       17270.68    
   167.7500       16813.20    
   168.0000       16354.59    
   168.2500       15898.59    
   168.5000       15447.16    
   168.7500       15001.83    
   169.0000       14564.11    
   169.2500       14135.88    
   169.5000       13720.31    
   169.7500       13320.93    
   170.0000       12941.26    
   170.2500       12583.85    
   170.5000       12247.36    
   170.7500       11929.47    
   171.0000       11627.89    
   171.2500       11340.26    
   171.5000       11064.17    
   171.7500       10797.15    
   172.0000       10536.74    
   172.2500       10281.10    
   172.5000       10030.81    
   172.7500       9787.064    
   173.0000       9551.063    
   173.2500       9324.086    
   173.5000       9107.754    
   173.7500       8903.777    
   174.0000       8713.864    
   174.2500       8539.595    
   174.5000       8382.030    
   174.7500       8242.101    
   175.0000       8120.738    
   175.2500       8017.934    
   175.5000       7929.914    
   175.7500       7851.961    
   176.0000       7779.364    
   176.2500       7707.940    
   176.5000       7635.652    
   176.7500       7560.995    
   177.0000       7482.464    
   177.2500       7399.362    
   177.5000       7314.215    
   177.7500       7230.354    
   178.0000       7151.114    
   178.2500       7078.860    
   178.5000       7012.102    
   178.7500       6948.379    
   179.0000       6885.239    
   179.2500       6820.339    
   179.5000       6751.812    
   179.7500       6677.904    
   180.0000       6596.864    
   180.2500       6507.459    
   180.5000       6410.533    
   180.7500       6307.447    
   181.0000       6199.563    
   181.2500       6088.098    
   181.5000       5973.680    
   181.7500       5856.791    
   182.0000       5737.914    
   182.2500       5617.363    
   182.5000       5494.775    
   182.7500       5369.620    
   183.0000       5241.364    
   183.2500       5109.660    
   183.5000       4974.898    
   183.7500       4837.650    
   184.0000       4698.489    
   184.2500       4558.416    
   184.5000       4420.142    
   184.7500       4286.812    
   185.0000       4161.564    
   185.2500       4046.823    
   185.5000       3942.136    
   185.7500       3846.332    
   186.0000       3758.239    
   186.2500       3676.605    
   186.5000       3599.847    
   186.7500       3526.296    
   187.0000       3454.289    
   187.2500       3382.605    
   187.5000       3311.813    
   187.7500       3242.927    
   188.0000       3176.964    
   188.2500       3114.621    
   188.5000       3055.322    
   188.7500       2998.176    
   189.0000       2942.289    
   189.2500       2886.965    
   189.5000       2832.279    
   189.7500       2778.505    
   190.0000       2725.914    
   190.2500       2674.786    
   190.5000       2625.428    
   190.7500       2578.157    
   191.0000       2533.289    
   191.2500       2491.030    
   191.5000       2451.136    
   191.7500       2413.257    
   192.0000       2377.040    
   192.2500       2342.261    
   192.5000       2309.218    
   192.7500       2278.335    
   193.0000       2250.039    
   193.2500       2224.745    
   193.5000       2202.821    
   193.7500       2184.625    
   194.0000       2170.514    
   194.2500       2160.717    
   194.5000       2154.941    
   194.7500       2152.764    
   195.0000       2153.764    
   195.2500       2157.521    
   195.5000       2163.615    
   195.7500       2171.628    
   196.0000       2181.139    
   196.2500       2191.870    
   196.5000       2204.088    
   196.7500       2218.200    
   197.0000       2234.614    
   197.2500       2253.634    
   197.5000       2275.148    
   197.7500       2298.946    
   198.0000       2324.814    
   198.2500       2352.515    
   198.5000       2381.706    
   198.7500       2412.020    
   199.0000       2443.090    
   199.2500       2474.593    
   199.5000       2506.388    
   199.7500       2538.378    
 
