#TitleText:Ni(001)-(5x5)-Li     Beam (1,3/5)              Rfac10=       1.0265
 #"IV exp
   64.250000000000000        133.17751823402551     
   64.500000000000000        138.82653306410737     
   64.750000000000000        145.07686145408010     
   65.000000000000000        152.22916018388909     
   65.250000000000000        160.51077300353441     
   65.500000000000000        169.85579154323426     
   65.750000000000000        180.12499440326152     
   66.000000000000000        191.17916018388908     
   66.250000000000000        202.87388210517148     
   66.500000000000000        215.04401186629016     
   66.750000000000000        227.51921578620829     
   67.000000000000000        240.12916018388907     
   67.250000000000000        252.68936280411418     
   67.500000000000000        264.95874709493955     
   67.750000000000000        276.68208793023967     
   68.000000000000000        287.60416018388901     
   68.250000000000000        297.48659653170608     
   68.500000000000000        306.15846085728583     
   68.750000000000000        313.46567484616713     
   69.000000000000000        319.25416018388904     
   69.250000000000000        323.42514967239561     
   69.500000000000000        326.10112057925141     
   69.750000000000000        327.45986128842600     
   70.000000000000000        327.67916018388905     
   70.250000000000000        326.95182838204573     
   70.500000000000000        325.53076792904301     
   70.750000000000000        323.68390360346331     
   71.000000000000000        321.67916018388905     
   71.250000000000000        319.76007602775570     
   71.500000000000000        318.07264380791088     
   71.750000000000000        316.73846977605507     
   72.000000000000000        315.87916018388904     
   72.250000000000000        315.60118798526571     
   72.500000000000000        315.95049294264788     
   72.750000000000000        316.95788152065063     
   73.000000000000000        318.65416018388908     
   73.250000000000000        321.03122688451566     
   73.500000000000000        323.92534552483198     
   73.750000000000000        327.13387149467678     
   74.000000000000000        330.45416018388903     
   74.250000000000000        333.68714683000593     
   74.500000000000000        336.64808606135858     
   74.750000000000000        339.15581235397644     
   75.000000000000000        341.02916018388908     
   75.250000000000000        342.10881877379489     
   75.500000000000000        342.32289633306812     
   75.750000000000000        341.62135581775175     
   76.000000000000000        339.95416018388903     
   76.250000000000000        337.25332042814881     
   76.500000000000000        333.37903970970342     
   76.750000000000000        328.17356922835080     
   77.000000000000000        321.47916018388906     
   77.250000000000000        313.20754811694405     
   77.500000000000000        303.54840593145263     
   77.750000000000000        292.76089087217946     
   78.000000000000000        281.10416018388906     
   78.250000000000000        268.85785445740930     
   78.500000000000000        256.38354766782038     
   78.750000000000000        244.06329713626585     
   79.000000000000000        232.27916018388910     
   79.250000000000000        221.33091703175333     
   79.500000000000000        211.18923950060039     
   79.750000000000000        201.74252231109179     
   80.000000000000000        192.87916018388907     
   80.250000000000000        184.50984476891188     
   80.500000000000000        176.63445543311261     
   80.750000000000000        169.27516847270152     
   81.000000000000000        162.45416018388909     
   81.250000000000000        156.20232124593349     
   81.500000000000000        150.58539987028374     
   81.750000000000000        145.67785865143668     
   82.000000000000000        141.55416018388908     
   82.250000000000000        138.24333135068863     
   82.500000000000000        135.59265618908688     
   82.750000000000000        133.40398302488620     
   83.000000000000000        131.47916018388906     
   83.250000000000000        129.64423632964639     
   83.500000000000000        127.82206147670317     
   83.750000000000000        125.95968597735290     
   84.000000000000000        124.00416018388908     
   84.250000000000000        121.91757505906027     
   84.500000000000000        119.72218400743495     
   84.750000000000000        117.45528104403668     
   85.000000000000000        115.15416018388908     
   85.250000000000000        112.84558078744708     
   85.500000000000000        110.51416359689155     
   85.750000000000000        108.13399469983480     
   86.000000000000000        105.67916018388908     
   86.250000000000000        103.12896914448589     
   86.500000000000000        100.48362270833331     
   86.750000000000000        97.748545009958633     
   87.000000000000000        94.929160183889081     
   87.250000000000000        92.043191237943830     
   87.500000000000000        89.157556673109653     
   87.750000000000000        86.351473863665191     
   88.000000000000000        83.704160183889087     
   88.250000000000000        81.286117632073257     
   88.500000000000000        79.132986702562562     
   88.750000000000000        77.271692513715124     
   89.000000000000000        75.729160183889078     
   89.250000000000000        74.538861837097613     
   89.500000000000000        73.760457619974531     
   89.750000000000000        73.460154684808728     
   90.000000000000000        73.704160183889073     
   90.250000000000000        74.526364872870715     
   90.500000000000000        75.831393920873722     
   90.750000000000000        77.491556100384415     
   91.000000000000000        79.379160183889084     
   91.250000000000000        81.337671024753988     
   91.500000000000000        83.095177799865027     
   91.750000000000000        84.350925766988112     
   92.000000000000000        84.804160183889081     
   92.250000000000000        84.249865256447848     
   92.500000000000000        82.865980983000611     
   92.750000000000000        80.926186309997618     
   93.000000000000000        78.704160183889087     
   93.250000000000000        76.452672802789110     
   93.500000000000000        74.340859371467019     
   93.750000000000000        72.516946346355965     
   94.000000000000000        71.129160183889084     
   94.250000000000000        70.276904635730219     
   94.500000000000000        69.864292634465826     
   94.750000000000000        69.746614407913057     
   95.000000000000000        69.779160183889076     
   95.250000000000000        69.825607257624526     
   95.500000000000000        69.783181194004158     
   95.750000000000000        69.557494625326257     
   96.000000000000000        69.054160183889081     
   96.250000000000000        68.213596187106148     
   96.500000000000000        67.115443692851997     
   96.750000000000000        65.874149444116370     
   97.000000000000000        64.604160183889078     
   97.250000000000000        63.447312847285346     
   97.500000000000000        62.655005137922352     
   97.750000000000000        62.506024951542720     
   98.000000000000000        63.279160183889083     
   98.250000000000000        65.181097902086933     
   98.500000000000000        68.130121858793089     
   98.750000000000000        71.972414978047254     
   99.000000000000000        76.554160183889067     
   99.250000000000000        81.729819147701392     
   99.500000000000000        87.386968530239727     
   99.750000000000000        93.421463739602729     
   100.00000000000000        99.729160183889078     
   100.25000000000000        106.21521161044193     
   100.50000000000000        112.82196512358244     
   100.75000000000000        119.50106616687629     
   101.00000000000000        126.20416018388907     
   101.25000000000000        132.87726426386533     
   101.50000000000000        139.44388207876491     
   101.75000000000000        145.82188894622661     
   102.00000000000000        151.92916018388908     
   102.25000000000000        157.67452056243118     
   102.50000000000000        162.93059266469226     
   102.75000000000000        167.56094852655173     
   103.00000000000000        171.42916018388908     
   103.25000000000000        174.41797396474442     
   103.50000000000000        176.48683336580052     
   103.75000000000000        177.61435617590089     
   104.00000000000000        177.77916018388908     
   104.25000000000000        177.01174780692565     
   104.50000000000000        175.55015997544015     
   104.75000000000000        173.68432224817909     
   105.00000000000000        171.70416018388909     
   105.25000000000000        169.85023028588736     
   105.50000000000000        168.16561283577337     
   105.75000000000000        166.64401905971727     
   106.00000000000000        165.27916018388910     
   106.25000000000000        164.04862027785944     
   106.50000000000000        162.86547478480082     
   106.75000000000000        161.62667199128637     
   107.00000000000000        160.22916018388906     
   107.25000000000000        158.58571845600943     
   107.50000000000000        156.67244912835778     
   107.75000000000000        154.48128532847176     
   108.00000000000000        152.00416018388907     
   108.25000000000000        149.23737325143722     
   108.50000000000000        146.19468980510251     
   108.75000000000000        142.89424154816109     
   109.00000000000000        139.35416018388906     
   109.25000000000000        135.58623401657619     
   109.50000000000000        131.57687775456662     
   109.75000000000000        127.30616270721831     
   110.00000000000000        122.75416018388910     
   110.25000000000000        117.90788616059260     
   110.50000000000000        112.78213527996549     
   110.75000000000000        107.39864685130017     
   111.00000000000000        101.77916018388908     
   111.25000000000000        95.975541819387942     
   111.50000000000000        90.160167228905934     
   111.75000000000000        84.535539115915483     
   112.00000000000000        79.304160183889081     
   112.25000000000000        74.601235790190060     
   112.50000000000000        70.292781907745265     
   112.75000000000000        66.177517163372372     
   113.00000000000000        62.054160183889081     
   113.25000000000000        57.772991748186264     
   113.50000000000000        53.390541243447494     
   113.75000000000000        49.014900208929525     
   114.00000000000000        44.754160183889084     
   114.25000000000000        40.717695820399356     
   114.50000000000000        37.020014221799237     
   114.75000000000000        33.776905604244043     
   115.00000000000000        31.104160183889078     
   115.25000000000000        29.076498573550786     
   115.50000000000000        27.604362972690030     
   115.75000000000000        26.557125977428797     
   116.00000000000000        25.804160183889081     
   116.25000000000000        25.302833488731984     
   116.50000000000000        25.362494990775122     
   116.75000000000000        26.380489089375239     
   117.00000000000000        28.754160183889077     
   117.25000000000000        32.769550449855764     
   117.50000000000000        38.267493167543961     
   117.75000000000000        44.977519393404719     
   118.00000000000000        52.629160183889084     
   118.25000000000000        60.933769565179439     
   118.50000000000000        69.529993442383528     
   118.75000000000000        78.038300690340392     
   119.00000000000000        86.079160183889087     
   119.25000000000000        93.376191767760957     
   119.50000000000000        100.06561916625644     
   119.75000000000000        106.38681707356825     
   120.00000000000000        112.57916018388909     
   120.25000000000000        118.86454946711125     
   120.50000000000000        125.39499099592521     
   120.75000000000000        132.30501711872114     
   121.00000000000000        139.72916018388909     
   121.25000000000000        147.72650896712867     
   121.50000000000000        156.05437795337721     
   121.75000000000000        164.39463805488171     
   122.00000000000000        172.42916018388908     
   122.25000000000000        179.82468826770872     
   122.50000000000000        186.18745829390042     
   122.75000000000000        191.10857926508643     
   123.00000000000000        194.17916018388908     
   123.25000000000000        195.13758969037090     
   123.50000000000000        194.31137497435554     
   123.75000000000000        192.17530286310699     
   124.00000000000000        189.20416018388909     
   124.25000000000000        185.83038282414216     
   124.50000000000000        182.31700291201182     
   124.75000000000000        178.88470163582014     
   125.00000000000000        175.75416018388907     
   125.25000000000000        173.03771511639502     
   125.50000000000000        170.41432448093167     
   125.75000000000000        167.45460169694701     
   126.00000000000000        163.72916018388906     
   126.25000000000000        158.94996781361220     
   126.50000000000000        153.39441026759593     
   126.75000000000000        147.48122767972626     
   127.00000000000000        141.62916018388910     
   127.25000000000000        136.20768723249071     
   127.50000000000000        131.38924555201905     
   127.75000000000000        127.29701118748240     
   128.00000000000000        124.05416018388908     
   128.25000000000000        121.75322873475949     
   128.50000000000000        120.36419362766242     
   128.75000000000000        119.82639179867867     
   129.00000000000000        120.07916018388909     
   129.25000000000000        121.14771830680580     
   129.50000000000000        123.40081604066582     
   129.75000000000000        127.29308584613746     
   130.00000000000000        133.27916018388908     
   130.25000000000000        141.68124976635184     
   130.50000000000000        152.29187831300882     
   130.75000000000000        164.77114779510592     
   131.00000000000000        178.77916018388908     
   131.25000000000000        193.97333748112126     
   131.50000000000000        210.00038181063337     
   131.75000000000000        226.50431532677334     
   132.00000000000000        243.12916018388910     
   132.25000000000000        259.63590828749756     
   132.50000000000000        276.25343054779216     
   132.75000000000000        293.32756762613519     
   133.00000000000000        311.20416018388909     
   133.25000000000000        330.18728734722282     
   133.50000000000000        350.41398210153238     
   133.75000000000000        371.97951589702029     
   134.00000000000000        394.97916018388906     
   134.25000000000000        419.40084092694548     
   134.50000000000000        444.80310214941267     
   134.75000000000000        470.63714238911808     
   135.00000000000000        496.35416018388901     
   135.25000000000000        521.47884129832960     
   135.50000000000000        545.82982040415106     
   135.75000000000000        569.29921939984160     
   136.00000000000000        591.77916018388908     
   136.25000000000000        613.16656748307048     
   136.50000000000000        633.37757733731735     
   136.75000000000000        652.33312861485001     
   137.00000000000000        669.95416018388903     
   137.25000000000000        686.16031862272291     
   137.50000000000000        700.86608134991400     
   137.75000000000000        713.98463349409246     
   138.00000000000000        725.42916018388905     
   138.25000000000000        735.15461912937201     
   138.50000000000000        743.28305836636116     
   138.75000000000000        749.97829851211441     
   139.00000000000000        755.40416018388908     
   139.25000000000000        759.77507221312339     
   139.50000000000000        763.50789628797554     
   139.75000000000000        767.07010231078459     
   140.00000000000000        770.92916018388905     
   140.25000000000000        775.19505312146907     
   140.50000000000000        778.54781758507079     
   140.75000000000000        779.31000334808164     
   141.00000000000000        775.80416018388905     
   141.25000000000000        766.54545765433454     
   141.50000000000000        750.81954447507553     
   141.75000000000000        728.10468915022329     
   142.00000000000000        697.87916018388898     
   142.25000000000000        660.27151486452669     
   142.50000000000000        618.01146561796088     
   142.75000000000000        574.47901365435916     
   143.00000000000000        533.05416018388905     
   143.25000000000000        496.38836586589298     
   143.50000000000000        464.21892915641490     
   143.75000000000000        435.55460796067393     
   144.00000000000000        409.40416018388908     
   144.25000000000000        384.87810777523572     
   144.50000000000000        361.49402885971375     
   144.75000000000000        338.87126560627945     

