#TitleText:Ni(001)-(5x5)-Li     Beam (3/5,3/5)            Rfac10=       1.0000
 #"IV theory
   66.25000       44.42722    
   66.50000       47.17716    
   66.75000       49.93684    
   67.00000       52.69461    
   67.25000       55.43855    
   67.50000       58.15576    
   67.75000       60.83306    
   68.00000       63.45730    
   68.25000       66.01518    
   68.50000       68.49291    
   68.75000       70.87658    
   69.00000       73.15224    
   69.25000       75.30602    
   69.50000       77.32396    
   69.75000       79.19215    
   70.00000       80.89669    
   70.25000       82.42439    
   70.50000       83.76510    
   70.75000       84.90936    
   71.00000       85.84779    
   71.25000       86.57244    
   71.50000       87.08140    
   71.75000       87.37422    
   72.00000       87.45050    
   72.25000       87.31055    
   72.50000       86.95769    
   72.75000       86.39597    
   73.00000       85.62949    
   73.25000       84.66231    
   73.50000       83.49849    
   73.75000       82.14209    
   74.00000       80.59721    
   74.25000       78.86848    
   74.50000       76.96295    
   74.75000       74.88822    
   75.00000       72.65189    
   75.25000       70.26279    
   75.50000       67.73438    
   75.75000       65.08143    
   76.00000       62.31861    
   76.25000       59.46123    
   76.50000       56.52693    
   76.75000       53.53397    
   77.00000       50.50058    
   77.25000       47.44503    
   77.50000       44.38555    
   77.75000       41.34039    
   78.00000       38.32782    
   78.25000       35.36569    
   78.50000       32.47044    
   78.75000       29.65807    
   79.00000       26.94467    
   79.25000       24.34551    
   79.50000       21.87297    
   79.75000       19.53868    
   80.00000       17.35426    
   80.25000       15.33099    
   80.50000       13.47866    
   80.75000       11.80668    
   81.00000       10.32448    
   81.25000       9.041495    
   81.50000       7.967140    
   81.75000       7.110841    
   82.00000       6.482024    
   82.25000       6.089257    
   82.50000       5.937686    
   82.75000       6.031603    
   83.00000       6.375298    
   83.25000       6.971352    
   83.50000       7.815499    
   83.75000       8.901761    
   84.00000       10.22417    
   84.25000       11.77588    
   84.50000       13.54665    
   84.75000       15.52536    
   85.00000       17.70090    
   85.25000       20.06218    
   85.50000       22.59806    
   85.75000       25.29745    
   86.00000       28.14923    
   86.25000       31.14200    
   86.50000       34.26315    
   86.75000       37.49978    
   87.00000       40.83898    
   87.25000       44.26725    
   87.50000       47.76870    
   87.75000       51.32684    
   88.00000       54.92516    
   88.25000       58.54689    
   88.50000       62.17404    
   88.75000       65.78831    
   89.00000       69.37142    
   89.25000       72.90510    
   89.50000       76.37103    
   89.75000       79.75095    
   90.00000       83.02657    
   90.25000       86.18023    
   90.50000       89.19676    
   90.75000       92.06162    
   91.00000       94.76025    
   91.25000       97.27938    
   91.50000       99.61069    
   91.75000       101.7472    
   92.00000       103.6817    
   92.25000       105.4079    
   92.50000       106.9218    
   92.75000       108.2201    
   93.00000       109.2995    
   93.25000       110.1567    
   93.50000       110.7884    
   93.75000       111.1912    
   94.00000       111.3619    
   94.25000       111.2981    
   94.50000       111.0010    
   94.75000       110.4727    
   95.00000       109.7156    
   95.25000       108.7336    
   95.50000       107.5379    
   95.75000       106.1419    
   96.00000       104.5585    
   96.25000       102.8020    
   96.50000       100.8899    
   96.75000       98.84102    
   97.00000       96.67393    
   97.25000       94.40726    
   97.50000       92.05968    
   97.75000       89.64982    
   98.00000       87.19633    
   98.25000       84.71810    
   98.50000       82.23519    
   98.75000       79.76789    
   99.00000       77.33652    
   99.25000       74.96194    
   99.50000       72.66724    
   99.75000       70.47605    
   100.0000       68.41201    
   100.2500       66.49904    
   100.5000       64.76218    
   100.7500       63.22673    
   101.0000       61.91799    
   101.2500       60.86128    
   101.5000       60.08190    
   101.7500       59.60516    
   102.0000       59.45635    
   102.2500       59.66010    
   102.5000       60.23815    
   102.7500       61.21158    
   103.0000       62.60144    
   103.2500       64.42738    
   103.5000       66.70337    
   103.7500       69.44199    
   104.0000       72.65582    
   104.2500       76.35668    
   104.5000       80.55363    
   104.7500       85.25497    
 
