#TitleText:Ni(001)-(5x5)-Li     Beam (4/5,0)              Rfac10=       0.7808
 #"IV theory
   40.25000       1440.115    
   40.50000       1450.073    
   40.75000       1460.499    
   41.00000       1471.302    
   41.25000       1482.392    
   41.50000       1493.680    
   41.75000       1505.074    
   42.00000       1516.486    
   42.25000       1527.826    
   42.50000       1539.017    
   42.75000       1549.983    
   43.00000       1560.648    
   43.25000       1570.942    
   43.50000       1580.812    
   43.75000       1590.212    
   44.00000       1599.094    
   44.25000       1607.415    
   44.50000       1615.139    
   44.75000       1622.233    
   45.00000       1628.665    
   45.25000       1634.403    
   45.50000       1639.413    
   45.75000       1643.664    
   46.00000       1647.123    
   46.25000       1649.759    
   46.50000       1651.548    
   46.75000       1652.470    
   47.00000       1652.503    
   47.25000       1651.630    
   47.50000       1649.848    
   47.75000       1647.158    
   48.00000       1643.561    
   48.25000       1639.060    
   48.50000       1633.666    
   48.75000       1627.391    
   49.00000       1620.248    
   49.25000       1612.248    
   49.50000       1603.403    
   49.75000       1593.728    
   50.00000       1583.233    
   50.25000       1571.932    
   50.50000       1559.844    
   50.75000       1546.986    
   51.00000       1533.379    
   51.25000       1519.044    
   51.50000       1504.010    
   51.75000       1488.312    
   52.00000       1471.980    
   52.25000       1455.049    
   52.50000       1437.557    
   52.75000       1419.543    
   53.00000       1401.047    
   53.25000       1382.108    
   53.50000       1362.766    
   53.75000       1343.059    
   54.00000       1323.026    
   54.25000       1302.708    
   54.50000       1282.143    
   54.75000       1261.368    
   55.00000       1240.423    
   55.25000       1219.344    
   55.50000       1198.170    
   55.75000       1176.935    
   56.00000       1155.677    
   56.25000       1134.431    
   56.50000       1113.233    
   56.75000       1092.118    
   57.00000       1071.121    
   57.25000       1050.278    
   57.50000       1029.624    
   57.75000       1009.194    
   58.00000       989.0238    
   58.25000       969.1470    
   58.50000       949.5940    
   58.75000       930.3943    
   59.00000       911.5773    
   59.25000       893.1700    
   59.50000       875.1920    
   59.75000       857.6605    
   60.00000       840.5930    
   60.25000       824.0056    
   60.50000       807.9111    
   60.75000       792.3206    
   61.00000       777.2455    
   61.25000       762.6973    
   61.50000       748.6873    
   61.75000       735.2268    
   62.00000       722.3274    
   62.25000       709.9995    
   62.50000       698.2501    
   62.75000       687.0855    
   63.00000       676.5118    
   63.25000       666.5334    
   63.50000       657.1479    
   63.75000       648.3508    
   64.00000       640.1381    
   64.25000       632.5044    
   64.50000       625.4412    
   64.75000       618.9390    
   65.00000       612.9883    
   65.25000       607.5798    
   65.50000       602.7037    
   65.75000       598.3506    
   66.00000       594.5112    
   66.25000       591.1755    
   66.50000       588.3320    
   66.75000       585.9690    
   67.00000       584.0747    
   67.25000       582.6366    
   67.50000       581.6390    
   67.75000       581.0657    
   68.00000       580.9002    
   68.25000       581.1257    
   68.50000       581.7241    
   68.75000       582.6766    
   69.00000       583.9645    
   69.25000       585.5692    
   69.50000       587.4720    
   69.75000       589.6543    
   70.00000       592.0974    
   70.25000       594.7828    
   70.50000       597.6919    
   70.75000       600.8069    
   71.00000       604.1093    
   71.25000       607.5812    
   71.50000       611.2051    
   71.75000       614.9638    
   72.00000       618.8398    
   72.25000       622.8162    
   72.50000       626.8759    
   72.75000       631.0020    
   73.00000       635.1778    
   73.25000       639.3865    
   73.50000       643.6111    
   73.75000       647.8349    
   74.00000       652.0411    
   74.25000       656.2131    
   74.50000       660.3352    
   74.75000       664.3923    
   75.00000       668.3691    
   75.25000       672.2507    
   75.50000       676.0245    
   75.75000       679.6782    
   76.00000       683.1994    
   76.25000       686.5762    
   76.50000       689.7979    
   76.75000       692.8536    
   77.00000       695.7327    
   77.25000       698.4244    
   77.50000       700.9181    
   77.75000       703.2031    
   78.00000       705.2686    
   78.25000       707.1048    
   78.50000       708.7042    
   78.75000       710.0605    
   79.00000       711.1672    
   79.25000       712.0192    
   79.50000       712.6168    
   79.75000       712.9620    
   80.00000       713.0566    
   80.25000       712.9032    
   80.50000       712.5071    
   80.75000       711.8743    
   81.00000       711.0109    
   81.25000       709.9230    
   81.50000       708.6165    
   81.75000       707.0976    
   82.00000       705.3722    
   82.25000       703.4473    
   82.50000       701.3338    
   82.75000       699.0432    
   83.00000       696.5873    
   83.25000       693.9797    
   83.50000       691.2413    
   83.75000       688.3953    
   84.00000       685.4647    
   84.25000       682.4733    
   84.50000       679.4489    
   84.75000       676.4201    
   85.00000       673.4156    
   85.25000       670.4641    
   85.50000       667.5940    
   85.75000       664.8341    
   86.00000       662.2131    
   86.25000       659.7599    
   86.50000       657.5063    
   86.75000       655.4838    
   87.00000       653.7245    
   87.25000       652.2614    
   87.50000       651.1313    
   87.75000       650.3731    
   88.00000       650.0250    
   88.25000       650.1258    
   88.50000       650.7167    
   88.75000       651.8391    
   89.00000       653.5347    
   89.25000       655.8452    
   89.50000       658.8120    
   89.75000       662.4769    
   90.00000       666.8811    
   90.25000       672.0662    
   90.50000       678.0712    
   90.75000       684.9348    
   91.00000       692.6957    
   91.25000       701.3920    
   91.50000       711.0573    
   91.75000       721.7250    
   92.00000       733.4280    
   92.25000       746.1989    
   92.50000       760.0682    
   92.75000       775.0664    
   93.00000       791.2236    
   93.25000       808.5699    
   93.50000       827.1357    
   93.75000       846.9511    
   94.00000       868.0462    
   94.25000       890.4499    
   94.50000       914.1848    
   94.75000       939.2717    
   95.00000       965.7320    
   95.25000       993.5836    
   95.50000       1022.832    
   95.75000       1053.481    
   96.00000       1085.533    
   96.25000       1118.989    
   96.50000       1153.845    
   96.75000       1190.094    
   97.00000       1227.731    
   97.25000       1266.748    
   97.50000       1307.139    
   97.75000       1348.899    
   98.00000       1392.021    
   98.25000       1436.497    
   98.50000       1482.312    
   98.75000       1529.448    
   99.00000       1577.890    
   99.25000       1627.615    
   99.50000       1678.590    
   99.75000       1730.775    
   100.0000       1784.133    
   100.2500       1838.622    
   100.5000       1894.196    
   100.7500       1950.804    
   101.0000       2008.398    
   101.2500       2066.929    
   101.5000       2126.347    
   101.7500       2186.602    
   102.0000       2247.646    
   102.2500       2309.428    
   102.5000       2371.894    
   102.7500       2434.989    
   103.0000       2498.656    
   103.2500       2562.841    
   103.5000       2627.475    
   103.7500       2692.493    
   104.0000       2757.828    
   104.2500       2823.410    
   104.5000       2889.169    
   104.7500       2955.030    
   105.0000       3020.920    
   105.2500       3086.767    
   105.5000       3152.496    
   105.7500       3218.035    
   106.0000       3283.310    
   106.2500       3348.249    
   106.5000       3412.780    
   106.7500       3476.831    
   107.0000       3540.332    
   107.2500       3603.211    
   107.5000       3665.400    
   107.7500       3726.832    
   108.0000       3787.439    
   108.2500       3847.153    
   108.5000       3905.909    
   108.7500       3963.641    
   109.0000       4020.283    
   109.2500       4075.770    
   109.5000       4130.036    
   109.7500       4183.014    
   110.0000       4234.640    
   110.2500       4284.849    
   110.5000       4333.583    
   110.7500       4380.784    
   111.0000       4426.396    
   111.2500       4470.363    
   111.5000       4512.645    
   111.7500       4553.201    
   112.0000       4591.992    
   112.2500       4628.980    
   112.5000       4664.131    
   112.7500       4697.417    
   113.0000       4728.804    
   113.2500       4758.263    
   113.5000       4785.762    
   113.7500       4811.271    
   114.0000       4834.758    
   114.2500       4856.196    
   114.5000       4875.562    
   114.7500       4892.838    
   115.0000       4908.006    
   115.2500       4921.050    
   115.5000       4931.973    
   115.7500       4940.778    
   116.0000       4947.472    
   116.2500       4952.061    
   116.5000       4954.562    
   116.7500       4954.990    
   117.0000       4953.365    
   117.2500       4949.703    
   117.5000       4944.021    
   117.7500       4936.339    
   118.0000       4926.671    
   118.2500       4915.037    
   118.5000       4901.461    
   118.7500       4885.969    
   119.0000       4868.587    
   119.2500       4849.342    
   119.5000       4828.273    
   119.7500       4805.423    
   120.0000       4780.833    
   120.2500       4754.547    
   120.5000       4726.614    
   120.7500       4697.081    
   121.0000       4666.002    
   121.2500       4633.424    
   121.5000       4599.398    
   121.7500       4563.974    
   122.0000       4527.202    
   122.2500       4489.132    
   122.5000       4449.816    
   122.7500       4409.306    
   123.0000       4367.653    
   123.2500       4324.912    
   123.5000       4281.135    
   123.7500       4236.381    
   124.0000       4190.705    
   124.2500       4144.162    
   124.5000       4096.812    
   124.7500       4048.710    
   125.0000       3999.917    
   125.2500       3950.490    
   125.5000       3900.486    
   125.7500       3849.963    
   126.0000       3798.981    
   126.2500       3747.596    
   126.5000       3695.863    
   126.7500       3643.837    
   127.0000       3591.574    
   127.2500       3539.127    
   127.5000       3486.546    
   127.7500       3433.878    
   128.0000       3381.174    
   128.2500       3328.481    
   128.5000       3275.846    
   128.7500       3223.313    
   129.0000       3170.928    
   129.2500       3118.737    
   129.5000       3066.785    
   129.7500       3015.118    
   130.0000       2963.782    
   130.2500       2912.820    
   130.5000       2862.272    
   130.7500       2812.177    
   131.0000       2762.573    
   131.2500       2713.496    
   131.5000       2664.973    
   131.7500       2617.029    
   132.0000       2569.687    
   132.2500       2522.970    
   132.5000       2476.898    
   132.7500       2431.487    
   133.0000       2386.754    
   133.2500       2342.718    
   133.5000       2299.394    
   133.7500       2256.801    
   134.0000       2214.955    
   134.2500       2173.873    
   134.5000       2133.566    
   134.7500       2094.047    
   135.0000       2055.325    
   135.2500       2017.410    
   135.5000       1980.303    
   135.7500       1944.001    
   136.0000       1908.504    
   136.2500       1873.809    
   136.5000       1839.910    
   136.7500       1806.798    
   137.0000       1774.467    
   137.2500       1742.909    
   137.5000       1712.116    
   137.7500       1682.079    
   138.0000       1652.793    
   138.2500       1624.249    
   138.5000       1596.436    
   138.7500       1569.344    
   139.0000       1542.962    
   139.2500       1517.279    
   139.5000       1492.279    
   139.7500       1467.947    
   140.0000       1444.264    
   140.2500       1421.215    
   140.5000       1398.780    
   140.7500       1376.940    
 
