#TitleText:Ni(001)-(5x5)-Li     Beam (4/5,1/5)            Rfac10=       0.5435
 #"IV theory
   40.2500000       38.4150848    
   40.5000000       37.9558258    
   40.7500000       37.5134354    
   41.0000000       37.0890541    
   41.2500000       36.6837997    
   41.5000000       36.2988052    
   41.7500000       35.9352074    
   42.0000000       35.5941238    
   42.2500000       35.2768211    
   42.5000000       34.9850616    
   42.7500000       34.7207527    
   43.0000000       34.4857903    
   43.2500000       34.2823257    
   43.5000000       34.1135483    
   43.7500000       33.9828987    
   44.0000000       33.8938141    
   44.2500000       33.8498573    
   44.5000000       33.8551216    
   44.7500000       33.9138031    
   45.0000000       34.0301247    
   45.2500000       34.2082901    
   45.5000000       34.4525032    
   45.7500000       34.7669868    
   46.0000000       35.1559410    
   46.2500000       35.6231194    
   46.5000000       36.1704483    
   46.7500000       36.7993813    
   47.0000000       37.5113754    
   47.2500000       38.3069878    
   47.5000000       39.1830902    
   47.7500000       40.1356468    
   48.0000000       41.1606255    
   48.2500000       42.2535324    
   48.5000000       43.4080315    
   48.7500000       44.6173439    
   49.0000000       45.8746910    
   49.2500000       47.1732826    
   49.5000000       48.5063248    
   49.7500000       49.8670425    
   50.0000000       51.2486496    
   50.2500000       52.6444321    
   50.5000000       54.0479240    
   50.7500000       55.4527550    
   51.0000000       56.8525276    
   51.2500000       58.2409897    
   51.5000000       59.6124268    
   51.7500000       60.9612503    
   52.0000000       62.2818642    
   52.2500000       63.5687599    
   52.5000000       64.8166656    
   52.7500000       66.0204010    
   53.0000000       67.1747818    
   53.2500000       68.2746124    
   53.5000000       69.3146973    
   53.7500000       70.2898712    
   54.0000000       71.1949158    
   54.2500000       72.0250092    
   54.5000000       72.7767105    
   54.7500000       73.4469223    
   55.0000000       74.0325470    
   55.2500000       74.5311890    
   55.5000000       74.9432602    
   55.7500000       75.2698441    
   56.0000000       75.5120392    
   56.2500000       75.6713028    
   56.5000000       75.7504807    
   56.7500000       75.7527542    
   57.0000000       75.6813278    
   57.2500000       75.5393982    
   57.5000000       75.3301544    
   57.7500000       75.0567932    
   58.0000000       74.7224960    
   58.2500000       74.3305511    
   58.5000000       73.8845444    
   58.7500000       73.3881531    
   59.0000000       72.8450470    
   59.2500000       72.2590714    
   59.5000000       71.6346817    
   59.7500000       70.9765167    
   60.0000000       70.2892227    
   60.2500000       69.5774994    
   60.5000000       68.8463669    
   60.7500000       68.1009598    
   61.0000000       67.3463745    
   61.2500000       66.5877380    
   61.5000000       65.8301544    
   61.7500000       65.0787201    
   62.0000000       64.3385696    
   62.2500000       63.6146965    
   62.5000000       62.9116478    
   62.7500000       62.2338448    
   63.0000000       61.5857277    
   63.2500000       60.9715004    
   63.5000000       60.3944626    
   63.7500000       59.8576851    
   64.0000000       59.3642464    
   64.2500000       58.9170990    
   64.5000000       58.5187492    
   64.7500000       58.1716080    
   65.0000000       57.8780403    
   65.2500000       57.6404572    
   65.5000000       57.4612503    
   65.7500000       57.3428078    
   66.0000000       57.2875290    
   66.2500000       57.2977791    
   66.5000000       57.3758507    
   66.7500000       57.5240173    
   67.0000000       57.7445374    
   67.2500000       58.0396500    
   67.5000000       58.4114075    
   67.7500000       58.8618393    
   68.0000000       59.3929634    
   68.2500000       60.0067749    
   68.5000000       60.7051926    
   68.7500000       61.4901123    
   69.0000000       62.3634377    
   69.2500000       63.3270531    
   69.5000000       64.3828735    
   69.7500000       65.5327759    
   70.0000000       66.7786636    
   70.2500000       68.1224670    
   70.5000000       69.5661545    
   70.7500000       71.1117783    
   71.0000000       72.7613449    
   71.2500000       74.5169220    
   71.5000000       76.3807220    
   71.7500000       78.3550339    
   72.0000000       80.4421082    
   72.2500000       82.6442413    
   72.5000000       84.9638138    
   72.7500000       87.4032059    
   73.0000000       89.9648132    
   73.2500000       92.6510315    
   73.5000000       95.4642487    
   73.7500000       98.4068604    
   74.0000000       101.481262    
   74.2500000       104.689659    
   74.5000000       108.033516    
   74.7500000       111.514137    
   75.0000000       115.132820    
   75.2500000       118.890472    
   75.5000000       122.786560    
   75.7500000       126.820198    
   76.0000000       130.990433    
   76.2500000       135.296204    
   76.5000000       139.735657    
   76.7500000       144.306808    
   77.0000000       149.007629    
   77.2500000       153.836121    
   77.5000000       158.790268    
   77.7500000       163.868057    
   78.0000000       169.067459    
   78.2500000       174.386215    
   78.5000000       179.820755    
   78.7500000       185.367203    
   79.0000000       191.021729    
   79.2500000       196.779892    
   79.5000000       202.634750    
   79.7500000       208.578796    
   80.0000000       214.604492    
   80.2500000       220.704010    
   80.5000000       226.868332    
   80.7500000       233.088028    
   81.0000000       239.353790    
   81.2500000       245.656204    
   81.5000000       251.985992    
   81.7500000       258.333710    
   82.0000000       264.690002    
   82.2500000       271.045471    
   82.5000000       277.390259    
   82.7500000       283.714508    
   83.0000000       290.008331    
   83.2500000       296.261719    
   83.5000000       302.463837    
   83.7500000       308.603790    
   84.0000000       314.670654    
   84.2500000       320.653381    
   84.5000000       326.540619    
   84.7500000       332.320953    
   85.0000000       337.982880    
   85.2500000       343.514984    
   85.5000000       348.905823    
   85.7500000       354.143890    
   86.0000000       359.217773    
   86.2500000       364.116333    
   86.5000000       368.829742    
   86.7500000       373.348480    
   87.0000000       377.663086    
   87.2500000       381.764709    
   87.5000000       385.647095    
   87.7500000       389.304626    
   88.0000000       392.731812    
   88.2500000       395.923279    
   88.5000000       398.875122    
   88.7500000       401.583649    
   89.0000000       404.045288    
   89.2500000       406.256348    
   89.5000000       408.213196    
   89.7500000       409.912262    
   90.0000000       411.349823    
   90.2500000       412.522827    
   90.5000000       413.430511    
   90.7500000       414.072479    
   91.0000000       414.448547    
   91.2500000       414.559570    
   91.5000000       414.410797    
   91.7500000       414.008728    
   92.0000000       413.359894    
   92.2500000       412.471191    
   92.5000000       411.351959    
   92.7500000       410.011993    
   93.0000000       408.461121    
   93.2500000       406.709137    
   93.5000000       404.765930    
   93.7500000       402.641174    
   94.0000000       400.344910    
   94.2500000       397.887115    
   94.5000000       395.279480    
   94.7500000       392.533905    
   95.0000000       389.662323    
   95.2500000       386.677368    
   95.5000000       383.594543    
   95.7500000       380.430023    
   96.0000000       377.199921    
   96.2500000       373.920776    
   96.5000000       370.610565    
   96.7500000       367.287506    
   97.0000000       363.969940    
   97.2500000       360.676147    
   97.5000000       357.424347    
   97.7500000       354.232910    
   98.0000000       351.120087    
   98.2500000       348.103973    
   98.5000000       345.202209    
   98.7500000       342.432190    
   99.0000000       339.811340    
   99.2500000       337.356781    
   99.5000000       335.084534    
   99.7500000       333.010254    
   100.000000       331.149719    
   100.250000       329.518433    
   100.500000       328.131378    
   100.750000       327.003357    
   101.000000       326.149323    
   101.250000       325.584045    
   101.500000       325.322388    
   101.750000       325.379150    
   102.000000       325.769196    
   102.250000       326.506866    
   102.500000       327.603912    
   102.750000       329.071747    
   103.000000       330.921753    
   103.250000       333.163940    
   103.500000       335.803925    
   103.750000       338.845917    
   104.000000       342.294250    
   104.250000       346.152618    
   104.500000       350.422333    
   104.750000       355.104218    
   105.000000       360.199097    
   105.250000       365.707703    
   105.500000       371.630798    
   105.750000       377.969177    
   106.000000       384.723633    
   106.250000       391.894257    
   106.500000       399.478516    
   106.750000       407.473206    
   107.000000       415.875061    
   107.250000       424.679565    
   107.500000       433.876770    
   107.750000       443.455475    
   108.000000       453.404541    
   108.250000       463.712036    
   108.500000       474.363342    
   108.750000       485.343353    
   109.000000       496.636719    
   109.250000       508.228333    
   109.500000       520.102905    
   109.750000       532.245300    
   110.000000       544.640198    
   110.250000       557.272095    
   110.500000       570.124023    
   110.750000       583.178650    
   111.000000       596.418701    
   111.250000       609.826050    
   111.500000       623.380005    
   111.750000       637.058960    
   112.000000       650.841492    
   112.250000       664.705750    
   112.500000       678.628418    
   112.750000       692.585876    
   113.000000       706.554626    
   113.250000       720.510925    
   113.500000       734.431274    
   113.750000       748.292053    
   114.000000       762.069702    
   114.250000       775.740723    
   114.500000       789.282471    
   114.750000       802.672546    
   115.000000       815.888611    
   115.250000       828.908630    
   115.500000       841.711975    
   115.750000       854.278687    
   116.000000       866.588623    
   116.250000       878.621948    
   116.500000       890.359619    
   116.750000       901.782532    
   117.000000       912.872009    
   117.250000       923.609009    
   117.500000       933.974731    
   117.750000       943.950134    
   118.000000       953.516357    
   118.250000       962.655212    
   118.500000       971.350525    
   118.750000       979.587097    
   119.000000       987.349365    
   119.250000       994.623291    
   119.500000       1001.39923    
   119.750000       1007.66901    
   120.000000       1013.42419    
   120.250000       1018.65692    
   120.500000       1023.36206    
   120.750000       1027.53442    
   121.000000       1031.16956    
   121.250000       1034.26257    
   121.500000       1036.80859    
   121.750000       1038.80261    
   122.000000       1040.24011    
   122.250000       1041.11682    
   122.500000       1041.43127    
   122.750000       1041.18274    
   123.000000       1040.37048    
   123.250000       1038.99512    
   123.500000       1037.06274    
   123.750000       1034.58057    
   124.000000       1031.55591    
   124.250000       1027.99683    
   124.500000       1023.91406    
   124.750000       1019.31897    
   125.000000       1014.22308    
   125.250000       1008.63776    
   125.500000       1002.57428    
   125.750000       996.044250    
   126.000000       989.058899    
   126.250000       981.630249    
   126.500000       973.772095    
   126.750000       965.498657    
   127.000000       956.824219    
   127.250000       947.764099    
   127.500000       938.337585    
   127.750000       928.564575    
   128.000000       918.465149    
   128.250000       908.059937    
   128.500000       897.371399    
   128.750000       886.422485    
   129.000000       875.236328    
   129.250000       863.835754    
   129.500000       852.243774    
   129.750000       840.483337    
   130.000000       828.577515    
   130.250000       816.549316    
   130.500000       804.421753    
   130.750000       792.217834    
   131.000000       779.960754    
   131.250000       767.673645    
   131.500000       755.379700    
   131.750000       743.102295    
   132.000000       730.864624    
   132.250000       718.690125    
   132.500000       706.602051    
   132.750000       694.623901    
   133.000000       682.779053    
   133.250000       671.090942    
   133.500000       659.582886    
   133.750000       648.278442    
   134.000000       637.200928    
   134.250000       626.373352    
   134.500000       615.817200    
   134.750000       605.553650    
   135.000000       595.603943    
   135.250000       585.988281    
   135.500000       576.724182    
   135.750000       567.828125    
   136.000000       559.316772    
   136.250000       551.206482    
   136.500000       543.511658    
   136.750000       536.247009    
   137.000000       529.426697    
   137.250000       523.065063    
   137.500000       517.176453    
   137.750000       511.775208    
   138.000000       506.875732    
   138.250000       502.491699    
   138.500000       498.634583    
   138.750000       495.314941    
   139.000000       492.543701    
   139.250000       490.330353    
   139.500000       488.679718    
   139.750000       487.595367    

