#TitleText:Ni(001)-(5x5)-Li     Beam (2/5,2/5)            Rfac10=       1.1720
 #"IV theory
   40.25000       68.88966    
   40.50000       69.31609    
   40.75000       69.91982    
   41.00000       70.68439    
   41.25000       71.59341    
   41.50000       72.63047    
   41.75000       73.77917    
   42.00000       75.02310    
   42.25000       76.34619    
   42.50000       77.73383    
   42.75000       79.17171    
   43.00000       80.64557    
   43.25000       82.14183    
   43.50000       83.64975    
   43.75000       85.15932    
   44.00000       86.66051    
   44.25000       88.14365    
   44.50000       89.60046    
   44.75000       91.02309    
   45.00000       92.40360    
   45.25000       93.73412    
   45.50000       95.00674    
   45.75000       96.21358    
   46.00000       97.34671    
   46.25000       98.39873    
   46.50000       99.36398    
   46.75000       100.2373    
   47.00000       101.0135    
   47.25000       101.6884    
   47.50000       102.2613    
   47.75000       102.7325    
   48.00000       103.1023    
   48.25000       103.3715    
   48.50000       103.5426    
   48.75000       103.6187    
   49.00000       103.6027    
   49.25000       103.4976    
   49.50000       103.3066    
   49.75000       103.0326    
   50.00000       102.6786    
   50.25000       102.2478    
   50.50000       101.7437    
   50.75000       101.1700    
   51.00000       100.5303    
   51.25000       99.82849    
   51.50000       99.06933    
   51.75000       98.25773    
   52.00000       97.39861    
   52.25000       96.49706    
   52.50000       95.55850    
   52.75000       94.58854    
   53.00000       93.59274    
   53.25000       92.57667    
   53.50000       91.54591    
   53.75000       90.50605    
   54.00000       89.46264    
   54.25000       88.42116    
   54.50000       87.38660    
   54.75000       86.36387    
   55.00000       85.35783    
   55.25000       84.37316    
   55.50000       83.41360    
   55.75000       82.48266    
   56.00000       81.58387    
   56.25000       80.72060    
   56.50000       79.89582    
   56.75000       79.11235    
   57.00000       78.37302    
   57.25000       77.68066    
   57.50000       77.03809    
   57.75000       76.44814    
   58.00000       75.91365    
   58.25000       75.43733    
   58.50000       75.02151    
   58.75000       74.66835    
   59.00000       74.38007    
   59.25000       74.15866    
   59.50000       74.00526    
   59.75000       73.92084    
   60.00000       73.90631    
   60.25000       73.96252    
   60.50000       74.08987    
   60.75000       74.28870    
   61.00000       74.55930    
   61.25000       74.90199    
   61.50000       75.31707    
   61.75000       75.80486    
   62.00000       76.36568    
   62.25000       76.99976    
   62.50000       77.70701    
   62.75000       78.48727    
   63.00000       79.34039    
   63.25000       80.26602    
   63.50000       81.26325    
   63.75000       82.33095    
   64.00000       83.46802    
   64.25000       84.67327    
   64.50000       85.94521    
   64.75000       87.28226    
   65.00000       88.68283    
   65.25000       90.14536    
   65.50000       91.66824    
   65.75000       93.24992    
   66.00000       94.88879    
   66.25000       96.58318    
   66.50000       98.33095    
   66.75000       100.1298    
   67.00000       101.9775    
   67.25000       103.8716    
   67.50000       105.8086    
   67.75000       107.7849    
   68.00000       109.7970    
   68.25000       111.8410    
   68.50000       113.9127    
   68.75000       116.0079    
   69.00000       118.1223    
   69.25000       120.2514    
   69.50000       122.3911    
   69.75000       124.5370    
   70.00000       126.6847    
   70.25000       128.8301    
   70.50000       130.9687    
   70.75000       133.0962    
   71.00000       135.2083    
   71.25000       137.3007    
   71.50000       139.3689    
   71.75000       141.4087    
   72.00000       143.4155    
   72.25000       145.3852    
   72.50000       147.3132    
   72.75000       149.1951    
   73.00000       151.0266    
   73.25000       152.8033    
   73.50000       154.5208    
   73.75000       156.1747    
   74.00000       157.7605    
   74.25000       159.2741    
   74.50000       160.7117    
   74.75000       162.0699    
   75.00000       163.3450    
   75.25000       164.5340    
   75.50000       165.6345    
   75.75000       166.6449    
   76.00000       167.5633    
   76.25000       168.3881    
   76.50000       169.1181    
   76.75000       169.7525    
   77.00000       170.2903    
   77.25000       170.7305    
   77.50000       171.0722    
   77.75000       171.3144    
   78.00000       171.4562    
   78.25000       171.4969    
   78.50000       171.4370    
   78.75000       171.2771    
   79.00000       171.0181    
   79.25000       170.6611    
   79.50000       170.2097    
   79.75000       169.6679    
   80.00000       169.0398    
   80.25000       168.3297    
   80.50000       167.5430    
   80.75000       166.6855    
   81.00000       165.7629    
   81.25000       164.7809    
   81.50000       163.7451    
   81.75000       162.6615    
   82.00000       161.5356    
   82.25000       160.3733    
   82.50000       159.1812    
   82.75000       157.9661    
   83.00000       156.7348    
   83.25000       155.4942    
   83.50000       154.2530    
   83.75000       153.0200    
   84.00000       151.8039    
   84.25000       150.6138    
   84.50000       149.4594    
   84.75000       148.3505    
   85.00000       147.2971    
   85.25000       146.3089    
   85.50000       145.3959    
   85.75000       144.5679    
   86.00000       143.8348    
   86.25000       143.2063    
   86.50000       142.6916    
   86.75000       142.2999    
   87.00000       142.0402    
   87.25000       141.9215    
   87.50000       141.9514    
   87.75000       142.1377    
   88.00000       142.4877    
   88.25000       143.0091    
   88.50000       143.7087    
   88.75000       144.5932    
   89.00000       145.6696    
   89.25000       146.9445    
   89.50000       148.4249    
   89.75000       150.1174    
   90.00000       152.0289    
   90.25000       154.1658    
   90.50000       156.5331    
   90.75000       159.1352    
   91.00000       161.9768    
   91.25000       165.0617    
   91.50000       168.3907    
   91.75000       171.9639    
   92.00000       175.7813    
   92.25000       179.8427    
   92.50000       184.1463    
   92.75000       188.6899    
   93.00000       193.4714    
   93.25000       198.4886    
   93.50000       203.7394    
   93.75000       209.2216    
   94.00000       214.9330    
   94.25000       220.8712    
   94.50000       227.0322    
   94.75000       233.4116    
   95.00000       240.0051    
   95.25000       246.8077    
   95.50000       253.8112    
   95.75000       261.0071    
   96.00000       268.3867    
   96.25000       275.9408    
   96.50000       283.6590    
   96.75000       291.5304    
   97.00000       299.5441    
   97.25000       307.6892    
   97.50000       315.9548    
   97.75000       324.3301    
   98.00000       332.8041    
   98.25000       341.3659    
   98.50000       350.0042    
   98.75000       358.7075    
   99.00000       367.4643    
   99.25000       376.2632    
   99.50000       385.0916    
   99.75000       393.9372    
   100.0000       402.7874    
   100.2500       411.6296    
   100.5000       420.4508    
   100.7500       429.2379    
   101.0000       437.9780    
   101.2500       446.6578    
   101.5000       455.2644    
   101.7500       463.7847    
   102.0000       472.2056    
   102.2500       480.5143    
   102.5000       488.6991    
   102.7500       496.7483    
   103.0000       504.6506    
   103.2500       512.3948    
   103.5000       519.9720    
   103.7500       527.3737    
   104.0000       534.5914    
   104.2500       541.6171    
   104.5000       548.4435    
   104.7500       555.0637    
   105.0000       561.4707    
   105.2500       567.6577    
   105.5000       573.6177    
   105.7500       579.3438    
   106.0000       584.8291    
   106.2500       590.0671    
   106.5000       595.0529    
   106.7500       599.7823    
   107.0000       604.2510    
   107.2500       608.4553    
   107.5000       612.3953    
   107.7500       616.0716    
 
