#TitleText:Ni(001)-(5x5)-Li     Beam (4/5,3/5)            Rfac10=       1.1074
 #"IV theory
   68.2500000       86.4152832    
   68.5000000       83.0242767    
   68.7500000       79.6402664    
   69.0000000       76.2723465    
   69.2500000       72.9296265    
   69.5000000       69.6212006    
   69.7500000       66.3561935    
   70.0000000       63.1436958    
   70.2500000       59.9924393    
   70.5000000       56.9096298    
   70.7500000       53.9020996    
   71.0000000       50.9766693    
   71.2500000       48.1394157    
   71.5000000       45.3933754    
   71.7500000       42.7408142    
   72.0000000       40.1840134    
   72.2500000       37.7248688    
   72.5000000       35.3637581    
   72.7500000       33.1006813    
   73.0000000       30.9356327    
   73.2500000       28.8686085    
   73.5000000       26.8996143    
   73.7500000       25.0286407    
   74.0000000       23.2556934    
   74.2500000       21.5806046    
   74.5000000       20.0025978    
   74.7500000       18.5207233    
   75.0000000       17.1340351    
   75.2500000       15.8412781    
   75.5000000       14.6399403    
   75.7500000       13.5271873    
   76.0000000       12.5001974    
   76.2500000       11.5559835    
   76.5000000       10.6909313    
   76.7500000       9.90126896    
   77.0000000       9.18322754    
   77.2500000       8.53303719    
   77.5000000       7.94692564    
   77.7500000       7.42112303    
   78.0000000       6.95186043    
   78.2500000       6.53551054    
   78.5000000       6.16902447    
   78.7500000       5.84949780    
   79.0000000       5.57402563    
   79.2500000       5.33999157    
   79.5000000       5.14593554    
   79.7500000       4.99068308    
   80.0000000       4.87306118    
   80.2500000       4.79204273    
   80.5000000       4.74717474    
   80.7500000       4.73815012    
   81.0000000       4.76466274    
   81.2500000       4.82640457    
   81.5000000       4.92306852    
   81.7500000       5.05434799    
   82.0000000       5.21993494    
   82.2500000       5.41962242    
   82.5000000       5.65360355    
   82.7500000       5.92216921    
   83.0000000       6.22561169    
   83.2500000       6.56442261    
   83.5000000       6.93989229    
   83.7500000       7.35351229    
   84.0000000       7.80677176    
   84.2500000       8.30126190    
   84.5000000       8.83897305    
   84.7500000       9.42199326    
   85.0000000       10.0524120    
   85.2500000       10.7323189    
   85.5000000       11.4638052    
   85.7500000       12.2489586    
   86.0000000       13.0898705    
   86.2500000       13.9884825    
   86.5000000       14.9461565    
   86.7500000       15.9641066    
   87.0000000       17.0435467    
   87.2500000       18.1854000    
   87.5000000       19.3894215    
   87.7500000       20.6550732    
   88.0000000       21.9818287    
   88.2500000       23.3689938    
   88.5000000       24.8153133    
   88.7500000       26.3193741    
   89.0000000       27.8797569    
   89.2500000       29.4950638    
   89.5000000       31.1638699    
   89.7500000       32.8847733    
   90.0000000       34.6563644    
   90.2500000       36.4770164    
   90.5000000       38.3442841    
   90.7500000       40.2555008    
   91.0000000       42.2080040    
   91.2500000       44.1987228    
   91.5000000       46.2229004    
   91.7500000       48.2753868    
   92.0000000       50.3510132    
   92.2500000       52.4444008    
   92.5000000       54.5493584    
   92.7500000       56.6594696    
   93.0000000       58.7683220    
   93.2500000       60.8694992    
   93.5000000       62.9565926    
   93.7500000       65.0231781    
   94.0000000       67.0628510    
   94.2500000       69.0692291    
   94.5000000       71.0359955    
   94.7500000       72.9568634    
   95.0000000       74.8255844    
   95.2500000       76.6358795    
   95.5000000       78.3817291    
   95.7500000       80.0570831    
   96.0000000       81.6559525    
   96.2500000       83.1723099    
   96.5000000       84.6002655    
   96.7500000       85.9339523    
   97.0000000       87.1674652    
   97.2500000       88.2949142    
   97.5000000       89.3104401    
   97.7500000       90.2081451    
   98.0000000       90.9821320    
   98.2500000       91.6268616    
   98.5000000       92.1380844    
   98.7500000       92.5118790    
   99.0000000       92.7443314    
   99.2500000       92.8321991    
   99.5000000       92.7748184    
   99.7500000       92.5722198    
   100.000000       92.2244568    
   100.250000       91.7318344    
   100.500000       91.0960464    
   100.750000       90.3190613    
   101.000000       89.4028778    
   101.250000       88.3494873    
   101.500000       87.1608963    
   101.750000       85.8390656    
   102.000000       84.3859863    
   102.250000       82.8040619    
   102.500000       81.0971298    
   102.750000       79.2694931    
   103.000000       77.3253937    
   103.250000       75.2698441    
   103.500000       73.1109161    
   103.750000       70.8573761    
   104.000000       68.5180511    
   104.250000       66.1021042    
   104.500000       63.6202545    
   104.750000       61.0835533    
   105.000000       58.5030937    
   105.250000       55.8899422    
   105.500000       53.2551727    
   105.750000       50.6098518    

