#TitleText:Ni(001)-(5x5)-Li     Beam (2/5,0)              Rfac10=       0.6284
 #"IV theory
   21.2500000       333.550568    
   21.5000000       357.788116    
   21.7500000       384.612885    
   22.0000000       413.992920    
   22.2500000       445.894073    
   22.5000000       480.273193    
   22.7500000       517.084900    
   23.0000000       556.284119    
   23.2500000       597.820984    
   23.5000000       641.628479    
   23.7500000       687.635071    
   24.0000000       735.769470    
   24.2500000       785.957764    
   24.5000000       838.117615    
   24.7500000       892.164429    
   25.0000000       948.013611    
   25.2500000       1005.58063    
   25.5000000       1064.78064    
   25.7500000       1125.52942    
   26.0000000       1187.74207    
   26.2500000       1251.33105    
   26.5000000       1316.19678    
   26.7500000       1382.23621    
   27.0000000       1449.34705    
   27.2500000       1517.42029    
   27.5000000       1586.32312    
   27.7500000       1655.91638    
   28.0000000       1726.06165    
   28.2500000       1796.61646    
   28.5000000       1867.42712    
   28.7500000       1938.33643    
   29.0000000       2009.18726    
   29.2500000       2079.82300    
   29.5000000       2150.08569    
   29.7500000       2219.81909    
   30.0000000       2288.86572    
   30.2500000       2357.07178    
   30.5000000       2424.29541    
   30.7500000       2490.39722    
   31.0000000       2555.23877    
   31.2500000       2618.68677    
   31.5000000       2680.63330    
   31.7500000       2740.97412    
   32.0000000       2799.60767    
   32.2500000       2856.43433    
   32.5000000       2911.36572    
   32.7500000       2964.31738    
   33.0000000       3015.20532    
   33.2500000       3063.94482    
   33.5000000       3110.45068    
   33.7500000       3154.63892    
   34.0000000       3196.42456    
   34.2500000       3235.72656    
   34.5000000       3272.47998    
   34.7500000       3306.62183    
   35.0000000       3338.09058    
   35.2500000       3366.83105    
   35.5000000       3392.82007    
   35.7500000       3416.03906    
   36.0000000       3436.47241    
   36.2500000       3454.10620    
   36.5000000       3468.94238    
   36.7500000       3480.98682    
   37.0000000       3490.24487    
   37.2500000       3496.72192    
   37.5000000       3500.42432    
   37.7500000       3501.35693    
   38.0000000       3499.52539    
   38.2500000       3494.93872    
   38.5000000       3487.61694    
   38.7500000       3477.58276    
   39.0000000       3464.86108    
   39.2500000       3449.47998    
   39.5000000       3431.49219    
   39.7500000       3410.95679    
   40.0000000       3387.93237    
   40.2500000       3362.48047    
   40.5000000       3334.67480    
   40.7500000       3304.59131    
   41.0000000       3272.30737    
   41.2500000       3237.89844    
   41.5000000       3201.44165    
   41.7500000       3163.01294    
   42.0000000       3122.68896    
   42.2500000       3080.54688    
   42.5000000       3036.66724    
   42.7500000       2991.13159    
   43.0000000       2944.02148    
   43.2500000       2895.41992    
   43.5000000       2845.41699    
   43.7500000       2794.10400    
   44.0000000       2741.57251    
   44.2500000       2687.91553    
   44.5000000       2633.22754    
   44.7500000       2577.60620    
   45.0000000       2521.14844    
   45.2500000       2463.94995    
   45.5000000       2406.10791    
   45.7500000       2347.71851    
   46.0000000       2288.87866    
   46.2500000       2229.68335    
   46.5000000       2170.22412    
   46.7500000       2110.58984    
   47.0000000       2050.87061    
   47.2500000       1991.15356    
   47.5000000       1931.51636    
   47.7500000       1872.03479    
   48.0000000       1812.78455    
   48.2500000       1753.83997    
   48.5000000       1695.27087    
   48.7500000       1637.14551    
   49.0000000       1579.53259    
   49.2500000       1522.50085    
   49.5000000       1466.11877    
   49.7500000       1410.45483    
   50.0000000       1355.57764    
   50.2500000       1301.55383    
   50.5000000       1248.44141    
   50.7500000       1196.29639    
   51.0000000       1145.17493    
   51.2500000       1095.12854    
   51.5000000       1046.19263    
   51.7500000       998.398071    
   52.0000000       951.775757    
   52.2500000       906.354431    
   52.5000000       862.154724    
   52.7500000       819.194946    
   53.0000000       777.493469    
   53.2500000       737.068542    
   53.5000000       697.938843    
   53.7500000       660.122437    
   54.0000000       623.637878    
   54.2500000       588.501770    
   54.5000000       554.723633    
   54.7500000       522.311523    
   55.0000000       491.273132    
   55.2500000       461.612976    
   55.5000000       433.321320    
   55.7500000       406.385040    
   56.0000000       380.790985    
   56.2500000       356.524323    
   56.5000000       333.563110    
   56.7500000       311.883698    
   57.0000000       291.462463    
   57.2500000       272.275757    
   57.5000000       254.299957    
   57.7500000       237.511353    
   58.0000000       221.886353    
   58.2500000       207.400772    
   58.5000000       194.028290    
   58.7500000       181.742111    
   59.0000000       170.515381    
   59.2500000       160.320282    
   59.5000000       151.124634    
   59.7500000       142.895294    
   60.0000000       135.599060    
   60.2500000       129.202271    
   60.5000000       123.669044    
   60.7500000       118.963066    
   61.0000000       115.047958    
   61.2500000       111.887398    
   61.5000000       109.445007    
   61.7500000       107.684433    
   62.0000000       106.569328    
   62.2500000       106.063835    
   62.5000000       106.134026    
   62.7500000       106.746483    
   63.0000000       107.867783    
   63.2500000       109.465469    
   63.5000000       111.511009    
   63.7500000       113.976822    
   64.0000000       116.835350    
   64.2500000       120.059509    
   64.5000000       123.624176    
   64.7500000       127.504692    
   65.0000000       131.676437    
   65.2500000       136.114792    
   65.5000000       140.795059    
   65.7500000       145.692642    
   66.0000000       150.782898    
   66.2500000       156.041931    
   66.5000000       161.448929    
   66.7500000       166.983780    
   67.0000000       172.626434    
   67.2500000       178.358337    
   67.5000000       184.166992    
   67.7500000       190.041473    
   68.0000000       195.970810    
   68.2500000       201.944809    
   68.5000000       207.956314    
   68.7500000       213.998962    
   69.0000000       220.066330    
   69.2500000       226.152054    
   69.5000000       232.249741    
   69.7500000       238.352966    
   70.0000000       244.455383    
   70.2500000       250.550980    
   70.5000000       256.635376    
   70.7500000       262.704590    
   71.0000000       268.754639    
   71.2500000       274.782410    
   71.5000000       280.787872    
   71.7500000       286.771851    
   72.0000000       292.735260    
   72.2500000       298.679321    
   72.5000000       304.606873    
   72.7500000       310.521210    
   73.0000000       316.425537    
   73.2500000       322.323181    
   73.5000000       328.217285    
   73.7500000       334.111206    
   74.0000000       340.008209    
   74.2500000       345.911377    
   74.5000000       351.823669    
   74.7500000       357.747864    
   75.0000000       363.686768    
   75.2500000       369.643036    
   75.5000000       375.618683    
   75.7500000       381.615601    
   76.0000000       387.635651    
   76.2500000       393.680756    
   76.5000000       399.752258    
   76.7500000       405.851654    
   77.0000000       411.980408    
   77.2500000       418.139923    
   77.5000000       424.331635    
   77.7500000       430.557007    
   78.0000000       436.817383    
   78.2500000       443.113983    
   78.5000000       449.446991    
   78.7500000       455.816223    
   79.0000000       462.221680    
   79.2500000       468.662659    
   79.5000000       475.136566    
   79.7500000       481.640228    
   80.0000000       488.170410    
   80.2500000       494.723724    
   80.5000000       501.295807    
   80.7500000       507.881866    
   81.0000000       514.477234    
   81.2500000       521.077209    
   81.5000000       527.677063    
   81.7500000       534.272156    
   82.0000000       540.857666    
   82.2500000       547.428955    
   82.5000000       553.980469    
   82.7500000       560.506775    
   83.0000000       567.002502    
   83.2500000       573.461609    
   83.5000000       579.877502    
   83.7500000       586.242920    
   84.0000000       592.550842    
   84.2500000       598.793945    
   84.5000000       604.964661    
   84.7500000       611.054749    
   85.0000000       617.056458    
   85.2500000       622.961975    
   85.5000000       628.763184    
   85.7500000       634.452332    
   86.0000000       640.021423    
   86.2500000       645.462769    
   86.5000000       650.768860    
   86.7500000       655.932617    
   87.0000000       660.946594    
   87.2500000       665.804016    
   87.5000000       670.498596    
   87.7500000       675.024475    
   88.0000000       679.375977    
   88.2500000       683.547058    
   88.5000000       687.532471    
   88.7500000       691.327148    
   89.0000000       694.925720    
   89.2500000       698.323059    
   89.5000000       701.513855    
   89.7500000       704.492920    
   90.0000000       707.255127    
   90.2500000       709.795471    
   90.5000000       712.109924    
   90.7500000       714.194519    
   91.0000000       716.045410    
   91.2500000       717.659363    
   91.5000000       719.034668    
   91.7500000       720.170288    
   92.0000000       721.065002    
   92.2500000       721.718018    
   92.5000000       722.129333    
   92.7500000       722.299316    
   93.0000000       722.228027    
   93.2500000       721.915771    
   93.5000000       721.362793    
   93.7500000       720.569458    
   94.0000000       719.535950    
   94.2500000       718.262695    
   94.5000000       716.750793    
   94.7500000       715.001953    
   95.0000000       713.017395    
   95.2500000       710.799011    
   95.5000000       708.350159    
   95.7500000       705.674438    
   96.0000000       702.775940    
   96.2500000       699.658386    
   96.5000000       696.326599    
   96.7500000       692.785645    
   97.0000000       689.040222    
   97.2500000       685.095459    
   97.5000000       680.956238    
   97.7500000       676.627441    
   98.0000000       672.114075    
   98.2500000       667.421204    
   98.5000000       662.554199    
   98.7500000       657.518616    
   99.0000000       652.320068    
   99.2500000       646.964233    
   99.5000000       641.457703    
   99.7500000       635.807068    
   100.000000       630.019226    
   100.250000       624.101074    
   100.500000       618.059692    
   100.750000       611.902527    
   101.000000       605.636902    
   101.250000       599.270081    
   101.500000       592.809570    
   101.750000       586.262512    
   102.000000       579.636475    
   102.250000       572.938538    
   102.500000       566.175964    
   102.750000       559.355835    
   103.000000       552.485229    
   103.250000       545.571167    
   103.500000       538.620361    
   103.750000       531.639160    
   104.000000       524.634460    
   104.250000       517.612610    
   104.500000       510.580109    
   104.750000       503.543243    
   105.000000       496.508362    
   105.250000       489.481750    
   105.500000       482.469727    
   105.750000       475.478668    
   106.000000       468.514954    
   106.250000       461.584717    
   106.500000       454.693726    
   106.750000       447.847595    
   107.000000       441.051880    
   107.250000       434.311981    
   107.500000       427.632324    
   107.750000       421.016998    
   108.000000       414.470184    
   108.250000       407.995911    
   108.500000       401.597748    
   108.750000       395.279114    
   109.000000       389.043427    
   109.250000       382.894104    
   109.500000       376.834534    
   109.750000       370.868195    
   110.000000       364.998474    
   110.250000       359.228729    
   110.500000       353.561646    
   110.750000       348.000000    

