#TitleText:Ni(001)-(5x5)-Li     Beam (4/5,2/5)            Rfac10=       1.1782
 #"IV theory
   48.25000       108131.8    
   48.50000       107540.3    
   48.75000       106845.6    
   49.00000       106049.6    
   49.25000       105154.2    
   49.50000       104161.1    
   49.75000       103072.2    
   50.00000       101889.4    
   50.25000       100614.6    
   50.50000       99250.59    
   50.75000       97800.12    
   51.00000       96266.01    
   51.25000       94651.43    
   51.50000       92960.81    
   51.75000       91198.93    
   52.00000       89370.55    
   52.25000       87480.59    
   52.50000       85534.66    
   52.75000       83538.50    
   53.00000       81497.84    
   53.25000       79418.42    
   53.50000       77305.98    
   53.75000       75166.29    
   54.00000       73005.09    
   54.25000       70828.00    
   54.50000       68640.34    
   54.75000       66447.26    
   55.00000       64253.98    
   55.25000       62065.50    
   55.50000       59886.07    
   55.75000       57719.79    
   56.00000       55570.72    
   56.25000       53442.85    
   56.50000       51339.82    
   56.75000       49265.12    
   57.00000       47222.29    
   57.25000       45214.86    
   57.50000       43246.36    
   57.75000       41320.30    
   58.00000       39440.21    
   58.25000       37609.45    
   58.50000       35830.62    
   58.75000       34106.18    
   59.00000       32438.59    
   59.25000       30829.92    
   59.50000       29280.84    
   59.75000       27791.63    
   60.00000       26362.61    
   60.25000       24993.87    
   60.50000       23684.83    
   60.75000       22434.69    
   61.00000       21242.67    
   61.25000       20108.00    
   61.50000       19029.90    
   61.75000       18007.58    
   62.00000       17040.25    
   62.25000       16127.11    
   62.50000       15267.16    
   62.75000       14459.37    
   63.00000       13702.71    
   63.25000       12996.07    
   63.50000       12338.01    
   63.75000       11726.99    
   64.00000       11161.50    
   64.25000       10639.95    
   64.50000       10160.63    
   64.75000       9721.744    
   65.00000       9321.529    
   65.25000       8958.206    
   65.50000       8630.000    
   65.75000       8335.135    
   66.00000       8071.836    
   66.25000       7838.393    
   66.50000       7633.366    
   66.75000       7455.383    
   67.00000       7303.065    
   67.25000       7175.174    
   67.50000       7071.004    
   67.75000       6989.982    
   68.00000       6931.538    
   68.25000       6895.165    
   68.50000       6880.625    
   68.75000       6887.748    
   69.00000       6916.363    
   69.25000       6966.298    
   69.50000       7037.383    
   69.75000       7129.447    
   70.00000       7242.319    
   70.25000       7375.842    
   70.50000       7529.909    
   70.75000       7704.430    
   71.00000       7899.312    
   71.25000       8114.488    
   71.50000       8350.000    
   71.75000       8605.911    
   72.00000       8882.292    
   72.25000       9179.217    
   72.50000       9496.820    
   72.75000       9835.246    
   73.00000       10194.64    
   73.25000       10575.14    
   73.50000       10976.91    
   73.75000       11400.07    
   74.00000       11844.78    
   74.25000       12311.12    
   74.50000       12798.89    
   74.75000       13307.84    
   75.00000       13837.71    
   75.25000       14388.11    
   75.50000       14958.11    
   75.75000       15546.66    
   76.00000       16152.68    
   76.25000       16775.06    
   76.50000       17412.41    
   76.75000       18063.24    
   77.00000       18726.11    
   77.25000       19399.55    
   77.50000       20082.11    
   77.75000       20772.30    
   78.00000       21468.68    
   78.25000       22169.76    
   78.50000       22873.96    
   78.75000       23579.66    
   79.00000       24285.29    
   79.25000       24989.16    
   79.50000       25689.47    
   79.75000       26384.30    
   80.00000       27071.79    
   80.25000       27750.02    
   80.50000       28416.98    
   80.75000       29070.66    
   81.00000       29709.02    
   81.25000       30330.03    
   81.50000       30931.68    
   81.75000       31511.93    
   82.00000       32068.76    
   82.25000       32600.23    
   82.50000       33104.80    
   82.75000       33580.99    
   83.00000       34027.37    
   83.25000       34442.64    
   83.50000       34826.31    
   83.75000       35178.05    
   84.00000       35497.54    
   84.25000       35784.55    
   84.50000       36039.23    
   84.75000       36261.83    
   85.00000       36452.59    
   85.25000       36611.77    
   85.50000       36739.59    
   85.75000       36836.31    
   86.00000       36902.18    
   86.25000       36937.58    
   86.50000       36943.37    
   86.75000       36920.59    
   87.00000       36870.24    
   87.25000       36793.61    
   87.50000       36692.97    
   87.75000       36570.89    
   88.00000       36429.94    
   88.25000       36272.77    
   88.50000       36102.59    
   88.75000       35922.72    
   89.00000       35736.50    
   89.25000       35547.22    
   89.50000       35358.23    
   89.75000       35172.85    
   90.00000       34994.39    
   90.25000       34826.21    
   90.50000       34671.68    
   90.75000       34534.25    
   91.00000       34417.32    
   91.25000       34324.35    
   91.50000       34258.91    
   91.75000       34224.61    
   92.00000       34225.06    
   92.25000       34263.89    
   92.50000       34344.77    
   92.75000       34471.41    
   93.00000       34647.53    
   93.25000       34876.82    
   93.50000       35162.97    
   93.75000       35509.71    
   94.00000       35920.72    
   94.25000       36399.57    
   94.50000       36949.24    
   94.75000       37572.56    
   95.00000       38272.36    
   95.25000       39051.18    
   95.50000       39910.41    
   95.75000       40851.13    
   96.00000       41874.43    
   96.25000       42981.27    
   96.50000       44171.99    
   96.75000       45446.83    
   97.00000       46806.01    
   97.25000       48249.72    
   97.50000       49778.22    
   97.75000       51391.71    
   98.00000       53090.40    
   98.25000       54874.33    
   98.50000       56742.71    
   98.75000       58694.59    
   99.00000       60729.00    
   99.25000       62844.57    
   99.50000       65038.39    
   99.75000       67307.07    
   100.0000       69647.31    
   100.2500       72055.56    
   100.5000       74527.50    
   100.7500       77058.60    
   101.0000       79644.34    
   101.2500       82280.19    
   101.5000       84961.64    
   101.7500       87684.16    
   102.0000       90443.21    
   102.2500       93234.21    
   102.5000       96052.22    
   102.7500       98892.21    
   103.0000       101749.1    
   103.2500       104617.9    
   103.5000       107492.5    
   103.7500       110367.1    
   104.0000       113235.7    
   104.2500       116092.0    
   104.5000       118929.8    
   104.7500       121742.4    
   105.0000       124523.5    
   105.2500       127266.4    
   105.5000       129964.7    
   105.7500       132611.9    
   106.0000       135201.5    
   106.2500       137727.1    
   106.5000       140182.7    
   106.7500       142562.5    
   107.0000       144860.7    
   107.2500       147071.7    
   107.5000       149190.6    
   107.7500       151213.1    
   108.0000       153134.6    
   108.2500       154950.7    
   108.5000       156657.5    
   108.7500       158251.0    
   109.0000       159727.6    
   109.2500       161083.3    
   109.5000       162314.4    
   109.7500       163416.9    
 
