#TitleText:Ni(001)-(5x5)-Li     Beam (1,3/5)              Rfac10=       1.0265
 #"IV theory
   64.2500000       130.567245    
   64.5000000       131.063202    
   64.7500000       131.546890    
   65.0000000       132.015091    
   65.2500000       132.464523    
   65.5000000       132.891968    
   65.7500000       133.294174    
   66.0000000       133.667877    
   66.2500000       134.009903    
   66.5000000       134.317245    
   66.7500000       134.586960    
   67.0000000       134.816193    
   67.2500000       135.002045    
   67.5000000       135.142181    
   67.7500000       135.234268    
   68.0000000       135.276047    
   68.2500000       135.265274    
   68.5000000       135.199921    
   68.7500000       135.078064    
   69.0000000       134.897675    
   69.2500000       134.656830    
   69.5000000       134.353561    
   69.7500000       133.985886    
   70.0000000       133.551849    
   70.2500000       133.049667    
   70.5000000       132.478180    
   70.7500000       131.836426    
   71.0000000       131.123459    
   71.2500000       130.338654    
   71.5000000       129.482712    
   71.7500000       128.556702    
   72.0000000       127.561630    
   72.2500000       126.498734    
   72.5000000       125.369896    
   72.7500000       124.177155    
   73.0000000       122.922577    
   73.2500000       121.608185    
   73.5000000       120.236038    
   73.7500000       118.808189    
   74.0000000       117.326683    
   74.2500000       115.793633    
   74.5000000       114.211342    
   74.7500000       112.582184    
   75.0000000       110.908554    
   75.2500000       109.192917    
   75.5000000       107.438194    
   75.7500000       105.647423    
   76.0000000       103.823601    
   76.2500000       101.969833    
   76.5000000       100.089394    
   76.7500000       98.1856461    
   77.0000000       96.2619324    
   77.2500000       94.3216171    
   77.5000000       92.3680344    
   77.7500000       90.4045486    
   78.0000000       88.4345016    
   78.2500000       86.4611893    
   78.5000000       84.4877319    
   78.7500000       82.5171967    
   79.0000000       80.5526581    
   79.2500000       78.5970840    
   79.5000000       76.6530609    
   79.7500000       74.7231140    
   80.0000000       72.8097229    
   80.2500000       70.9153442    
   80.5000000       69.0422440    
   80.7500000       67.1926575    
   81.0000000       65.3687820    
   81.2500000       63.5728531    
   81.5000000       61.8070831    
   81.7500000       60.0736885    
   82.0000000       58.3748894    
   82.2500000       56.7128220    
   82.5000000       55.0892715    
   82.7500000       53.5059509    
   83.0000000       51.9645691    
   83.2500000       50.4666595    
   83.5000000       49.0130768    
   83.7500000       47.6045036    
   84.0000000       46.2416267    
   84.2500000       44.9250374    
   84.5000000       43.6550026    
   84.7500000       42.4316940    
   85.0000000       41.2552757    
   85.2500000       40.1259193    
   85.5000000       39.0438042    
   85.7500000       38.0090981    
   86.0000000       37.0219765    
   86.2500000       36.0825500    
   86.5000000       35.1907043    
   86.7500000       34.3462677    
   87.0000000       33.5490685    
   87.2500000       32.7988167    
   87.5000000       32.0947723    
   87.7500000       31.4360714    
   88.0000000       30.8218498    
   88.2500000       30.2511959    
   88.5000000       29.7229557    
   88.7500000       29.2359295    
   89.0000000       28.7889080    
   89.2500000       28.3806877    
   89.5000000       28.0100670    
   89.7500000       27.6758366    
   90.0000000       27.3767929    
   90.2500000       27.1117401    
   90.5000000       26.8795166    
   90.7500000       26.6789703    
   91.0000000       26.5089512    
   91.2500000       26.3683262    
   91.5000000       26.2560272    
   91.7500000       26.1710129    
   92.0000000       26.1122379    
   92.2500000       26.0786648    
   92.5000000       26.0692940    
   92.7500000       26.0831337    
   93.0000000       26.1191864    
   93.2500000       26.1764679    
   93.5000000       26.2539787    
   93.7500000       26.3507328    
   94.0000000       26.4657364    
   94.2500000       26.5980587    
   94.5000000       26.7470245    
   94.7500000       26.9120159    
   95.0000000       27.0924187    
   95.2500000       27.2877502    
   95.5000000       27.4980183    
   95.7500000       27.7233658    
   96.0000000       27.9639320    
   96.2500000       28.2199211    
   96.5000000       28.4917908    
   96.7500000       28.7800522    
   97.0000000       29.0852261    
   97.2500000       29.4078350    
   97.5000000       29.7483883    
   97.7500000       30.1074066    
   98.0000000       30.4854145    
   98.2500000       30.8829842    
   98.5000000       31.3009663    
   98.7500000       31.7402668    
   99.0000000       32.2017860    
   99.2500000       32.6865730    
   99.5000000       33.1961784    
   99.7500000       33.7322884    
   100.000000       34.2965927    
   100.250000       34.8908463    
   100.500000       35.5170555    
   100.750000       36.1773033    
   101.000000       36.8736572    
   101.250000       37.6082039    
   101.500000       38.3830185    
   101.750000       39.2001724    
   102.000000       40.0617485    
   102.250000       40.9698372    
   102.500000       41.9265785    
   102.750000       42.9341354    
   103.000000       43.9946632    
   103.250000       45.1103516    
   103.500000       46.2834854    
   103.750000       47.5163956    
   104.000000       48.8114014    
   104.250000       50.1708336    
   104.500000       51.5970840    
   104.750000       53.0925522    
   105.000000       54.6596451    
   105.250000       56.3007584    
   105.500000       58.0182991    
   105.750000       59.8146667    
   106.000000       61.6922684    
   106.250000       63.6534271    
   106.500000       65.7001877    
   106.750000       67.8345184    
   107.000000       70.0583878    
   107.250000       72.3736191    
   107.500000       74.7814636    
   107.750000       77.2830124    
   108.000000       79.8793793    
   108.250000       82.5715790    
   108.500000       85.3603439    
   108.750000       88.2463684    
   109.000000       91.2303085    
   109.250000       94.3128281    
   109.500000       97.4945831    
   109.750000       100.776253    
   110.000000       104.158501    
   110.250000       107.641876    
   110.500000       111.226372    
   110.750000       114.911880    
   111.000000       118.698280    
   111.250000       122.585197    
   111.500000       126.571182    
   111.750000       130.654572    
   112.000000       134.833679    
   112.250000       139.106674    
   112.500000       143.471222    
   112.750000       147.924850    
   113.000000       152.465042    
   113.250000       157.089386    
   113.500000       161.795364    
   113.750000       166.580521    
   114.000000       171.442383    
   114.250000       176.378357    
   114.500000       181.385437    
   114.750000       186.460464    
   115.000000       191.600327    
   115.250000       196.801666    
   115.500000       202.060242    
   115.750000       207.371597    
   116.000000       212.731308    
   116.250000       218.134781    
   116.500000       223.577026    
   116.750000       229.052902    
   117.000000       234.557343    
   117.250000       240.085220    
   117.500000       245.631409    
   117.750000       251.190826    
   118.000000       256.758331    
   118.250000       262.328796    
   118.500000       267.896912    
   118.750000       273.457367    
   119.000000       279.004944    
   119.250000       284.534119    
   119.500000       290.039307    
   119.750000       295.514832    
   120.000000       300.954895    
   120.250000       306.353790    
   120.500000       311.705627    
   120.750000       317.004517    
   121.000000       322.244507    
   121.250000       327.419708    
   121.500000       332.524170    
   121.750000       337.551971    
   122.000000       342.497253    
   122.250000       347.354095    
   122.500000       352.116913    
   122.750000       356.780212    
   123.000000       361.338409    
   123.250000       365.786133    
   123.500000       370.118469    
   123.750000       374.330597    
   124.000000       378.417816    
   124.250000       382.375366    
   124.500000       386.198822    
   124.750000       389.883820    
   125.000000       393.425873    
   125.250000       396.820679    
   125.500000       400.063812    
   125.750000       403.150909    
   126.000000       406.077576    
   126.250000       408.839539    
   126.500000       411.433197    
   126.750000       413.855194    
   127.000000       416.101990    
   127.250000       418.170502    
   127.500000       420.058899    
   127.750000       421.765625    
   128.000000       423.289093    
   128.250000       424.627991    
   128.500000       425.781586    
   128.750000       426.749176    
   129.000000       427.530304    
   129.250000       428.124298    
   129.500000       428.530609    
   129.750000       428.748657    
   130.000000       428.777771    
   130.250000       428.617615    
   130.500000       428.268219    
   130.750000       427.729980    
   131.000000       427.003082    
   131.250000       426.088196    
   131.500000       424.986969    
   131.750000       423.701508    
   132.000000       422.233765    
   132.250000       420.585999    
   132.500000       418.760864    
   132.750000       416.761292    
   133.000000       414.590302    
   133.250000       412.250610    
   133.500000       409.745300    
   133.750000       407.077087    
   134.000000       404.248962    
   134.250000       401.263947    
   134.500000       398.125366    
   134.750000       394.836700    
   135.000000       391.401459    
   135.250000       387.823303    
   135.500000       384.106598    
   135.750000       380.256012    
   136.000000       376.276215    
   136.250000       372.171814    
   136.500000       367.947968    
   136.750000       363.609894    
   137.000000       359.162720    
   137.250000       354.611633    
   137.500000       349.961853    
   137.750000       345.218567    
   138.000000       340.386993    
   138.250000       335.472290    
   138.500000       330.479736    
   138.750000       325.414520    
   139.000000       320.281921    
   139.250000       315.087158    
   139.500000       309.835571    
   139.750000       304.532440    
   140.000000       299.183258    
   140.250000       293.793152    
   140.500000       288.367645    
   140.750000       282.912109    
   141.000000       277.431915    
   141.250000       271.932404    
   141.500000       266.418976    
   141.750000       260.897003    
   142.000000       255.371902    
   142.250000       249.848953    
   142.500000       244.333221    
   142.750000       238.829651    
   143.000000       233.343201    
   143.250000       227.878708    
   143.500000       222.440399    
   143.750000       217.032394    
   144.000000       211.658844    
   144.250000       206.323792    
   144.500000       201.030975    
   144.750000       195.784103    

