#TitleText:Ni(001)-(5x5)-Li     Beam (1,0)                Rfac10=       0.7354
 #"IV theory
   46.2500000       724.018005    
   46.5000000       734.017212    
   46.7500000       745.242432    
   47.0000000       757.587158    
   47.2500000       770.928040    
   47.5000000       785.073059    
   47.7500000       799.813477    
   48.0000000       814.940430    
   48.2500000       830.236389    
   48.5000000       845.449951    
   48.7500000       860.320923    
   49.0000000       874.589050    
   49.2500000       887.994568    
   49.5000000       900.277039    
   49.7500000       911.176575    
   50.0000000       920.432922    
   50.2500000       927.807678    
   50.5000000       933.149109    
   50.7500000       936.327087    
   51.0000000       937.211548    
   51.2500000       935.715515    
   51.5000000       931.925842    
   51.7500000       925.972351    
   52.0000000       917.984863    
   52.2500000       908.114929    
   52.5000000       896.600769    
   52.7500000       883.702393    
   53.0000000       869.679565    
   53.2500000       854.792358    
   53.5000000       839.300476    
   53.7500000       823.464050    
   54.0000000       807.542664    
   54.2500000       791.787354    
   54.5000000       776.412048    
   54.7500000       761.621765    
   55.0000000       747.621521    
   55.2500000       734.597900    
   55.5000000       722.664246    
   55.7500000       711.915588    
   56.0000000       702.447083    
   56.2500000       694.344604    
   56.5000000       687.657410    
   56.7500000       682.425659    
   57.0000000       678.689392    
   57.2500000       676.488831    
   57.5000000       675.863953    
   57.7500000       676.854980    
   58.0000000       679.502075    
   58.2500000       683.836609    
   58.5000000       689.855896    
   58.7500000       697.548645    
   59.0000000       706.903320    
   59.2500000       717.891541    
   59.5000000       730.416077    
   59.7500000       744.362671    
   60.0000000       759.616943    
   60.2500000       776.055969    
   60.5000000       793.522583    
   60.7500000       811.851013    
   61.0000000       830.875366    
   61.2500000       850.429932    
   61.5000000       870.348877    
   61.7500000       890.466370    
   62.0000000       910.616699    
   62.2500000       930.640015    
   62.5000000       950.401367    
   62.7500000       969.771606    
   63.0000000       988.621826    
   63.2500000       1006.83527    
   63.5000000       1024.34412    
   63.7500000       1041.09314    
   64.0000000       1057.02686    
   64.2500000       1072.09595    
   64.5000000       1086.27563    
   64.7500000       1099.54724    
   65.0000000       1111.89233    
   65.2500000       1123.29211    
   65.5000000       1133.72791    
   65.7500000       1143.18127    
   66.0000000       1151.63342    
   66.2500000       1159.06714    
   66.5000000       1165.47217    
   66.7500000       1170.83850    
   67.0000000       1175.15698    
   67.2500000       1178.42139    
   67.5000000       1180.63806    
   67.7500000       1181.81592    
   68.0000000       1181.96472    
   68.2500000       1181.09485    
   68.5000000       1179.22351    
   68.7500000       1176.36914    
   69.0000000       1172.55029    
   69.2500000       1167.78577    
   69.5000000       1162.09375    
   69.7500000       1155.49304    
   70.0000000       1148.00208    
   70.2500000       1139.64185    
   70.5000000       1130.44275    
   70.7500000       1120.43750    
   71.0000000       1109.65881    
   71.2500000       1098.14417    
   71.5000000       1085.94995    
   71.7500000       1073.13721    
   72.0000000       1059.76721    
   72.2500000       1045.90332    
   72.5000000       1031.61841    
   72.7500000       1016.98779    
   73.0000000       1002.08685    
   73.2500000       986.990845    
   73.5000000       971.775085    
   73.7500000       956.514709    
   74.0000000       941.285278    
   74.2500000       926.166687    
   74.5000000       911.258545    
   74.7500000       896.665039    
   75.0000000       882.490417    
   75.2500000       868.848694    
   75.5000000       855.892456    
   75.7500000       843.783936    
   76.0000000       832.685547    
   76.2500000       822.764160    
   76.5000000       814.206421    
   76.7500000       807.203308    
   77.0000000       801.946350    
   77.2500000       798.626587    
   77.5000000       797.435486    
   77.7500000       798.564209    
   78.0000000       802.203979    
   78.2500000       808.524902    
   78.5000000       817.612793    
   78.7500000       829.532349    
   79.0000000       844.348022    
   79.2500000       862.082458    
   79.5000000       882.589172    
   79.7500000       905.679565    
   80.0000000       931.164978    
   80.2500000       958.835938    
   80.5000000       988.398254    
   80.7500000       1019.53656    
   81.0000000       1051.93579    
   81.2500000       1085.28088    
   81.5000000       1119.25635    
   81.7500000       1153.54724    
   82.0000000       1187.83801    
   82.2500000       1221.83167    
   82.5000000       1255.30139    
   82.7500000       1288.03857    
   83.0000000       1319.83459    
   83.2500000       1350.51624    
   83.5000000       1380.05212    
   83.7500000       1408.44666    
   84.0000000       1435.70398    
   84.2500000       1461.84619    
   84.5000000       1486.96643    
   84.7500000       1511.17554    
   85.0000000       1534.58374    
   85.2500000       1557.30237    
   85.5000000       1579.44189    
   85.7500000       1601.11316    
   86.0000000       1622.42712    
   86.2500000       1643.48877    
   86.5000000       1664.38110    
   86.7500000       1685.18188    
   87.0000000       1705.96826    
   87.2500000       1726.80664    
   87.5000000       1747.71948    
   87.7500000       1768.71692    
   88.0000000       1789.81055    
   88.2500000       1811.00549    
   88.5000000       1832.28479    
   88.7500000       1853.62610    
   89.0000000       1875.00732    
   89.2500000       1896.40576    
   89.5000000       1917.79932    
   89.7500000       1939.16528    
   90.0000000       1960.48120    
   90.2500000       1981.72290    
   90.5000000       2002.85632    
   90.7500000       2023.84521    
   91.0000000       2044.65381    
   91.2500000       2065.24146    
   91.5000000       2085.54858    
   91.7500000       2105.51245    
   92.0000000       2125.06934    
   92.2500000       2144.15332    
   92.5000000       2162.68970    
   92.7500000       2180.60132    
   93.0000000       2197.81055    
   93.2500000       2214.24072    
   93.5000000       2229.81396    
   93.7500000       2244.45386    
   94.0000000       2258.08301    
   94.2500000       2270.62598    
   94.5000000       2282.01489    
   94.7500000       2292.18384    
   95.0000000       2301.06763    
   95.2500000       2308.60352    
   95.5000000       2314.74487    
   95.7500000       2319.44849    
   96.0000000       2322.67090    
   96.2500000       2324.37183    
   96.5000000       2324.51636    
   96.7500000       2323.07373    
   97.0000000       2320.01172    
   97.2500000       2315.29834    
   97.5000000       2308.90234    
   97.7500000       2300.79150    
   98.0000000       2290.93408    
   98.2500000       2279.29517    
   98.5000000       2265.82690    
   98.7500000       2250.47827    
   99.0000000       2233.19824    
   99.2500000       2213.92896    
   99.5000000       2192.58765    
   99.7500000       2169.08447    
   100.000000       2143.32983    
   100.250000       2115.23096    
   100.500000       2084.68213    
   100.750000       2051.57397    
   101.000000       2015.79834    
   101.250000       1977.24585    
   101.500000       1935.80762    
   101.750000       1891.37476    
   102.000000       1843.83850    
   102.250000       1793.14673    
   102.500000       1739.47717    
   102.750000       1683.06348    
   103.000000       1624.14062    
   103.250000       1563.05676    
   103.500000       1500.61841    
   103.750000       1437.74646    
   104.000000       1375.36169    
   104.250000       1314.44202    
   104.500000       1256.19421    
   104.750000       1201.88232    
   105.000000       1152.77026    
   105.250000       1110.12231    
   105.500000       1075.20215    
   105.750000       1049.27405    
   106.000000       1033.60181    
   106.250000       1029.42310    
   106.500000       1037.87012    
   106.750000       1060.04871    
   107.000000       1097.06458    
   107.250000       1149.97070    
   107.500000       1219.60901    
   107.750000       1306.76904    
   108.000000       1412.23999    
   108.250000       1536.78467    
   108.500000       1681.06067    
   108.750000       1845.69873    
   109.000000       2031.33020    
   109.250000       2238.58618    
   109.500000       2468.09790    
   109.750000       2720.49561    
   110.000000       2996.41064    
   110.250000       3296.21655    
   110.500000       3619.25024    
   110.750000       3964.59229    
   111.000000       4331.32227    
   111.250000       4718.00293    
   111.500000       5121.12891    
   111.750000       5536.67627    
   112.000000       5960.62305    
   112.250000       6388.68896    
   112.500000       6815.55615    
   112.750000       7235.65283    
   113.000000       7643.40381    
   113.250000       8033.23584    
   113.500000       8399.57324    
   113.750000       8736.84473    
   114.000000       9039.47266    
   114.250000       9302.31250    
   114.500000       9521.91797    
   114.750000       9695.27148    
   115.000000       9819.35352    
   115.250000       9892.00293    
   115.500000       9914.45605    
   115.750000       9888.80664    
   116.000000       9817.15430    
   116.250000       9702.01367    
   116.500000       9547.60840    
   116.750000       9358.58887    
   117.000000       9139.60645    
   117.250000       8895.30859    
   117.500000       8630.34766    
   117.750000       8349.37012    
   118.000000       8057.02832    
   118.250000       7757.76025    
   118.500000       7455.16797    
   118.750000       7152.64355    
   119.000000       6853.57715    
   119.250000       6560.94141    
   119.500000       6276.02979    
   119.750000       5999.71875    
   120.000000       5732.88184    
   120.250000       5476.18311    
   120.500000       5229.45068    
   120.750000       4992.30127    
   121.000000       4764.35010    
   121.250000       4545.21484    
   121.500000       4334.51123    
   121.750000       4131.85596    
   122.000000       3936.86597    
   122.250000       3749.17334    
   122.500000       3568.47388    
   122.750000       3394.47876    
   123.000000       3226.89941    
   123.250000       3065.47876    
   123.500000       2910.08594    
   123.750000       2760.62231    
   124.000000       2616.98877    
   124.250000       2479.10205    
   124.500000       2346.94165    
   124.750000       2220.50439    
   125.000000       2099.78540    
   125.250000       1984.78040    
   125.500000       1875.48535    
   125.750000       1771.89575    
   126.000000       1674.00806    
   126.250000       1581.81238    
   126.500000       1495.27966    
   126.750000       1414.37585    
   127.000000       1339.06677    
   127.250000       1269.30774    
   127.500000       1205.01477    
   127.750000       1146.09351    
   128.000000       1092.44971    
   128.250000       1043.98401    
   128.500000       1000.57727    
   128.750000       962.104858    
   129.000000       928.442871    
   129.250000       899.466675    
   129.500000       875.052063    
   129.750000       855.074707    
   130.000000       839.410339    
   130.250000       827.936340    
   130.500000       820.536804    
   130.750000       817.097534    
   131.000000       817.504395    
   131.250000       821.646484    
   131.500000       829.426514    
   131.750000       840.750671    
   132.000000       855.524841    
   132.250000       873.657104    
   132.500000       895.061646    
   132.750000       919.654724    
   133.000000       947.352661    
   133.250000       978.071533    
   133.500000       1011.72766    
   133.750000       1048.23694    
   134.000000       1087.51611    
   134.250000       1129.49268    
   134.500000       1174.14160    
   134.750000       1221.44958    
   135.000000       1271.40332    
   135.250000       1324.01282    
   135.500000       1379.38208    
   135.750000       1437.63867    
   136.000000       1498.91028    
   136.250000       1563.33569    
   136.500000       1631.10144    
   136.750000       1702.40552    
   137.000000       1777.44556    
   137.250000       1856.41968    
   137.500000       1939.52600    
   137.750000       2026.96191    
   138.000000       2118.92603    
   138.250000       2215.60425    
   138.500000       2317.13452    
   138.750000       2423.64404    
   139.000000       2535.25952    
   139.250000       2652.08325    
   139.500000       2774.12305    
   139.750000       2901.36328    
   140.000000       3033.78784    
   140.250000       3171.36841    
   140.500000       3314.02954    
   140.750000       3461.68481    
   141.000000       3614.24561    
   141.250000       3771.62549    
   141.500000       3933.73608    
   141.750000       4100.49121    
   142.000000       4271.80273    
   142.250000       4447.72754    
   142.500000       4628.89941    
   142.750000       4816.09619    
   143.000000       5010.09570    
   143.250000       5211.96338    
   143.500000       5423.91943    
   143.750000       5648.47217    
   144.000000       5888.12891    
   144.250000       6145.54199    
   144.500000       6423.94092    
   144.750000       6726.69873    
   145.000000       7057.18896    
   145.250000       7418.78418    
   145.500000       7814.85693    
   145.750000       8248.78223    
   146.000000       8723.93066    
   146.250000       9243.17285    
   146.500000       9807.35645    
   146.750000       10416.8291    
   147.000000       11071.9316    
   147.250000       11772.0020    
   147.500000       12512.3379    
   147.750000       13287.2256    
   148.000000       14090.9570    
   148.250000       14917.3105    
   148.500000       15758.0547    
   148.750000       16604.4434    
   149.000000       17447.7422    
   149.250000       18279.2090    
   149.500000       19090.1035    
   149.750000       19871.6855    
   150.000000       20615.2129    
   150.250000       21312.4238    
   150.500000       21956.9707    
   150.750000       22542.9824    
   151.000000       23064.5879    
   151.250000       23516.8711    
   151.500000       23898.7480    
   151.750000       24210.0762    
   152.000000       24450.7344    
   152.250000       24621.0605    
   152.500000       24723.3242    
   152.750000       24760.2480    
   153.000000       24734.5801    
   153.250000       24649.0527    
   153.500000       24506.4062    
   153.750000       24309.3730    
   154.000000       24060.6934    
   154.250000       23763.1816    
   154.500000       23419.9551    
   154.750000       23034.2109    
   155.000000       22609.1465    
   155.250000       22148.1074    
   155.500000       21655.0527    
   155.750000       21134.1035    
   156.000000       20589.3652    
   156.250000       20025.0312    
   156.500000       19445.5977    
   156.750000       18855.6367    
   157.000000       18259.7188    
   157.250000       17662.4160    
   157.500000       17068.3047    
   157.750000       16481.9512    
   158.000000       15907.9326    
   158.250000       15350.5449    
   158.500000       14812.9893    
   158.750000       14298.1875    
   159.000000       13809.0703    
   159.250000       13348.0117    
   159.500000       12915.1953    
   159.750000       12510.2520    
   160.000000       12132.8174    
   160.250000       11782.2480    
   160.500000       11456.8037    
   160.750000       11154.4727    
   161.000000       10873.2422    
   161.250000       10611.0977    
   161.500000       10366.0234    
   161.750000       10136.0117    
   162.000000       9919.04297    
   162.250000       9713.19141    
   162.500000       9516.86328    
   162.750000       9328.55078    
   163.000000       9146.74609    
   163.250000       8970.11035    
   163.500000       8797.97656    
   163.750000       8629.84766    
   164.000000       8465.22754    
   164.250000       8303.70215    
   164.500000       8145.19678    
   164.750000       7989.71924    
   165.000000       7837.27832    
   165.250000       7687.88135    
   165.500000       7541.53809    
   165.750000       7398.25586    
   166.000000       7258.04248    
   166.250000       7120.89893    
   166.500000       6986.78955    
   166.750000       6855.67285    
   167.000000       6727.50488    
   167.250000       6602.22656    
   167.500000       6479.71094    
   167.750000       6359.81006    
   168.000000       6242.38037    
   168.250000       6127.26758    
   168.500000       6014.28369    
   168.750000       5903.23389    
   169.000000       5793.91992    
   169.250000       5686.14648    
   169.500000       5579.71680    
   169.750000       5474.43506    
   170.000000       5370.10400    
   170.250000       5266.53760    
   170.500000       5163.58691    
   170.750000       5061.11182    
   171.000000       4958.97607    
   171.250000       4857.05713    
   171.500000       4755.31299    
   171.750000       4653.71826    
   172.000000       4552.24951    
   172.250000       4450.89062    
   172.500000       4349.66602    
   172.750000       4248.60791    
   173.000000       4147.75000    
   173.250000       4047.12476    
   173.500000       3946.76514    
   173.750000       3846.70410    
   174.000000       3746.97461    
   174.250000       3647.60986    
   174.500000       3548.64429    
   174.750000       3450.11255    
   175.000000       3352.05054    
   175.250000       3254.49292    
   175.500000       3157.47827    
   175.750000       3061.04565    
   176.000000       2965.23364    
   176.250000       2870.08130    
   176.500000       2775.62939    
   176.750000       2681.91870    
   177.000000       2588.99048    
   177.250000       2496.88501    
   177.500000       2405.64331    
   177.750000       2315.30664    
   178.000000       2225.91553    
   178.250000       2137.52441    
   178.500000       2050.24414    
   178.750000       1964.19861    
   179.000000       1879.51196    
   179.250000       1796.33582    
   179.500000       1714.93359    
   179.750000       1635.59534    
   180.000000       1558.61194    
   180.250000       1484.28796    
   180.500000       1412.98352    
   180.750000       1345.07227    
   181.000000       1280.92822    
   181.250000       1220.92542    
   181.500000       1165.43762    
   181.750000       1114.83875    
   182.000000       1069.50256    
   182.250000       1029.78809    
   182.500000       995.994019    
   182.750000       968.403748    
   183.000000       947.300903    
   183.250000       932.939087    
   183.500000       925.451172    
   183.750000       924.940125    
   184.000000       931.508972    
   184.250000       945.245544    
   184.500000       966.177368    
   184.750000       994.317200    
   185.000000       1029.67773    
   185.250000       1072.27124    
   185.500000       1122.11072    
   185.750000       1179.20837    
   186.000000       1243.57727    
   186.250000       1315.38928    
   186.500000       1395.45557    
   186.750000       1484.74597    
   187.000000       1584.23169    
   187.250000       1695.20178    
   187.500000       1820.22327    
   187.750000       1962.18213    
   188.000000       2123.96460    
   188.250000       2308.61621    
   188.500000       2519.82129    
   188.750000       2761.42383    
   189.000000       3037.26709    
   189.250000       3351.19580    
   189.500000       3707.05322    
   189.750000       4108.68311    
   190.000000       4559.93066    
   190.250000       5064.23291    
   190.500000       5623.40479    
   190.750000       6238.85693    
   191.000000       6911.99805    
   191.250000       7643.42773    
   191.500000       8430.49707    
   191.750000       9269.74902    
   192.000000       10157.7236    
   192.250000       11090.5566    
   192.500000       12062.7598    
   192.750000       13068.4414    
   193.000000       14101.7100    
   193.250000       15156.6699    
   193.500000       16227.4277    
   193.750000       17308.0938    
   194.000000       18392.7715    
   194.250000       19475.5039    
   194.500000       20550.0840    
   194.750000       21610.2305    
   195.000000       22649.6660    
   195.250000       23661.9922    
   195.500000       24640.2910    
   195.750000       25577.5176    
   196.000000       26466.6230    
   196.250000       27300.5039    
   196.500000       28071.7988    
   196.750000       28773.0977    
   197.000000       29396.9766    
   197.250000       29936.0098    
   197.500000       30382.7539    
   197.750000       30729.7402    
   198.000000       30969.5273    
   198.250000       31095.3613    
   198.500000       31103.3281    
   198.750000       30990.2227    
   199.000000       30752.8379    
   199.250000       30389.2539    
   199.500000       29902.6855    
   199.750000       29297.6250    

