#TitleText:Ni(001)-(5x5)-Li     Beam (3/5,0)              Rfac10=       1.5468
 #"IV theory
   35.2500000       4291.69629    
   35.5000000       4205.57520    
   35.7500000       4117.82568    
   36.0000000       4028.66016    
   36.2500000       3938.29028    
   36.5000000       3846.91870    
   36.7500000       3754.74829    
   37.0000000       3661.98120    
   37.2500000       3568.81787    
   37.5000000       3475.46118    
   37.7500000       3382.11279    
   38.0000000       3288.97388    
   38.2500000       3196.24072    
   38.5000000       3104.08374    
   38.7500000       3012.66895    
   39.0000000       2922.16089    
   39.2500000       2832.71191    
   39.5000000       2744.42603    
   39.7500000       2657.39478    
   40.0000000       2571.70923    
   40.2500000       2487.45508    
   40.5000000       2404.69312    
   40.7500000       2323.47778    
   41.0000000       2243.86377    
   41.2500000       2165.90576    
   41.5000000       2089.65869    
   41.7500000       2015.17676    
   42.0000000       1942.51477    
   42.2500000       1871.72339    
   42.5000000       1802.83813    
   42.7500000       1735.88965    
   43.0000000       1670.90955    
   43.2500000       1607.92126    
   43.5000000       1546.91675    
   43.7500000       1487.88086    
   44.0000000       1430.79761    
   44.2500000       1375.64734    
   44.5000000       1322.39539    
   44.7500000       1271.00232    
   45.0000000       1221.42932    
   45.2500000       1173.63721    
   45.5000000       1127.58716    
   45.7500000       1083.24011    
   46.0000000       1040.55688    
   46.2500000       999.498413    
   46.5000000       960.024658    
   46.7500000       922.095398    
   47.0000000       885.670654    
   47.2500000       850.709839    
   47.5000000       817.170837    
   47.7500000       785.011292    
   48.0000000       754.188904    
   48.2500000       724.660950    
   48.5000000       696.384155    
   48.7500000       669.315002    
   49.0000000       643.409790    
   49.2500000       618.625305    
   49.5000000       594.917786    
   49.7500000       572.243774    
   50.0000000       550.559814    
   50.2500000       529.823547    
   50.5000000       509.997742    
   50.7500000       491.046387    
   51.0000000       472.933350    
   51.2500000       455.625183    
   51.5000000       439.098419    
   51.7500000       423.331940    
   52.0000000       408.304779    
   52.2500000       393.997162    
   52.5000000       380.394318    
   52.7500000       367.482758    
   53.0000000       355.248901    
   53.2500000       343.679260    
   53.5000000       332.760315    
   53.7500000       322.478546    
   54.0000000       312.820496    
   54.2500000       303.773010    
   54.5000000       295.324890    
   54.7500000       287.465485    
   55.0000000       280.184021    
   55.2500000       273.470642    
   55.5000000       267.319305    
   55.7500000       261.724792    
   56.0000000       256.681976    
   56.2500000       252.186066    
   56.5000000       248.234283    
   56.7500000       244.824203    
   57.0000000       241.953400    
   57.2500000       239.619522    
   57.5000000       237.820145    
   57.7500000       236.552872    
   58.0000000       235.815338    
   58.2500000       235.604782    
   58.5000000       235.917206    
   58.7500000       236.748245    
   59.0000000       238.093521    
   59.2500000       239.948044    
   59.5000000       242.304184    
   59.7500000       245.153671    
   60.0000000       248.488220    
   60.2500000       252.299240    
   60.5000000       256.576782    
   60.7500000       261.310669    
   61.0000000       266.490601    
   61.2500000       272.106384    
   61.5000000       278.147766    
   61.7500000       284.604492    
   62.0000000       291.466339    
   62.2500000       298.722839    
   62.5000000       306.362640    
   62.7500000       314.374054    
   63.0000000       322.745575    
   63.2500000       331.465027    
   63.5000000       340.518616    
   63.7500000       349.891937    
   64.0000000       359.570618    
   64.2500000       369.540131    
   64.5000000       379.784943    
   64.7500000       390.289398    
   65.0000000       401.037659    
   65.2500000       412.014069    
   65.5000000       423.202911    
   65.7500000       434.588470    
   66.0000000       446.154968    
   66.2500000       457.886902    
   66.5000000       469.768890    
   66.7500000       481.785858    
   67.0000000       493.922668    
   67.2500000       506.164368    
   67.5000000       518.496704    
   67.7500000       530.905762    
   68.0000000       543.377625    
   68.2500000       555.898254    
   68.5000000       568.454224    
   68.7500000       581.032227    
   69.0000000       593.618774    
   69.2500000       606.200317    
   69.5000000       618.763733    
   69.7500000       631.295349    
   70.0000000       643.781982    
   70.2500000       656.210327    
   70.5000000       668.568359    
   70.7500000       680.844055    
   71.0000000       693.025635    
   71.2500000       705.101746    
   71.5000000       717.062927    
   71.7500000       728.900391    
   72.0000000       740.605286    
   72.2500000       752.169067    
   72.5000000       763.584045    
   72.7500000       774.843018    
   73.0000000       785.938538    
   73.2500000       796.863342    
   73.5000000       807.610107    
   73.7500000       818.171448    
   74.0000000       828.540100    
   74.2500000       838.708557    
   74.5000000       848.669495    
   74.7500000       858.415161    
   75.0000000       867.938049    
   75.2500000       877.230347    
   75.5000000       886.284180    
   75.7500000       895.091309    
   76.0000000       903.643616    
   76.2500000       911.932983    
   76.5000000       919.951050    
   76.7500000       927.689392    
   77.0000000       935.139709    
   77.2500000       942.293518    
   77.5000000       949.142639    
   77.7500000       955.678467    
   78.0000000       961.892578    
   78.2500000       967.776733    
   78.5000000       973.322327    
   78.7500000       978.520752    
   79.0000000       983.363647    
   79.2500000       987.842346    
   79.5000000       991.947998    
   79.7500000       995.671875    
   80.0000000       999.005249    
   80.2500000       1001.93921    
   80.5000000       1004.46466    
   80.7500000       1006.57288    
   81.0000000       1008.25470    
   81.2500000       1009.50134    
   81.5000000       1010.30359    
   81.7500000       1010.65271    
   82.0000000       1010.53973    
   82.2500000       1009.95593    
   82.5000000       1008.89459    
   82.7500000       1007.34882    
   83.0000000       1005.31226    
   83.2500000       1002.77911    
   83.5000000       999.746704    
   83.7500000       996.213440    
   84.0000000       992.177429    
   84.2500000       987.637329    
   84.5000000       982.593262    
   84.7500000       977.045837    
   85.0000000       970.995789    
   85.2500000       964.443665    
   85.5000000       957.390137    
   85.7500000       949.835693    
   86.0000000       941.781006    
   86.2500000       933.227478    
   86.5000000       924.178833    
   86.7500000       914.639954    
   87.0000000       904.615479    
   87.2500000       894.111206    
   87.5000000       883.138733    
   87.7500000       871.710632    
   88.0000000       859.839783    
   88.2500000       847.539429    
   88.5000000       834.825928    
   88.7500000       821.715820    
   89.0000000       808.225769    
   89.2500000       794.372742    
   89.5000000       780.173401    
   89.7500000       765.644592    
   90.0000000       750.803040    
   90.2500000       735.666016    
   90.5000000       720.252991    
   90.7500000       704.583862    
   91.0000000       688.678589    
   91.2500000       672.558105    
   91.5000000       656.247681    
   91.7500000       639.773621    
   92.0000000       623.162170    
   92.2500000       606.440186    
   92.5000000       589.636292    
   92.7500000       572.780334    
   93.0000000       555.901611    
   93.2500000       539.029480    
   93.5000000       522.193542    
   93.7500000       505.423065    
   94.0000000       488.747650    
   94.2500000       472.196594    
   94.5000000       455.799042    
   94.7500000       439.584076    
   95.0000000       423.580688    
   95.2500000       407.817871    
   95.5000000       392.324005    
   95.7500000       377.127319    
   96.0000000       362.256104    
   96.2500000       347.738586    
   96.5000000       333.602692    
   96.7500000       319.876312    
   97.0000000       306.587341    
   97.2500000       293.763641    
   97.5000000       281.433105    
   97.7500000       269.623596    
   98.0000000       258.362976    
   98.2500000       247.678375    
   98.5000000       237.593826    
   98.7500000       228.132568    
   99.0000000       219.317886    
   99.2500000       211.171478    
   99.5000000       203.708878    
   99.7500000       196.944107    
   100.000000       190.891159    
   100.250000       185.563293    
   100.500000       180.970673    
   100.750000       177.122650    
   101.000000       174.028625    
   101.250000       171.697998    
   101.500000       170.140137    
   101.750000       169.364441    
   102.000000       169.380249    
   102.250000       170.195923    
   102.500000       171.815506    
   102.750000       174.242004    
   103.000000       177.478409    
   103.250000       181.525558    
   103.500000       186.375870    
   103.750000       192.019470    
   104.000000       198.446609    
   104.250000       205.646439    
   104.500000       213.603882    
   104.750000       222.302689    
   105.000000       231.726746    
   105.250000       241.859848    
   105.500000       252.685837    
   105.750000       264.188538    
   106.000000       276.351746    
   106.250000       289.158508    
   106.500000       302.588959    
   106.750000       316.622253    
   107.000000       331.237671    
   107.250000       346.412933    
   107.500000       362.119720    
   107.750000       378.328186    
   108.000000       395.008362    
   108.250000       412.129700    
   108.500000       429.658447    
   108.750000       447.560211    
   109.000000       465.800537    
   109.250000       484.344971    
   109.500000       503.159088    
   109.750000       522.208435    
   110.000000       541.458618    
   110.250000       560.875122    
   110.500000       580.423218    
   110.750000       600.068237    
   111.000000       619.775330    
   111.250000       639.509705    
   111.500000       659.236206    
   111.750000       678.919434    
   112.000000       698.523926    
   112.250000       718.014404    
   112.500000       737.355286    
   112.750000       756.510925    
   113.000000       775.445557    
   113.250000       794.123718    
   113.500000       812.509521    
   113.750000       830.567627    
   114.000000       848.262085    
   114.250000       865.558105    
   114.500000       882.423767    
   114.750000       898.827637    
   115.000000       914.738525    
   115.250000       930.126587    
   115.500000       944.967651    
   115.750000       959.239380    
   116.000000       972.919067    
   116.250000       985.984863    
   116.500000       998.417908    
   116.750000       1010.19995    
   117.000000       1021.31274    
   117.250000       1031.73804    
   117.500000       1041.45789    
   117.750000       1050.45374    
   118.000000       1058.70752    
   118.250000       1066.20203    
   118.500000       1072.92468    
   118.750000       1078.86365    
   119.000000       1084.00745    
   119.250000       1088.34644    
   119.500000       1091.87964    
   119.750000       1094.60889    
   120.000000       1096.53528    
   120.250000       1097.66138    
   120.500000       1097.99402    
   120.750000       1097.54126    
   121.000000       1096.31091    
   121.250000       1094.31116    
   121.500000       1091.54932    
   121.750000       1088.03381    
   122.000000       1083.77258    
   122.250000       1078.77441    
   122.500000       1073.05212    
   122.750000       1066.61914    
   123.000000       1059.48926    
   123.250000       1051.67798    
   123.500000       1043.20850    
   123.750000       1034.10596    
   124.000000       1024.39514    
   124.250000       1014.10254    
   124.500000       1003.25745    
   124.750000       991.890930    
   125.000000       980.033936    
   125.250000       967.716797    
   125.500000       954.970703    
   125.750000       941.826233    
   126.000000       928.314026    
   126.250000       914.465576    
   126.500000       900.313721    
   126.750000       885.892029    
   127.000000       871.233826    
   127.250000       856.373474    
   127.500000       841.348877    
   127.750000       826.198730    
   128.000000       810.961914    
   128.250000       795.677551    
   128.500000       780.386597    
   128.750000       765.130676    
   129.000000       749.950989    
   129.250000       734.889160    
   129.500000       719.986511    
   129.750000       705.284485    
   130.000000       690.824585    
   130.250000       676.647949    
   130.500000       662.794556    
   130.750000       649.304382    
   131.000000       636.217041    
   131.250000       623.571777    
   131.500000       611.405762    
   131.750000       599.755371    
   132.000000       588.657166    
   132.250000       578.147339    
   132.500000       568.261108    
   132.750000       559.033203    
   133.000000       550.498535    
   133.250000       542.691956    
   133.500000       535.648376    
   133.750000       529.402527    
   134.000000       523.989319    
   134.250000       519.442810    
   134.500000       515.794006    
   134.750000       513.072815    
   135.000000       511.309540    
   135.250000       510.532593    
   135.500000       510.764221    
   135.750000       512.025085    
   136.000000       514.335754    
   136.250000       517.716125    
   136.500000       522.182800    
   136.750000       527.751709    
   137.000000       534.438782    
   137.250000       542.259888    
   137.500000       551.230835    
   137.750000       561.367615    
   138.000000       572.685974    
   138.250000       585.200989    
   138.500000       598.923401    
   138.750000       613.863098    
   139.000000       630.030151    
   139.250000       647.432312    
   139.500000       666.069641    
   139.750000       685.939758    
   140.000000       707.040894    
   140.250000       729.369751    
   140.500000       752.919434    
   140.750000       777.681641    
   141.000000       803.648499    
   141.250000       830.811768    
   141.500000       859.163513    
   141.750000       888.695679    
   142.000000       919.399963    
   142.250000       951.267761    
   142.500000       984.287048    
   142.750000       1018.44501    
   143.000000       1053.72913    
   143.250000       1090.12524    
   143.500000       1127.61230    
   143.750000       1166.16919    
   144.000000       1205.77344    
   144.250000       1246.40222    
   144.500000       1288.03015    
   144.750000       1330.63013    
   145.000000       1374.17578    
   145.250000       1418.64050    
   145.500000       1463.99780    
   145.750000       1510.22107    

