#TitleText:Ni(001)-(5x5)-Li     Beam (3/5,2/5)            Rfac10=       0.6278
 #"IV theory
   40.2500000       15138.4980    
   40.5000000       14797.3320    
   40.7500000       14466.1533    
   41.0000000       14146.3721    
   41.2500000       13839.3955    
   41.5000000       13546.6357    
   41.7500000       13269.5010    
   42.0000000       13009.3994    
   42.2500000       12767.6416    
   42.5000000       12545.1387    
   42.7500000       12342.7061    
   43.0000000       12161.1592    
   43.2500000       12001.1104    
   43.5000000       11862.3867    
   43.7500000       11744.6094    
   44.0000000       11647.4053    
   44.2500000       11570.2969    
   44.5000000       11512.4160    
   44.7500000       11472.7900    
   45.0000000       11450.4473    
   45.2500000       11444.4170    
   45.5000000       11453.7305    
   45.7500000       11477.4180    
   46.0000000       11514.5059    
   46.2500000       11564.0107    
   46.5000000       11624.8828    
   46.7500000       11696.0625    
   47.0000000       11776.4854    
   47.2500000       11865.0586    
   47.5000000       11960.5664    
   47.7500000       12061.7617    
   48.0000000       12167.3984    
   48.2500000       12276.2158    
   48.5000000       12386.8867    
   48.7500000       12498.0791    
   49.0000000       12608.4492    
   49.2500000       12716.6611    
   49.5000000       12821.3750    
   49.7500000       12921.2539    
   50.0000000       13014.9570    
   50.2500000       13101.2041    
   50.5000000       13178.9453    
   50.7500000       13247.1865    
   51.0000000       13304.9355    
   51.2500000       13351.3115    
   51.5000000       13385.9004    
   51.7500000       13408.3945    
   52.0000000       13418.4922    
   52.2500000       13415.9502    
   52.5000000       13400.7480    
   52.7500000       13372.9316    
   53.0000000       13332.5430    
   53.2500000       13279.6221    
   53.5000000       13214.2129    
   53.7500000       13136.3555    
   54.0000000       13046.0938    
   54.2500000       12943.5010    
   54.5000000       12828.7793    
   54.7500000       12702.1670    
   55.0000000       12563.9053    
   55.2500000       12414.2910    
   55.5000000       12253.8877    
   55.7500000       12083.3203    
   56.0000000       11903.2178    
   56.2500000       11714.2412    
   56.5000000       11517.1748    
   56.7500000       11312.8428    
   57.0000000       11102.0693    
   57.2500000       10885.6709    
   57.5000000       10664.4727    
   57.7500000       10439.2959    
   58.0000000       10210.9619    
   58.2500000       9980.27441    
   58.5000000       9747.96973    
   58.7500000       9514.76074    
   59.0000000       9281.36914    
   59.2500000       9048.47168    
   59.5000000       8816.61328    
   59.7500000       8586.30176    
   60.0000000       8358.04102    
   60.2500000       8132.32178    
   60.5000000       7909.56445    
   60.7500000       7690.16992    
   61.0000000       7474.54150    
   61.2500000       7263.08057    
   61.5000000       7056.18701    
   61.7500000       6854.26660    
   62.0000000       6657.71924    
   62.2500000       6466.92676    
   62.5000000       6282.19238    
   62.7500000       6103.79736    
   63.0000000       5932.02441    
   63.2500000       5767.11621    
   63.5000000       5609.15576    
   63.7500000       5458.18604    
   64.0000000       5314.25049    
   64.2500000       5177.37012    
   64.5000000       5047.48975    
   64.7500000       4924.53271    
   65.0000000       4808.42188    
   65.2500000       4699.08105    
   65.5000000       4596.43213    
   65.7500000       4500.39990    
   66.0000000       4410.90723    
   66.2500000       4327.88330    
   66.5000000       4251.28320    
   66.7500000       4181.06787    
   67.0000000       4117.19873    
   67.2500000       4059.64941    
   67.5000000       4008.44409    
   67.7500000       3963.61890    
   68.0000000       3925.21118    
   68.2500000       3893.26392    
   68.5000000       3867.84497    
   68.7500000       3849.02856    
   69.0000000       3836.89038    
   69.2500000       3831.50439    
   69.5000000       3832.94507    
   69.7500000       3841.28662    
   70.0000000       3856.60449    
   70.2500000       3878.98389    
   70.5000000       3908.55664    
   70.7500000       3945.46582    
   71.0000000       3989.85498    
   71.2500000       4041.88965    
   71.5000000       4101.82715    
   71.7500000       4169.94727    
   72.0000000       4246.53125    
   72.2500000       4331.86963    
   72.5000000       4426.30029    
   72.7500000       4530.17139    
   73.0000000       4643.83252    
   73.2500000       4767.63135    
   73.5000000       4901.91748    
   73.7500000       5047.04053    
   74.0000000       5203.34668    
   74.2500000       5371.16992    
   74.5000000       5550.77734    
   74.7500000       5742.41992    
   75.0000000       5946.34912    
   75.2500000       6162.78174    
   75.5000000       6391.80713    
   75.7500000       6633.47998    
   76.0000000       6887.85547    
   76.2500000       7154.97314    
   76.5000000       7434.80664    
   76.7500000       7727.31250    
   77.0000000       8032.45020    
   77.2500000       8350.17578    
   77.5000000       8680.44727    
   77.7500000       9023.22168    
   78.0000000       9378.45801    
   78.2500000       9746.07715    
   78.5000000       10125.8545    
   78.7500000       10517.5303    

