#TitleText:Ni(001)-(5x5)-Li     Beam (4/5,4/5)            Rfac10=       1.2482
 #"IV theory
   72.2500000       696410624.    
   72.5000000       649021248.    
   72.7500000       603796224.    
   73.0000000       560694080.    
   73.2500000       519673856.    
   73.5000000       480694240.    
   73.7500000       443713984.    
   74.0000000       408692000.    
   74.2500000       375586496.    
   74.5000000       344353440.    
   74.7500000       314948416.    
   75.0000000       287327168.    
   75.2500000       261443872.    
   75.5000000       237248800.    
   75.7500000       214690960.    
   76.0000000       193719280.    
   76.2500000       174282352.    
   76.5000000       156326464.    
   76.7500000       139797360.    
   77.0000000       124640832.    
   77.2500000       110802640.    
   77.5000000       98228552.0    
   77.7500000       86864336.0    
   78.0000000       76655768.0    
   78.2500000       67549360.0    
   78.5000000       59494668.0    
   78.7500000       52441956.0    
   79.0000000       46341520.0    
   79.2500000       41145152.0    
   79.5000000       36810664.0    
   79.7500000       33297382.0    
   80.0000000       30564626.0    
   80.2500000       28572468.0    
   80.5000000       27283996.0    
   80.7500000       26663042.0    
   81.0000000       26673456.0    
   81.2500000       27279064.0    
   81.5000000       28443704.0    
   81.7500000       30131222.0    
   82.0000000       32305448.0    
   82.2500000       34931416.0    
   82.5000000       37978892.0    
   82.7500000       41418860.0    
   83.0000000       45222272.0    
   83.2500000       49362480.0    
   83.5000000       53822328.0    
   83.7500000       58587048.0    
   84.0000000       63641852.0    
   84.2500000       68973152.0    
   84.5000000       74572152.0    
   84.7500000       80431152.0    
   85.0000000       86542536.0    
   85.2500000       92898648.0    
   85.5000000       99491848.0    
   85.7500000       106314488.    
   86.0000000       113358920.    
   86.2500000       120618688.    
   86.5000000       128092064.    
   86.7500000       135778528.    
   87.0000000       143677520.    
   87.2500000       151790912.    
   87.5000000       160130032.    
   87.7500000       168708512.    
   88.0000000       177540080.    
   88.2500000       186639616.    
   88.5000000       196026704.    
   88.7500000       205722208.    
   89.0000000       215746896.    
   89.2500000       226121584.    
   89.5000000       236867056.    
   89.7500000       248004128.    
   90.0000000       259553584.    
   90.2500000       271536928.    
   90.5000000       283978496.    
   90.7500000       296903168.    
   91.0000000       310335904.    
   91.2500000       324303200.    
   91.5000000       338836800.    
   91.7500000       353970016.    
   92.0000000       369736192.    
   92.2500000       386169312.    
   92.5000000       403306112.    
   92.7500000       421184000.    
   93.0000000       439840480.    
   93.2500000       459313056.    
   93.5000000       479639072.    
   93.7500000       500856032.    
   94.0000000       523001408.    
   94.2500000       546112320.    
   94.5000000       570224320.    
   94.7500000       595373056.    
   95.0000000       621593792.    
   95.2500000       648921216.    
   95.5000000       677387328.    
   95.7500000       707023296.    
   96.0000000       737860480.    
   96.2500000       769929728.    
   96.5000000       803260544.    
   96.7500000       837882048.    
   97.0000000       873823744.    
   97.2500000       911114496.    
   97.5000000       949783680.    
   97.7500000       989860352.    
   98.0000000       1.03137376E+09
   98.2500000       1.07435174E+09
   98.5000000       1.11881677E+09
   98.7500000       1.16478976E+09
   99.0000000       1.21229171E+09
   99.2500000       1.26134080E+09
   99.5000000       1.31194483E+09
   99.7500000       1.36410816E+09
   100.000000       1.41783552E+09
   100.250000       1.47313011E+09
   100.500000       1.52999014E+09
   100.750000       1.58841178E+09
   101.000000       1.64839155E+09
   101.250000       1.70992614E+09
   101.500000       1.77301197E+09
   101.750000       1.83764544E+09
   102.000000       1.90382336E+09
   102.250000       1.97154022E+09
   102.500000       2.04078477E+09
   102.750000       2.11154381E+09
   103.000000       2.18380416E+09
   103.250000       2.25754931E+09
   103.500000       2.33275034E+09
   103.750000       2.40937421E+09
   104.000000       2.48738918E+09
   104.250000       2.56676070E+09
   104.500000       2.64744858E+09
   104.750000       2.72941056E+09
   105.000000       2.81260442E+09
   105.250000       2.89698816E+09
   105.500000       2.98251981E+09
   105.750000       3.06915738E+09
   106.000000       3.15685811E+09
   106.250000       3.24557926E+09
   106.500000       3.33527194E+09
   106.750000       3.42588698E+09
   107.000000       3.51737472E+09
   107.250000       3.60968218E+09
   107.500000       3.70274816E+09
   107.750000       3.79650739E+09
   108.000000       3.89089459E+09
   108.250000       3.98584448E+09
   108.500000       4.08128538E+09
   108.750000       4.17714560E+09
   109.000000       4.27335219E+09
   109.250000       4.36983296E+09
   109.500000       4.46651597E+09
   109.750000       4.56332851E+09
   110.000000       4.66019840E+09
   110.250000       4.75705293E+09
   110.500000       4.85382042E+09
   110.750000       4.95042611E+09
   111.000000       5.04679885E+09
   111.250000       5.14286541E+09
   111.500000       5.23855155E+09
   111.750000       5.33378458E+09

