#TitleText:Ni(001)-(5x5)-Li     Beam (1,4/5)              Rfac10=       1.0472
 #"IV theory
   72.25000       219.4026    
   72.50000       206.9656    
   72.75000       195.9627    
   73.00000       186.3758    
   73.25000       178.1868    
   73.50000       171.3775    
   73.75000       165.9301    
   74.00000       161.8263    
   74.25000       159.0472    
   74.50000       157.5699    
   74.75000       157.3706    
   75.00000       158.4254    
   75.25000       160.7086    
   75.50000       164.1867    
   75.75000       168.8246    
   76.00000       174.5867    
   76.25000       181.4368    
   76.50000       189.3349    
   76.75000       198.2398    
   77.00000       208.1104    
   77.25000       218.9057    
   77.50000       230.5845    
   77.75000       243.1058    
   78.00000       256.4286    
   78.25000       270.5113    
   78.50000       285.3113    
   78.75000       300.7858    
   79.00000       316.8918    
   79.25000       333.5857    
   79.50000       350.8214    
   79.75000       368.5523    
   80.00000       386.7318    
   80.25000       405.3128    
   80.50000       424.2471    
   80.75000       443.4862    
   81.00000       462.9815    
   81.25000       482.6846    
   81.50000       502.5469    
   81.75000       522.5198    
   82.00000       542.5548    
   82.25000       562.6045    
   82.50000       582.6254    
   82.75000       602.5750    
   83.00000       622.4111    
   83.25000       642.0933    
   83.50000       661.5892    
   83.75000       680.8688    
   84.00000       699.9020    
   84.25000       718.6598    
   84.50000       737.1169    
   84.75000       755.2493    
   85.00000       773.0333    
   85.25000       790.4446    
   85.50000       807.4592    
   85.75000       824.0533    
   86.00000       840.2026    
   86.25000       855.8845    
   86.50000       871.0812    
   86.75000       885.7762    
   87.00000       899.9531    
   87.25000       913.5977    
   87.50000       926.7060    
   87.75000       939.2765    
   88.00000       951.3076    
   88.25000       962.7991    
   88.50000       973.7557    
   88.75000       984.1833    
   89.00000       994.0879    
   89.25000       1003.475    
   89.50000       1012.352    
   89.75000       1020.723    
   90.00000       1028.595    
   90.25000       1035.974    
   90.50000       1042.868    
   90.75000       1049.284    
   91.00000       1055.231    
   91.25000       1060.716    
   91.50000       1065.751    
   91.75000       1070.348    
   92.00000       1074.519    
   92.25000       1078.274    
   92.50000       1081.629    
   92.75000       1084.595    
   93.00000       1087.188    
   93.25000       1089.419    
   93.50000       1091.304    
   93.75000       1092.855    
   94.00000       1094.087    
   94.25000       1095.013    
   94.50000       1095.643    
   94.75000       1095.990    
   95.00000       1096.066    
   95.25000       1095.880    
   95.50000       1095.441    
   95.75000       1094.755    
   96.00000       1093.830    
   96.25000       1092.672    
   96.50000       1091.286    
   96.75000       1089.677    
   97.00000       1087.851    
   97.25000       1085.811    
   97.50000       1083.562    
   97.75000       1081.110    
   98.00000       1078.460    
   98.25000       1075.615    
   98.50000       1072.579    
   98.75000       1069.356    
   99.00000       1065.950    
   99.25000       1062.363    
   99.50000       1058.596    
   99.75000       1054.651    
   100.0000       1050.528    
   100.2500       1046.227    
   100.5000       1041.748    
   100.7500       1037.091    
   101.0000       1032.254    
   101.2500       1027.238    
   101.5000       1022.041    
   101.7500       1016.663    
   102.0000       1011.104    
   102.2500       1005.362    
   102.5000       999.4386    
   102.7500       993.3339    
   103.0000       987.0486    
   103.2500       980.5835    
   103.5000       973.9409    
   103.7500       967.1240    
   104.0000       960.1353    
   104.2500       952.9778    
   104.5000       945.6558    
   104.7500       938.1727    
   105.0000       930.5327    
   105.2500       922.7399    
   105.5000       914.7983    
   105.7500       906.7117    
   106.0000       898.4842    
   106.2500       890.1200    
   106.5000       881.6240    
   106.7500       873.0009    
   107.0000       864.2558    
   107.2500       855.3941    
   107.5000       846.4224    
   107.7500       837.3473    
   108.0000       828.1763    
   108.2500       818.9162    
   108.5000       809.5749    
   108.7500       800.1602    
   109.0000       790.6800    
   109.2500       781.1424    
   109.5000       771.5553    
   109.7500       761.9266    
   110.0000       752.2641    
   110.2500       742.5759    
   110.5000       732.8694    
   110.7500       723.1524    
   111.0000       713.4322    
   111.2500       703.7164    
   111.5000       694.0119    
   111.7500       684.3253    
   112.0000       674.6638    
   112.2500       665.0338    
   112.5000       655.4418    
   112.7500       645.8945    
   113.0000       636.3979    
   113.2500       626.9589    
   113.5000       617.5835    
   113.7500       608.2783    
   114.0000       599.0498    
   114.2500       589.9041    
   114.5000       580.8458    
   114.7500       571.8796    
   115.0000       563.0100    
   115.2500       554.2409    
   115.5000       545.5735    
   115.7500       537.0085    
 
