#TitleText:Ni(001)-(5x5)-Li     Beam (2/5,1/5)            Rfac10=       1.1677
 #"IV theory
   40.2500000       114.161438    
   40.5000000       116.967743    
   40.7500000       119.653259    
   41.0000000       122.209053    
   41.2500000       124.626205    
   41.5000000       126.895813    
   41.7500000       129.008957    
   42.0000000       130.956711    
   42.2500000       132.730698    
   42.5000000       134.324539    
   42.7500000       135.732437    
   43.0000000       136.948517    
   43.2500000       137.967987    
   43.5000000       138.790161    
   43.7500000       139.415344    
   44.0000000       139.843857    
   44.2500000       140.076538    
   44.5000000       140.116272    
   44.7500000       139.966492    
   45.0000000       139.630585    
   45.2500000       139.111938    
   45.5000000       138.413986    
   45.7500000       137.540115    
   46.0000000       136.493729    
   46.2500000       135.278442    
   46.5000000       133.898773    
   46.7500000       132.359497    
   47.0000000       130.665314    
   47.2500000       128.821442    
   47.5000000       126.834816    
   47.7500000       124.712860    
   48.0000000       122.462990    
   48.2500000       120.092842    
   48.5000000       117.610962    
   48.7500000       115.026062    
   49.0000000       112.346901    
   49.2500000       109.582245    
   49.5000000       106.740814    
   49.7500000       103.831390    
   50.0000000       100.862709    
   50.2500000       97.8434525    
   50.5000000       94.7820587    
   50.7500000       91.6868820    
   51.0000000       88.5662994    
   51.2500000       85.4285507    
   51.5000000       82.2813644    
   51.7500000       79.1323395    
   52.0000000       75.9890900    
   52.2500000       72.8591537    
   52.5000000       69.7498093    
   52.7500000       66.6682739    
   53.0000000       63.6217880    
   53.2500000       60.6175613    
   53.5000000       57.6628151    
   53.7500000       54.7647820    
   54.0000000       51.9306717    
   54.2500000       49.1675148    
   54.5000000       46.4815674    
   54.7500000       43.8788834    
   55.0000000       41.3655243    
   55.2500000       38.9471588    
   55.5000000       36.6279030    
   55.7500000       34.4114876    
   56.0000000       32.3016472    
   56.2500000       30.3019085    
   56.5000000       28.4150410    
   56.7500000       26.6436043    
   57.0000000       24.9901695    
   57.2500000       23.4573021    
   57.5000000       22.0475636    
   57.7500000       20.7635231    
   58.0000000       19.6077480    
   58.2500000       18.5825596    
   58.5000000       17.6893196    
   58.7500000       16.9291439    
   59.0000000       16.3031521    
   59.2500000       15.8119774    
   59.5000000       15.4543219    
   59.7500000       15.2284107    
   60.0000000       15.1324587    
   60.2500000       15.1644459    
   60.5000000       15.3213882    
   60.7500000       15.6000576    
   61.0000000       15.9972210    
   61.2500000       16.5096569    
   61.5000000       17.1341305    
   61.7500000       17.8674202    
   62.0000000       18.7062912    
   62.2500000       19.6473522    
   62.5000000       20.6865253    
   62.7500000       21.8195610    
   63.0000000       23.0422230    
   63.2500000       24.3499203    
   63.5000000       25.7367134    
   63.7500000       27.1963272    
   64.0000000       28.7224827    
   64.2500000       30.3087330    
   64.5000000       31.9479427    
   64.7500000       33.6328316    
   65.0000000       35.3560867    
   65.2500000       37.1104240    
   65.5000000       38.8885460    
   65.7500000       40.6831589    
   66.0000000       42.4869614    
   66.2500000       44.2927094    
   66.5000000       46.0933418    
   66.7500000       47.8818359    
   67.0000000       49.6511879    
   67.2500000       51.3944588    
   67.5000000       53.1051216    
   67.7500000       54.7767067    
   68.0000000       56.4027557    
   68.2500000       57.9768677    
   68.5000000       59.4928246    
   68.7500000       60.9444504    
   69.0000000       62.3255539    
   69.2500000       63.6299782    
   69.5000000       64.8515396    
   69.7500000       65.9840698    
   70.0000000       67.0213928    
   70.2500000       67.9576416    
   70.5000000       68.7882156    
   70.7500000       69.5088043    
   71.0000000       70.1151199    
   71.2500000       70.6034927    
   71.5000000       70.9727554    
   71.7500000       71.2223663    
   72.0000000       71.3517914    
   72.2500000       71.3608017    
   72.5000000       71.2504196    
   72.7500000       71.0219955    
   73.0000000       70.6768494    
   73.2500000       70.2163391    
   73.5000000       69.6417847    
   73.7500000       68.9545441    
   74.0000000       68.1559525    
   74.2500000       67.2476807    
   74.5000000       66.2327728    
   74.7500000       65.1146393    
   75.0000000       63.8966484    
   75.2500000       62.5828705    
   75.5000000       61.1801147    
   75.7500000       59.6958580    
   76.0000000       58.1375923    
   76.2500000       56.5131454    
   76.5000000       54.8317070    
   76.7500000       53.1028099    
   77.0000000       51.3359833    
   77.2500000       49.5407677    
   77.5000000       47.7266884    
   77.7500000       45.9032898    
   78.0000000       44.0801048    
   78.2500000       42.2667503    
   78.5000000       40.4732094    
   78.7500000       38.7095566    
   79.0000000       36.9858665    
   79.2500000       35.3123970    
   79.5000000       33.7001114    
   79.7500000       32.1601639    
   80.0000000       30.7037106    
   80.2500000       29.3419914    
   80.5000000       28.0866070    
   80.7500000       26.9492493    
   81.0000000       25.9416103    
   81.2500000       25.0753860    
   81.5000000       24.3622627    
   81.7500000       23.8139362    
   82.0000000       23.4420948    
   82.2500000       23.2581291    
   82.5000000       23.2722206    
   82.7500000       23.4942493    
   83.0000000       23.9340839    
   83.2500000       24.6010036    
   83.5000000       25.5018654    
   83.7500000       26.6429119    
   84.0000000       28.0303974    
   84.2500000       29.6702709    
   84.5000000       31.5672684    
   84.7500000       33.7258186    
   85.0000000       36.1503639    
   85.2500000       38.8453407    
   85.5000000       41.8151817    
   85.7500000       45.0643196    
   86.0000000       48.5972023    
   86.2500000       52.4177399    
   86.5000000       56.5278244    
   86.7500000       60.9288368    
   87.0000000       65.6221466    
   87.2500000       70.6081085    
   87.5000000       75.8830185    
   87.7500000       81.4421082    
   88.0000000       87.2806625    
   88.2500000       93.3934097    
   88.5000000       99.7730637    
   88.7500000       106.411819    
   89.0000000       113.301895    
   89.2500000       120.435471    
   89.5000000       127.804749    
   89.7500000       135.401932    
   90.0000000       143.219223    
   90.2500000       151.248428    
   90.5000000       159.479935    
   90.7500000       167.903671    
   91.0000000       176.509598    
   91.2500000       185.286942    
   91.5000000       194.221985    
   91.7500000       203.300186    
   92.0000000       212.507050    
   92.2500000       221.827744    
   92.5000000       231.245880    
   92.7500000       240.744736    
   93.0000000       250.307571    
   93.2500000       259.917694    
   93.5000000       269.558350    
   93.7500000       279.212769    
   94.0000000       288.864319    
   94.2500000       298.496185    
   94.5000000       308.091797    
   94.7500000       317.634552    
   95.0000000       327.107819    
   95.2500000       336.494995    
   95.5000000       345.779724    
   95.7500000       354.945648    
   96.0000000       363.976257    
   96.2500000       372.855347    
   96.5000000       381.566589    
   96.7500000       390.093689    
   97.0000000       398.420502    
   97.2500000       406.530609    
   97.5000000       414.407928    
   97.7500000       422.036133    
   98.0000000       429.398895    
   98.2500000       436.480469    
   98.5000000       443.266663    
   98.7500000       449.743652    
   99.0000000       455.897675    
   99.2500000       461.715790    
   99.5000000       467.188232    
   99.7500000       472.306366    
   100.000000       477.061279    
   100.250000       481.444519    
   100.500000       485.449310    
   100.750000       489.069366    
   101.000000       492.298279    
   101.250000       495.129730    
   101.500000       497.557312    
   101.750000       499.574738    
   102.000000       501.175598    
   102.250000       502.354156    
   102.500000       503.106842    
   102.750000       503.430664    
   103.000000       503.322571    
   103.250000       502.780731    
   103.500000       501.807709    
   103.750000       500.407257    
   104.000000       498.583038    
   104.250000       496.339325    
   104.500000       493.682709    
   104.750000       490.620178    

