#TitleText:Ni(001)-(5x5)-Li     Beam (1,1)                Rfac10=       0.6086
 #"IV theory
   86.2500000       2582.61157    
   86.5000000       2645.09912    
   86.7500000       2716.17139    
   87.0000000       2795.80225    
   87.2500000       2883.77539    
   87.5000000       2979.11328    
   87.7500000       3080.64771    
   88.0000000       3187.20947    
   88.2500000       3297.53638    
   88.5000000       3409.98413    
   88.7500000       3522.81323    
   89.0000000       3634.28442    
   89.2500000       3742.65869    
   89.5000000       3846.19629    
   89.7500000       3943.15869    
   90.0000000       4031.80640    
   90.2500000       4110.50293    
   90.5000000       4178.01953    
   90.7500000       4233.23096    
   91.0000000       4275.01025    
   91.2500000       4302.43799    
   91.5000000       4315.40967    
   91.7500000       4314.02734    
   92.0000000       4298.39111    
   92.2500000       4268.70557    
   92.5000000       4225.58252    
   92.7500000       4169.73633    
   93.0000000       4101.88281    
   93.2500000       4022.73560    
   93.5000000       3933.01001    
   93.7500000       3833.42041    
   94.0000000       3724.68140    
   94.2500000       3607.52393    
   94.5000000       3482.74341    
   94.7500000       3351.15063    
   95.0000000       3213.55664    
   95.2500000       3070.80518    
   95.5000000       2923.86841    
   95.7500000       2773.75000    
   96.0000000       2621.45483    
   96.2500000       2468.00342    
   96.5000000       2314.47949    
   96.7500000       2161.98438    
   97.0000000       2011.61951    
   97.2500000       1864.48438    
   97.5000000       1721.68091    
   97.7500000       1584.30896    
   98.0000000       1453.46973    
   98.2500000       1330.18726    
   98.5000000       1215.17737    
   98.7500000       1109.07959    
   99.0000000       1012.53302    
   99.2500000       926.023438    
   99.5000000       849.420715    
   99.7500000       782.441284    
   100.000000       724.801575    
   100.250000       676.140808    
   100.500000       635.790894    
   100.750000       603.006653    
   101.000000       577.042908    
   101.250000       557.154602    
   101.500000       542.596436    
   101.750000       532.623474    
   102.000000       526.490417    
   102.250000       523.484802    
   102.500000       523.024292    
   102.750000       524.559509    
   103.000000       527.540649    
   103.250000       531.483337    
   103.500000       536.163940    
   103.750000       541.423950    
   104.000000       547.104797    
   104.250000       553.080566    
   104.500000       559.355652    
   104.750000       565.967102    
   105.000000       572.952026    
   105.250000       580.347351    
   105.500000       588.190186    
   105.750000       596.517395    
   106.000000       605.366211    
   106.250000       614.772583    
   106.500000       624.768555    
   106.750000       635.385132    
   107.000000       646.653503    
   107.250000       658.602600    
   107.500000       671.253601    
   107.750000       684.625610    
   108.000000       698.737854    
   108.250000       713.608337    
   108.500000       729.251282    
   108.750000       745.679871    
   109.000000       762.907227    
   109.250000       780.946411    
   109.500000       799.810852    
   109.750000       819.513428    
   110.000000       840.067444    
   110.250000       861.486511    
   110.500000       883.786194    
   110.750000       906.982422    
   111.000000       931.091370    
   111.250000       956.129883    
   111.500000       982.118713    
   111.750000       1009.07990    
   112.000000       1037.03479    
   112.250000       1066.00574    
   112.500000       1096.01697    
   112.750000       1127.09314    
   113.000000       1159.25842    
   113.250000       1192.53796    
   113.500000       1226.95581    
   113.750000       1262.53723    
   114.000000       1299.30627    
   114.250000       1337.30908    
   114.500000       1376.67712    
   114.750000       1417.56348    
   115.000000       1460.12122    
   115.250000       1504.54590    
   115.500000       1551.20422    
   115.750000       1600.50586    
   116.000000       1652.86072    
   116.250000       1708.69922    
   116.500000       1768.53870    
   116.750000       1832.91638    
   117.000000       1902.37036    
   117.250000       1977.43909    
   117.500000       2058.65991    
   117.750000       2146.57104    
   118.000000       2241.71094    
   118.250000       2344.55908    
   118.500000       2455.36646    
   118.750000       2574.32544    
   119.000000       2701.62891    
   119.250000       2837.35425    
   119.500000       2981.11938    
   119.750000       3132.42651    
   120.000000       3290.77734    
   120.250000       3455.61743    
   120.500000       3626.16138    
   120.750000       3801.56567    
   121.000000       3980.98755    
   121.250000       4163.58447    
   121.500000       4348.51367    
   121.750000       4534.93213    
   122.000000       4721.99609    
   122.250000       4908.83105    
   122.500000       5094.43066    
   122.750000       5277.75488    
   123.000000       5457.76514    
   123.250000       5633.35693    
   123.500000       5803.16357    
   123.750000       5965.75439    
   124.000000       6119.69678    
   124.250000       6263.52686    
   124.500000       6395.64844    
   124.750000       6514.43457    
   125.000000       6618.25830    
   125.250000       6705.49072    
   125.500000       6774.50391    
   125.750000       6823.66992    
   126.000000       6851.36133    
   126.250000       6856.14111    
   126.500000       6837.33984    
   126.750000       6794.47949    
   127.000000       6727.08252    
   127.250000       6635.05273    
   127.500000       6519.82910    
   127.750000       6383.23291    
   128.000000       6227.08545    
   128.250000       6053.39893    
   128.500000       5864.95557    
   128.750000       5664.72314    
   129.000000       5455.67480    
   129.250000       5240.78076    
   129.500000       5023.01270    
   129.750000       4805.34082    
   130.000000       4590.73682    
   130.250000       4382.00928    
   130.500000       4181.31348    
   130.750000       3990.64282    
   131.000000       3811.99072    
   131.250000       3647.02368    
   131.500000       3496.10474    
   131.750000       3359.27124    
   132.000000       3236.55908    
   132.250000       3127.84302    
   132.500000       3032.34448    
   132.750000       2949.12256    
   133.000000       2877.23584    
   133.250000       2815.74341    
   133.500000       2763.70386    
   133.750000       2720.17603    
   134.000000       2684.21899    
   134.250000       2654.92944    
   134.500000       2631.55615    
   134.750000       2613.38623    
   135.000000       2599.70679    
   135.250000       2589.88013    
   135.500000       2583.57397    
   135.750000       2580.53076    
   136.000000       2580.49414    
   136.250000       2583.24487    
   136.500000       2588.71582    
   136.750000       2596.87915    
   137.000000       2607.70483    
   137.250000       2621.16431    
   137.500000       2637.22949    
   137.750000       2655.87134    
   138.000000       2677.06006    
   138.250000       2700.76611    
   138.500000       2726.95068    
   138.750000       2755.57446    
   139.000000       2786.59766    
   139.250000       2819.97681    
   139.500000       2855.65405    
   139.750000       2893.56738    
   140.000000       2933.65576    
   140.250000       2975.85547    
   140.500000       3020.09570    
   140.750000       3066.30396    
   141.000000       3114.40796    
   141.250000       3164.33472    
   141.500000       3216.01245    
   141.750000       3269.36792    
   142.000000       3324.32910    
   142.250000       3380.82642    
   142.500000       3438.80469    
   142.750000       3498.21216    
   143.000000       3558.99634    
   143.250000       3621.11255    
   143.500000       3684.54321    
   143.750000       3749.27710    
   144.000000       3815.30396    
   144.250000       3882.61597    
   144.500000       3951.21973    
   144.750000       4021.12476    
   145.000000       4092.34082    
   145.250000       4164.87793    
   145.500000       4238.74561    
   145.750000       4313.95361    
   146.000000       4390.51172    
   146.250000       4468.43848    
   146.500000       4547.78760    
   146.750000       4628.62012    
   147.000000       4711.00000    
   147.250000       4795.00488    
   147.500000       4880.78613    
   147.750000       4968.50928    
   148.000000       5058.34180    
   148.250000       5150.45898    
   148.500000       5245.07178    
   148.750000       5342.39941    
   149.000000       5442.66113    
   149.250000       5546.07666    
   149.500000       5652.86377    
   149.750000       5763.24414    
   150.000000       5877.43555    
   150.250000       5995.64795    
   150.500000       6118.04639    
   150.750000       6244.78857    
   151.000000       6376.02979    
   151.250000       6511.90527    
   151.500000       6652.46533    
   151.750000       6797.74072    
   152.000000       6947.76221    
   152.250000       7102.54639    
   152.500000       7262.07324    
   152.750000       7426.30762    
   153.000000       7595.21729    
   153.250000       7768.76904    
   153.500000       7946.92822    
   153.750000       8129.66211    
   154.000000       8316.93848    
   154.250000       8508.80859    
   154.500000       8705.66602    
   154.750000       8907.99219    
   155.000000       9116.26465    
   155.250000       9331.13379    
   155.500000       9553.93359    
   155.750000       9786.16992    
   156.000000       10029.3457    
   156.250000       10285.0537    
   156.500000       10555.2227    
   156.750000       10841.8740    
   157.000000       11147.0234    
   157.250000       11472.6875    
   157.500000       11820.8857    
   157.750000       12193.6357    
   158.000000       12592.9521    
   158.250000       13020.4307    
   158.500000       13475.9629    
   158.750000       13959.0176    
   159.000000       14469.0645    
   159.250000       15004.7236    
   159.500000       15561.2129    
   159.750000       16132.9053    
   160.000000       16714.1699    
   160.250000       17298.9531    
   160.500000       17879.5000    
   160.750000       18447.6387    
   161.000000       18995.1855    
   161.250000       19513.9629    
   161.500000       19995.7969    
   161.750000       20432.5059    
   162.000000       20815.9102    
   162.250000       21138.3965    
   162.500000       21394.5918    
   162.750000       21579.6836    
   163.000000       21688.8691    
   163.250000       21718.4473    
   163.500000       21669.2324    
   163.750000       21543.1426    
   164.000000       21342.1035    
   164.250000       21068.6035    
   164.500000       20727.3652    
   164.750000       20323.6895    
   165.000000       19862.8672    
   165.250000       19350.1875    
   165.500000       18790.9434    
   165.750000       18190.4238    
   166.000000       17553.9277    
   166.250000       16886.6699    
   166.500000       16193.5889    
   166.750000       15479.5449    
   167.000000       14749.4014    
   167.250000       14007.8779    
   167.500000       13259.1250    
   167.750000       12507.1455    
   168.000000       11755.9473    
   168.250000       11009.4609    
   168.500000       10271.3359    
   168.750000       9545.14941    
   169.000000       8834.47559    
   169.250000       8142.89209    
   169.500000       7473.97363    
   169.750000       6831.29785    
   170.000000       6218.44043    
   170.250000       5638.71045    
   170.500000       5094.34961    
   170.750000       4587.33057    
   171.000000       4119.62891    
   171.250000       3692.68262    
   171.500000       3305.79639    
   171.750000       2957.73877    
   172.000000       2647.27905    
   172.250000       2372.91968    
   172.500000       2132.09521    
   172.750000       1921.97192    
   173.000000       1739.71692    
   173.250000       1582.49719    
   173.500000       1447.47986    
   173.750000       1331.83191    
   174.000000       1232.71997    
   174.250000       1147.43335    
   174.500000       1073.74988    
   174.750000       1009.56934    
   175.000000       952.791382    
   175.250000       901.560242    
   175.500000       854.997192    
   175.750000       812.467896    
   176.000000       773.337708    
   176.250000       737.094482    
   176.500000       703.714478    
   176.750000       673.296082    
   177.000000       645.937744    
   177.250000       621.737915    
   177.500000       600.795044    
   177.750000       583.207458    
   178.000000       569.073730    
   178.250000       558.480957    
   178.500000       551.471436    
   178.750000       548.076416    
   179.000000       548.326782    
   179.250000       552.231323    
   179.500000       559.708984    
   179.750000       570.656189    
   180.000000       584.969177    
   180.250000       602.533447    
   180.500000       623.189209    
   180.750000       646.765564    
   181.000000       673.091675    
   181.250000       701.996643    
   181.500000       733.309570    
   181.750000       766.859619    
   182.000000       802.475891    
   182.250000       839.996338    
   182.500000       879.294373    
   182.750000       920.252319    
   183.000000       962.752502    
   183.250000       1006.69489    
   183.500000       1052.05042    
   183.750000       1098.80762    
   184.000000       1146.95508    
   184.250000       1196.49048    
   184.500000       1247.44666    
   184.750000       1299.86548    
   185.000000       1353.78870    
   185.250000       1409.25793    
   185.500000       1466.31543    
   185.750000       1525.00244    
   186.000000       1585.36121    
   186.250000       1647.43604    
   186.500000       1711.28271    
   186.750000       1776.95996    
   187.000000       1844.52625    
   187.250000       1914.04553    
   187.500000       1985.60425    
   187.750000       2059.29443    
   188.000000       2135.20874    
   188.250000       2213.44067    
   188.500000       2294.09766    
   188.750000       2377.28735    
   189.000000       2463.11890    
   189.250000       2551.70117    
   189.500000       2643.14282    
   189.750000       2737.55273    
   190.000000       2835.03882    
   190.250000       2935.70825    
   190.500000       3039.65552    
   190.750000       3146.97290    
   191.000000       3257.75293    
   191.250000       3372.08203    
   191.500000       3490.02515    
   191.750000       3611.64160    
   192.000000       3736.99072    
   192.250000       3866.12866    
   192.500000       3999.10132    
   192.750000       4135.95068    
   193.000000       4276.72070    
   193.250000       4421.45410    
   193.500000       4570.19336    
   193.750000       4722.98047    
   194.000000       4879.85938    
   194.250000       5040.90527    
   194.500000       5206.32617    
   194.750000       5376.36230    
   195.000000       5551.25488    
   195.250000       5731.31006    
   195.500000       5917.09863    
   195.750000       6109.25781    
   196.000000       6308.42383    
   196.250000       6515.26709    
   196.500000       6730.58691    
   196.750000       6955.21826    
   197.000000       7189.99365    
   197.250000       7435.74756    
   197.500000       7693.31689    
   197.750000       7963.54102    
   198.000000       8247.25586    
   198.250000       8545.21777    
   198.500000       8857.84668    
   198.750000       9185.47754    
   199.000000       9528.44824    
   199.250000       9886.94434    
   199.500000       10260.5459    
   199.750000       10648.6885    

