#TitleText:Ni(001)-(5x5)-Li     Beam (1,1/5)              Rfac10=       1.3603
 #"IV theory
   54.2500000       342.966705    
   54.5000000       360.947296    
   54.7500000       379.244324    
   55.0000000       397.802307    
   55.2500000       416.565277    
   55.5000000       435.476257    
   55.7500000       454.477905    
   56.0000000       473.512817    
   56.2500000       492.523590    
   56.5000000       511.452118    
   56.7500000       530.240173    
   57.0000000       548.829590    
   57.2500000       567.162109    
   57.5000000       585.179565    
   57.7500000       602.823608    
   58.0000000       620.036255    
   58.2500000       636.761414    
   58.5000000       652.952759    
   58.7500000       668.566040    
   59.0000000       683.557007    
   59.2500000       697.886292    
   59.5000000       711.533081    
   59.7500000       724.481201    
   60.0000000       736.714722    
   60.2500000       748.219788    
   60.5000000       758.992126    
   60.7500000       769.029480    
   61.0000000       778.330078    
   61.2500000       786.891724    
   61.5000000       794.712402    
   61.7500000       801.790161    
   62.0000000       808.122742    
   62.2500000       813.709473    
   62.5000000       818.554199    
   62.7500000       822.661987    
   63.0000000       826.038025    
   63.2500000       828.689758    
   63.5000000       830.634216    
   63.7500000       831.890625    
   64.0000000       832.478516    
   64.2500000       832.418335    
   64.5000000       831.735535    
   64.7500000       830.456665    
   65.0000000       828.608093    
   65.2500000       826.216370    
   65.5000000       823.308105    
   65.7500000       819.909729    
   66.0000000       816.047791    
   66.2500000       811.748474    
   66.5000000       807.036621    
   66.7500000       801.936462    
   67.0000000       796.472595    
   67.2500000       790.668884    
   67.5000000       784.546021    
   67.7500000       778.124451    
   68.0000000       771.424622    
   68.2500000       764.466248    
   68.5000000       757.267944    
   68.7500000       749.848022    
   69.0000000       742.224426    
   69.2500000       734.415710    
   69.5000000       726.439941    
   69.7500000       718.315247    
   70.0000000       710.059998    
   70.2500000       701.691772    
   70.5000000       693.225708    
   70.7500000       684.676636    
   71.0000000       676.059204    
   71.2500000       667.386780    
   71.5000000       658.668518    
   71.7500000       649.911743    
   72.0000000       641.124207    
   72.2500000       632.312927    
   72.5000000       623.482666    
   72.7500000       614.637451    
   73.0000000       605.781311    
   73.2500000       596.918518    
   73.5000000       588.053040    
   73.7500000       579.189087    
   74.0000000       570.330750    
   74.2500000       561.482178    
   74.5000000       552.647888    
   74.7500000       543.832458    
   75.0000000       535.040405    
   75.2500000       526.276489    
   75.5000000       517.546021    
   75.7500000       508.854553    
   76.0000000       500.207520    
   76.2500000       491.610626    
   76.5000000       483.069672    
   76.7500000       474.590607    
   77.0000000       466.179535    
   77.2500000       457.842285    
   77.5000000       449.584869    
   77.7500000       441.413269    
   78.0000000       433.333466    
   78.2500000       425.351624    
   78.5000000       417.474792    
   78.7500000       409.710236    
   79.0000000       402.065247    
   79.2500000       394.547516    
   79.5000000       387.166504    
   79.7500000       379.932159    
   80.0000000       372.854187    
   80.2500000       365.942841    
   80.5000000       359.209015    
   80.7500000       352.663910    
   81.0000000       346.318787    
   81.2500000       340.184723    
   81.5000000       334.272949    
   81.7500000       328.594635    
   82.0000000       323.161011    
   82.2500000       317.982971    
   82.5000000       313.070312    
   82.7500000       308.432892    
   83.0000000       304.080139    
   83.2500000       300.021240    
   83.5000000       296.263306    
   83.7500000       292.812805    
   84.0000000       289.676239    
   84.2500000       286.859894    
   84.5000000       284.369019    
   84.7500000       282.208618    
   85.0000000       280.383636    
   85.2500000       278.899109    
   85.5000000       277.759949    
   85.7500000       276.971191    
   86.0000000       276.537750    
   86.2500000       276.464050    
   86.5000000       276.752045    
   86.7500000       277.403046    
   87.0000000       278.418488    
   87.2500000       279.798431    
   87.5000000       281.538177    
   87.7500000       283.631866    
   88.0000000       286.073578    
   88.2500000       288.856781    
   88.5000000       291.972595    
   88.7500000       295.411407    
   89.0000000       299.163818    
   89.2500000       303.220123    
   89.5000000       307.570892    
   89.7500000       312.206573    
   90.0000000       317.117645    
   90.2500000       322.294189    
   90.5000000       327.724640    
   90.7500000       333.397217    
   91.0000000       339.300018    
   91.2500000       345.420471    
   91.5000000       351.742767    
   91.7500000       358.250336    
   92.0000000       364.926697    
   92.2500000       371.754974    
   92.5000000       378.716614    
   92.7500000       385.792755    
   93.0000000       392.964600    
   93.2500000       400.213257    
   93.5000000       407.519867    
   93.7500000       414.865509    
   94.0000000       422.231445    
   94.2500000       429.598907    
   94.5000000       436.949615    
   94.7500000       444.265564    
   95.0000000       451.528625    
   95.2500000       458.721069    
   95.5000000       465.826141    
   95.7500000       472.827393    
   96.0000000       479.708191    
   96.2500000       486.452362    
   96.5000000       493.043945    
   96.7500000       499.467377    
   97.0000000       505.706909    
   97.2500000       511.746857    
   97.5000000       517.571533    
   97.7500000       523.165222    
   98.0000000       528.512268    
   98.2500000       533.597534    
   98.5000000       538.408203    
   98.7500000       542.931824    
   99.0000000       547.156189    
   99.2500000       551.070068    
   99.5000000       554.666565    
   99.7500000       557.940430    
   100.000000       560.885864    
   100.250000       563.497803    
   100.500000       565.773376    
   100.750000       567.710693    
   101.000000       569.307190    
   101.250000       570.560730    
   101.500000       571.469177    
   101.750000       572.030212    
   102.000000       572.241577    
   102.250000       572.101685    
   102.500000       571.611084    
   102.750000       570.770996    
   103.000000       569.582581    
   103.250000       568.048218    
   103.500000       566.174683    
   103.750000       563.970093    
   104.000000       561.442322    
   104.250000       558.599976    
   104.500000       555.453918    
   104.750000       552.015564    
   105.000000       548.296387    
   105.250000       544.307861    
   105.500000       540.061218    
   105.750000       535.567993    
   106.000000       530.839539    
   106.250000       525.887573    
   106.500000       520.724365    
   106.750000       515.362732    
   107.000000       509.815186    
   107.250000       504.094849    
   107.500000       498.216339    
   107.750000       492.194672    
   108.000000       486.045105    
   108.250000       479.782715    
   108.500000       473.423706    
   108.750000       466.984314    
   109.000000       460.480865    
   109.250000       453.929657    
   109.500000       447.346954    
   109.750000       440.749023    
   110.000000       434.152222    
   110.250000       427.572662    
   110.500000       421.025879    
   110.750000       414.527374    
   111.000000       408.092621    
   111.250000       401.736694    
   111.500000       395.473724    
   111.750000       389.317383    
   112.000000       383.281494    
   112.250000       377.379578    
   112.500000       371.624756    
   112.750000       366.029907    
   113.000000       360.607880    
   113.250000       355.371735    
   113.500000       350.334198    
   113.750000       345.508240    
   114.000000       340.906830    
   114.250000       336.542419    
   114.500000       332.426483    
   114.750000       328.569885    
   115.000000       324.983734    
   115.250000       321.678345    
   115.500000       318.661530    
   115.750000       315.940643    
   116.000000       313.522736    
   116.250000       311.414764    
   116.500000       309.622345    
   116.750000       308.150787    
   117.000000       307.005402    
   117.250000       306.191467    
   117.500000       305.714355    
   117.750000       305.579315    
   118.000000       305.791687    
   118.250000       306.356506    
   118.500000       307.277649    
   118.750000       308.558685    
   119.000000       310.203217    
   119.250000       312.214264    
   119.500000       314.592529    
   119.750000       317.338226    
   120.000000       320.451538    
   120.250000       323.932251    
   120.500000       327.779175    
   120.750000       331.990784    
   121.000000       336.565399    
   121.250000       341.501587    
   121.500000       346.797699    
   121.750000       352.452332    
   122.000000       358.463776    
   122.250000       364.830444    
   122.500000       371.550232    
   122.750000       378.620941    
   123.000000       386.040344    
   123.250000       393.806030    
   123.500000       401.914734    
   123.750000       410.362854    
   124.000000       419.146973    
   124.250000       428.263397    
   124.500000       437.708099    
   124.750000       447.476990    
   125.000000       457.565765    
   125.250000       467.970306    
   125.500000       478.686523    
   125.750000       489.710175    
   126.000000       501.037079    
   126.250000       512.663147    
   126.500000       524.584473    
   126.750000       536.797241    
   127.000000       549.297363    
   127.250000       562.081299    
   127.500000       575.145752    
   127.750000       588.487061    
   128.000000       602.102234    
   128.250000       615.987915    
   128.500000       630.141174    
   128.750000       644.558960    
   129.000000       659.238220    
   129.250000       674.176086    
   129.500000       689.369507    
   129.750000       704.815491    
   130.000000       720.511108    
   130.250000       736.453308    
   130.500000       752.639771    
   130.750000       769.067566    
   131.000000       785.734375    
   131.250000       802.637817    
   131.500000       819.775940    
   131.750000       837.147156    
   132.000000       854.749878    
   132.250000       872.582397    
   132.500000       890.643555    
   132.750000       908.932007    
   133.000000       927.446533    
   133.250000       946.186035    
   133.500000       965.149048    
   133.750000       984.334595    
   134.000000       1003.74146    
   134.250000       1023.36823    
   134.500000       1043.21387    
   134.750000       1063.27710    
   135.000000       1083.55652    
   135.250000       1104.05127    
   135.500000       1124.75989    
   135.750000       1145.68152    
   136.000000       1166.81458    
   136.250000       1188.15808    
   136.500000       1209.71082    
   136.750000       1231.47180    
   137.000000       1253.43933    
   137.250000       1275.61279    
   137.500000       1297.99048    
   137.750000       1320.57178    
   138.000000       1343.35522    
   138.250000       1366.33948    
   138.500000       1389.52295    
   138.750000       1412.90393    
   139.000000       1436.48059    
   139.250000       1460.25110    
   139.500000       1484.21289    
   139.750000       1508.36304    
   140.000000       1532.69836    
   140.250000       1557.21643    
   140.500000       1581.91345    
   140.750000       1606.78650    
   141.000000       1631.83154    
   141.250000       1657.04565    
   141.500000       1682.42517    
   141.750000       1707.96667    
   142.000000       1733.66711    
   142.250000       1759.52271    
   142.500000       1785.52930    
   142.750000       1811.68286    
   143.000000       1837.97913    
   143.250000       1864.41382    
   143.500000       1890.98145    
   143.750000       1917.67664    
   144.000000       1944.49365    
   144.250000       1971.42676    
   144.500000       1998.46973    
   144.750000       2025.61633    
   145.000000       2052.86011    
   145.250000       2080.19482    
   145.500000       2107.61426    
   145.750000       2135.11182    
   146.000000       2162.68091    
   146.250000       2190.31592    
   146.500000       2218.00854    
   146.750000       2245.75122    
   147.000000       2273.53735    
   147.250000       2301.35791    
   147.500000       2329.20410    
   147.750000       2357.06470    
   148.000000       2384.93115    
   148.250000       2412.79175    
   148.500000       2440.63647    
   148.750000       2468.45337    
   149.000000       2496.23169    
   149.250000       2523.95947    
   149.500000       2551.62622    
   149.750000       2579.21997    
   150.000000       2606.72949    
   150.250000       2634.14404    
   150.500000       2661.45166    
   150.750000       2688.64111    
   151.000000       2715.70142    
   151.250000       2742.62109    
   151.500000       2769.38794    
   151.750000       2795.99170    
   152.000000       2822.41992    
   152.250000       2848.66187    
   152.500000       2874.70581    
   152.750000       2900.54028    

