#TitleText:Ni(001)-(5x5)-Li     Beam (1,2/5)              Rfac10=       1.2565
 #"IV theory
   63.2500000       740704000.    
   63.5000000       735331840.    
   63.7500000       728984256.    
   64.0000000       721689728.    
   64.2500000       713479616.    
   64.5000000       704394880.    
   64.7500000       694479360.    
   65.0000000       683776768.    
   65.2500000       672330752.    
   65.5000000       660185152.    
   65.7500000       647383488.    
   66.0000000       633969600.    
   66.2500000       619987584.    
   66.5000000       605482944.    
   66.7500000       590501760.    
   67.0000000       575090112.    
   67.2500000       559294592.    
   67.5000000       543165120.    
   67.7500000       526752128.    
   68.0000000       510106336.    
   68.2500000       493278560.    
   68.5000000       476321280.    
   68.7500000       459287392.    
   69.0000000       442229696.    
   69.2500000       425201056.    
   69.5000000       408254336.    
   69.7500000       391442304.    
   70.0000000       374817920.    
   70.2500000       358432128.    
   70.5000000       342329056.    
   70.7500000       326550912.    
   71.0000000       311139936.    
   71.2500000       296134848.    
   71.5000000       281560384.    
   71.7500000       267437488.    
   72.0000000       253787248.    
   72.2500000       240629088.    
   72.5000000       227975168.    
   72.7500000       215836064.    
   73.0000000       204222224.    
   73.2500000       193144160.    
   73.5000000       182612368.    
   73.7500000       172637376.    
   74.0000000       163229616.    
   74.2500000       154398000.    
   74.5000000       146144816.    
   74.7500000       138470768.    
   75.0000000       131376472.    
   75.2500000       124859368.    
   75.5000000       118903736.    
   75.7500000       113490600.    
   76.0000000       108600976.    
   76.2500000       104214248.    
   76.5000000       100303232.    
   76.7500000       96839160.0    
   77.0000000       93793176.0    
   77.2500000       91136512.0    
   77.5000000       88840352.0    
   77.7500000       86875880.0    
   78.0000000       85214288.0    
   78.2500000       83827048.0    
   78.5000000       82686744.0    
   78.7500000       81766200.0    
   79.0000000       81038264.0    
   79.2500000       80476320.0    
   79.5000000       80055968.0    
   79.7500000       79753344.0    
   80.0000000       79544608.0    
   80.2500000       79406144.0    
   80.5000000       79315480.0    
   80.7500000       79250400.0    
   81.0000000       79188696.0    
   81.2500000       79108152.0    
   81.5000000       78986568.0    
   81.7500000       78801728.0    
   82.0000000       78531416.0    
   82.2500000       78154720.0    
   82.5000000       77655928.0    
   82.7500000       77020608.0    
   83.0000000       76234352.0    
   83.2500000       75285320.0    
   83.5000000       74172088.0    
   83.7500000       72895824.0    
   84.0000000       71457672.0    
   84.2500000       69860104.0    
   84.5000000       68110752.0    
   84.7500000       66218588.0    
   85.0000000       64192552.0    
   85.2500000       62041600.0    
   85.5000000       59774680.0    
   85.7500000       57400752.0    
   86.0000000       54928752.0    
   86.2500000       52368188.0    
   86.5000000       49730724.0    
   86.7500000       47028580.0    
   87.0000000       44273976.0    
   87.2500000       41480204.0    
   87.5000000       38664940.0    
   87.7500000       35846920.0    
   88.0000000       33044888.0    
   88.2500000       30278144.0    
   88.5000000       27568150.0    
   88.7500000       24936920.0    
   89.0000000       22406464.0    
   89.2500000       19998796.0    
   89.5000000       17735924.0    
   89.7500000       15639868.0    
   90.0000000       13732636.0    
   90.2500000       12035454.0    
   90.5000000       10566419.0    
   90.7500000       9342838.00    
   91.0000000       8382023.50    
   91.2500000       7699716.00    
   91.5000000       7305388.50    
   91.7500000       7206946.50    
   92.0000000       7412296.00    
   92.2500000       7928557.00    
   92.5000000       8759719.00    
   92.7500000       9908981.00    
   93.0000000       11379548.0    
   93.2500000       13174623.0    
   93.5000000       15297409.0    
   93.7500000       17751110.0    
   94.0000000       20538926.0    
   94.2500000       23662964.0    
   94.5000000       27120940.0    
   94.7500000       30909462.0    

