#TitleText:Ni(001)-(5x5)-Li     Beam (1/5,0)              Rfac10=       1.0223
 #"IV theory
   21.2500000       4297.75537    
   21.5000000       4441.11035    
   21.7500000       4577.19092    
   22.0000000       4704.69141    
   22.2500000       4822.38281    
   22.5000000       4929.34570    
   22.7500000       5024.73926    
   23.0000000       5107.72070    
   23.2500000       5177.60400    
   23.5000000       5234.32178    
   23.7500000       5277.96191    
   24.0000000       5308.61279    
   24.2500000       5326.43994    
   24.5000000       5331.91895    
   24.7500000       5325.60254    
   25.0000000       5308.04297    
   25.2500000       5279.79395    
   25.5000000       5241.40674    
   25.7500000       5193.43652    
   26.0000000       5136.43457    
   26.2500000       5070.95898    
   26.5000000       4997.58838    
   26.7500000       4916.90625    
   27.0000000       4829.49707    
   27.2500000       4735.95410    
   27.5000000       4636.91357    
   27.7500000       4533.01904    
   28.0000000       4424.91797    
   28.2500000       4313.25928    
   28.5000000       4198.71436    
   28.7500000       4081.95972    
   29.0000000       3963.67139    
   29.2500000       3844.52588    
   29.5000000       3725.19922    
   29.7500000       3606.36768    
   30.0000000       3488.70801    
   30.2500000       3372.87427    
   30.5000000       3259.44116    
   30.7500000       3148.95947    
   31.0000000       3041.98022    
   31.2500000       2939.01514    
   31.5000000       2840.40747    
   31.7500000       2746.46143    
   32.0000000       2657.47974    
   32.2500000       2573.74463    
   32.5000000       2495.45532    
   32.7500000       2422.79053    
   33.0000000       2355.92944    
   33.2500000       2295.05029    
   33.5000000       2240.33203    
   33.7500000       2191.95312    
   34.0000000       2150.09204    
   34.2500000       2114.90625    
   34.5000000       2086.46436    
   34.7500000       2064.81348    
   35.0000000       2050.00171    
   35.2500000       2042.03186    
   35.5000000       2040.73230    
   35.7500000       2045.88721    
   36.0000000       2057.28198    
   36.2500000       2074.67871    
   36.5000000       2097.75171    
   36.7500000       2126.15527    
   37.0000000       2159.54150    
   37.2500000       2197.56396    
   37.5000000       2239.87549    
   37.7500000       2286.12891    
   38.0000000       2335.97803    
   38.2500000       2389.07495    
   38.5000000       2445.06812    
   38.7500000       2503.60596    
   39.0000000       2564.33765    
   39.2500000       2626.90845    
   39.5000000       2690.95972    
   39.7500000       2756.12964    
   40.0000000       2822.05664    
   40.2500000       2888.37891    
   40.5000000       2954.73096    
   40.7500000       3020.74683    
   41.0000000       3086.05981    
   41.2500000       3150.30371    
   41.5000000       3213.11328    
   41.7500000       3274.12134    
   42.0000000       3332.96191    
   42.2500000       3389.28223    
   42.5000000       3442.78052    
   42.7500000       3493.16821    
   43.0000000       3540.15649    
   43.2500000       3583.48315    
   43.5000000       3622.98950    
   43.7500000       3658.54102    

