-1.875700000000000
-1.794100050000000
-1.806699990000000
-0.386099990000000
-0.252799990000000
-0.046100000000000
0.069000000000000
0.187400000000000
1.711200000000000
1.735000010000000
1.737800000000000
1.746700050000000
1.775099990000000
1.789700030000000
0
3.114099980000000
3.004699950000000
6.224999900000000
3.937900070000000
1.255200030000000
3.673799990000000
3.709300040000000
5.039800170000000
0
5.035500050000000
2.470299960000000
2.544500110000000
2.437099930000000
0
0
-3.004699950000000
1.291300060000000
6.224999900000000
1.255200030000000
1.212499980000000
3.709300040000000
0
0
5.035500050000000
5.040200230000000
0
2.437099930000000
