TitleText: Ni(001)-(5x5)-Li     Beam (1,0)                Rfac10=0.1781
 "IV exp
   46.25000       2389.340    
   46.50000       2529.452    
   46.75000       2668.440    
   47.00000       2805.740    
   47.25000       2939.963    
   47.50000       3066.417    
   47.75000       3179.582    
   48.00000       3273.939    
   48.25000       3345.129    
   48.50000       3393.427    
   48.75000       3420.269    
   49.00000       3427.090    
   49.25000       3415.537    
   49.50000       3388.109    
   49.75000       3347.514    
   50.00000       3296.464    
   50.25000       3237.257    
   50.50000       3170.547    
   50.75000       3096.577    
   51.00000       3015.589    
   51.25000       2928.056    
   51.50000       2835.362    
   51.75000       2739.118    
   52.00000       2640.939    
   52.25000       2542.343    
   52.50000       2444.465    
   52.75000       2348.350    
   53.00000       2255.040    
   53.25000       2165.444    
   53.50000       2079.942    
   53.75000       1998.783    
   54.00000       1922.214    
   54.25000       1850.378    
   54.50000       1782.999    
   54.75000       1719.696    
   55.00000       1660.090    
   55.25000       1603.772    
   55.50000       1550.231    
   55.75000       1498.925    
   56.00000       1449.314    
   56.25000       1400.936    
   56.50000       1353.628    
   56.75000       1307.308    
   57.00000       1261.889    
   57.25000       1217.535    
   57.50000       1175.387    
   57.75000       1136.834    
   58.00000       1103.265    
   58.25000       1076.024    
   58.50000       1056.284    
   58.75000       1045.171    
   59.00000       1043.814    
   59.25000       1053.308    
   59.50000       1074.618    
   59.75000       1108.676    
   60.00000       1156.415    
   60.25000       1218.635    
   60.50000       1295.612    
   60.75000       1387.491    
   61.00000       1494.415    
   61.25000       1616.446    
   61.50000       1753.323    
   61.75000       1904.702    
   62.00000       2070.240    
   62.25000       2249.450    
   62.50000       2441.277    
   62.75000       2644.523    
   63.00000       2857.990    
   63.25000       3080.250    
   63.50000       3308.954    
   63.75000       3541.527    
   64.00000       3775.389    
   64.25000       4008.330    
   64.50000       4239.599    
   64.75000       4468.813    
   65.00000       4695.589    
   65.25000       4919.413    
   65.50000       5139.243    
   65.75000       5353.910    
   66.00000       5562.239    
   66.25000       5763.052    
   66.50000       5955.135    
   66.75000       6137.263    
   67.00000       6308.214    
   67.25000       6466.774    
   67.50000       6611.768    
   67.75000       6742.029    
   68.00000       6856.389    
   68.25000       6953.726    
   68.50000       7033.087    
   68.75000       7093.561    
   69.00000       7134.239    
   69.25000       7154.674    
   69.50000       7156.275    
   69.75000       7140.915    
   70.00000       7110.464    
   70.25000       7066.979    
   70.50000       7013.245    
   70.75000       6952.227    
   71.00000       6886.890    
   71.25000       6820.397    
   71.50000       6756.690    
   71.75000       6699.908    
   72.00000       6654.189    
   72.25000       6623.202    
   72.50000       6608.735    
   72.75000       6612.108    
   73.00000       6634.640    
   73.25000       6677.230    
   73.50000       6739.106    
   73.75000       6819.074    
   74.00000       6915.940    
   74.25000       7028.533    
   74.50000       7155.766    
   74.75000       7296.574    
   75.00000       7449.890    
   75.25000       7614.299    
   75.50000       7786.981    
   75.75000       7964.768    
   76.00000       8144.489    
   76.25000       8323.206    
   76.50000       8498.899    
   76.75000       8669.782    
   77.00000       8834.064    
   77.25000       8990.052    
   77.50000       9136.417    
   77.75000       9271.925    
   78.00000       9395.340    
   78.25000       9505.224    
   78.50000       9599.319    
   78.75000       9675.169    
   79.00000       9730.314    
   79.25000       9762.833    
   79.50000       9772.960    
   79.75000       9761.472    
   80.00000       9729.140    
   80.25000       9676.389    
   80.50000       9602.234    
   80.75000       9505.346    
   81.00000       9384.389    
   81.25000       9237.897    
   81.50000       9063.878    
   81.75000       8860.200    
   82.00000       8624.739    
   82.25000       8356.062    
   82.50000       8055.521    
   82.75000       7725.165    
   83.00000       7367.040    
   83.25000       6983.831    
   83.50000       6580.768    
   83.75000       6163.715    
   84.00000       5738.540    
   84.25000       5311.201    
   84.50000       4888.040    
   84.75000       4475.491    
   85.00000       4079.989    
   85.25000       3706.944    
   85.50000       3357.652    
   85.75000       3032.385    
   86.00000       2731.415    
   86.25000       2455.012    
   86.50000       2203.457    
   86.75000       1977.031    
   87.00000       1776.014    
   87.25000       1600.617    
   87.50000       1450.762    
   87.75000       1326.302    
   88.00000       1227.090    
   88.25000       1152.612    
   88.50000       1100.900    
   88.75000       1069.621    
   89.00000       1056.439    
   89.25000       1059.130    
   89.50000       1075.896    
   89.75000       1105.045    
   90.00000       1144.890    
   90.25000       1193.799    
   90.50000       1250.385    
   90.75000       1313.324    
   91.00000       1381.290    
   91.25000       1453.130    
   91.50000       1528.396    
   91.75000       1606.816    
   92.00000       1688.115    
   92.25000       1771.948    
   92.50000       1857.689    
   92.75000       1944.636    
   93.00000       2032.089    
   93.25000       2119.341    
   93.50000       2205.641    
   93.75000       2290.235    
   94.00000       2372.365    
   94.25000       2451.145    
   94.50000       2525.179    
   94.75000       2592.944    
   95.00000       2652.915    
   95.25000       2703.737    
   95.50000       2744.741    
   95.75000       2775.425    
   96.00000       2795.290    
   96.25000       2804.193    
   96.50000       2803.429    
   96.75000       2794.652    
   97.00000       2779.514    
   97.25000       2759.578    
   97.50000       2736.044    
   97.75000       2710.020    
   98.00000       2682.614    
   98.25000       2654.864    
   98.50000       2627.507    
   98.75000       2601.210    
   99.00000       2576.639    
   99.25000       2554.414    
   99.50000       2534.963    
   99.75000       2518.669    
   100.0000       2505.915    
   100.2500       2496.868    
   100.5000       2490.842    
   100.7500       2486.934    
   101.0000       2484.240    
   101.2500       2481.901    
   101.5000       2479.228    
   101.7500       2475.573    
   102.0000       2470.290    
   102.2500       2462.834    
   102.5000       2453.078    
   102.7500       2440.997    
   103.0000       2426.564    
   103.2500       2409.792    
   103.5000       2390.825    
   103.7500       2369.847    
   104.0000       2347.040    
   104.2500       2322.608    
   104.5000       2296.853    
   104.7500       2270.097    
   105.0000       2242.665    
   105.2500       2214.840    
   105.5000       2186.754    
   105.7500       2158.498    
   106.0000       2130.165    
   106.2500       2101.906    
   106.5000       2074.119    
   106.7500       2047.261    
   107.0000       2021.790    
   107.2500       1998.150    
   107.5000       1976.745    
   107.7500       1957.961    
   108.0000       1942.189    
   108.2500       1929.825    
   108.5000       1921.284    
   108.7500       1916.990    
   109.0000       1917.365    
   109.2500       1922.736    
   109.5000       1933.048    
   109.7500       1948.149    
   110.0000       1967.889    
   110.2500       1991.976    
   110.5000       2019.553    
   110.7500       2049.623    
   111.0000       2081.189    
   111.2500       2113.348    
   111.5000       2145.569    
   111.7500       2177.412    
   112.0000       2208.439    
   112.2500       2238.204    
   112.5000       2266.216    
   112.7500       2291.978    
   113.0000       2314.990    
   113.2500       2334.777    
   113.5000       2350.960    
   113.7500       2363.183    
   114.0000       2371.089    
   114.2500       2374.385    
   114.5000       2373.018    
   114.7500       2367.000    
   115.0000       2356.340    
   115.2500       2341.111    
   115.5000       2321.644    
   115.7500       2298.330    
   116.0000       2271.564    
   116.2500       2241.762    
   116.5000       2209.435    
   116.7500       2175.116    
   117.0000       2139.340    
   117.2500       2102.564    
   117.5000       2064.942    
   117.7500       2026.550    
   118.0000       1987.465    
   118.2500       1947.853    
   118.5000       1908.252    
   118.7500       1869.288    
   119.0000       1831.590    
   119.2500       1795.695    
   119.5000       1761.785    
   119.7500       1729.952    
   120.0000       1700.290    
   120.2500       1672.907    
   120.5000       1647.990    
   120.7500       1625.741    
   121.0000       1606.365    
   121.2500       1590.134    
   121.5000       1577.611    
   121.7500       1569.427    
   122.0000       1566.215    
   122.2500       1568.468    
   122.5000       1576.133    
   122.7500       1589.021    
   123.0000       1606.939    
   123.2500       1629.817    
   123.5000       1658.050    
   123.7500       1692.152    
   124.0000       1732.639    
   124.2500       1779.952    
   124.5000       1834.239    
   124.7500       1895.576    
   125.0000       1964.040    
   125.2500       2039.704    
   125.5000       2122.643    
   125.7500       2212.931    
   126.0000       2310.640    
   126.2500       2415.797    
   126.5000       2528.245    
   126.7500       2647.777    
   127.0000       2774.189    
   127.2500       2907.277    
   127.5000       3046.835    
   127.7500       3192.657    
   128.0000       3344.540    
   128.2500       3502.376    
   128.5000       3666.459    
   128.7500       3837.183    
   129.0000       4014.939    
   129.2500       4200.291    
   129.5000       4394.471    
   129.7500       4598.886    
   130.0000       4814.939    
   130.2500       5043.743    
   130.5000       5285.240    
   130.7500       5539.080    
   131.0000       5804.914    
   131.2500       6081.768    
   131.5000       6366.170    
   131.7500       6654.025    
   132.0000       6941.239    
   132.2500       7224.438    
   132.5000       7503.146    
   132.7500       7777.606    
   133.0000       8048.064    
   133.2500       8314.916    
   133.5000       8579.160    
   133.7500       8841.942    
   134.0000       9104.414    
   134.2500       9367.208    
   134.5000       9628.898    
   134.7500       9887.547    
   135.0000       10141.21    
   135.2500       10388.28    
   135.5000       10628.41    
   135.7500       10861.58    
   136.0000       11087.79    
   136.2500       11307.19    
   136.5000       11520.68    
   136.7500       11729.33    
   137.0000       11934.21    
   137.2500       12136.21    
   137.5000       12335.38    
   137.7500       12531.59    
   138.0000       12724.69    
   138.2500       12914.53    
   138.5000       13100.90    
   138.7500       13283.57    
   139.0000       13462.31    
   139.2500       13637.45    
   139.5000       13811.48    
   139.7500       13987.46    
   140.0000       14168.46    
   140.2500       14356.01    
   140.5000       14545.53    
   140.7500       14730.93    
   141.0000       14906.11    
   141.2500       15065.97    
   141.5000       15209.31    
   141.7500       15335.93    
   142.0000       15445.64    
   142.2500       15540.83    
   142.5000       15634.29    
   142.7500       15741.43    
   143.0000       15877.64    
   143.2500       16055.78    
   143.5000       16278.59    
   143.7500       16546.26    
   144.0000       16858.99    
   144.2500       17214.38    
   144.5000       17599.73    
   144.7500       17999.72    
   145.0000       18399.06    
   145.2500       18785.73    
   145.5000       19160.80    
   145.7500       19528.63    
   146.0000       19893.59    
   146.2500       20260.83    
   146.5000       20638.74    
   146.7500       21036.49    
   147.0000       21463.29    
   147.2500       21923.40    
   147.5000       22401.51    
   147.7500       22877.36    
   148.0000       23330.71    
   148.2500       23744.48    
   148.5000       24114.13    
   148.7500       24438.28    
   149.0000       24715.54    
   149.2500       24946.51    
   149.5000       25139.76    
   149.7500       25305.86    
   150.0000       25455.37    
   150.2500       25596.92    
   150.5000       25731.49    
   150.7500       25858.12    
   151.0000       25975.86    
   151.2500       26085.14    
   151.5000       26191.88    
   151.7500       26303.38    
   152.0000       26426.96    
   152.2500       26568.18    
   152.5000       26725.60    
   152.7500       26896.05    
   153.0000       27076.37    
   153.2500       27262.25    
   153.5000       27444.95    
   153.7500       27614.56    
   154.0000       27761.21    
   154.2500       27877.00    
   154.5000       27961.93    
   154.7500       28017.99    
   155.0000       28047.16    
   155.2500       28052.66    
   155.5000       28042.49    
   155.7500       28025.89    
   156.0000       28012.09    
   156.2500       28009.09    
   156.5000       28019.93    
   156.7500       28046.45    
   157.0000       28090.44    
   157.2500       28151.35    
   157.5000       28219.06    
   157.7500       28281.10    
   158.0000       28324.96    
   158.2500       28339.93    
   158.5000       28322.27    
   158.7500       28270.03    
   159.0000       28181.26    
   159.2500       28055.60    
   159.5000       27899.10    
   159.7500       27719.41    
   160.0000       27524.19    
   160.2500       27319.55    
   160.5000       27105.46    
   160.7500       26880.35    
   161.0000       26642.64    
   161.2500       26390.62    
   161.5000       26122.07    
   161.7500       25834.61    
   162.0000       25525.87    
   162.2500       25193.99    
   162.5000       24839.23    
   162.7500       24462.36    
   163.0000       24064.14    
   163.2500       23647.17    
   163.5000       23221.35    
   163.7500       22798.40    
   164.0000       22390.04    
   164.2500       22005.67    
   164.5000       21645.32    
   164.7500       21306.73    
   165.0000       20987.62    
   165.2500       20683.96    
   165.5000       20384.86    
   165.7500       20077.67    
   166.0000       19749.76    
   166.2500       19391.43    
   166.5000       19004.67    
   166.7500       18594.39    
   167.0000       18165.51    
   167.2500       17722.84    
   167.5000       17270.68    
   167.7500       16813.20    
   168.0000       16354.59    
   168.2500       15898.59    
   168.5000       15447.16    
   168.7500       15001.83    
   169.0000       14564.11    
   169.2500       14135.88    
   169.5000       13720.31    
   169.7500       13320.93    
   170.0000       12941.26    
   170.2500       12583.85    
   170.5000       12247.36    
   170.7500       11929.47    
   171.0000       11627.89    
   171.2500       11340.26    
   171.5000       11064.17    
   171.7500       10797.15    
   172.0000       10536.74    
   172.2500       10281.10    
   172.5000       10030.81    
   172.7500       9787.065    
   173.0000       9551.064    
   173.2500       9324.087    
   173.5000       9107.755    
   173.7500       8903.777    
   174.0000       8713.865    
   174.2500       8539.596    
   174.5000       8382.031    
   174.7500       8242.102    
   175.0000       8120.740    
   175.2500       8017.935    
   175.5000       7929.914    
   175.7500       7851.962    
   176.0000       7779.364    
   176.2500       7707.940    
   176.5000       7635.653    
   176.7500       7560.995    
   177.0000       7482.465    
   177.2500       7399.362    
   177.5000       7314.215    
   177.7500       7230.355    
   178.0000       7151.114    
   178.2500       7078.860    
   178.5000       7012.102    
   178.7500       6948.380    
   179.0000       6885.240    
   179.2500       6820.340    
   179.5000       6751.812    
   179.7500       6677.904    
   180.0000       6596.864    
   180.2500       6507.459    
   180.5000       6410.534    
   180.7500       6307.448    
   181.0000       6199.564    
   181.2500       6088.099    
   181.5000       5973.680    
   181.7500       5856.792    
   182.0000       5737.915    
   182.2500       5617.364    
   182.5000       5494.776    
   182.7500       5369.620    
   183.0000       5241.364    
   183.2500       5109.661    
   183.5000       4974.899    
   183.7500       4837.651    
   184.0000       4698.489    
   184.2500       4558.416    
   184.5000       4420.143    
   184.7500       4286.812    
   185.0000       4161.564    
   185.2500       4046.823    
   185.5000       3942.136    
   185.7500       3846.332    
   186.0000       3758.239    
   186.2500       3676.606    
   186.5000       3599.847    
   186.7500       3526.297    
   187.0000       3454.290    
   187.2500       3382.606    
   187.5000       3311.813    
   187.7500       3242.927    
   188.0000       3176.964    
   188.2500       3114.621    
   188.5000       3055.322    
   188.7500       2998.176    
   189.0000       2942.290    
   189.2500       2886.965    
   189.5000       2832.280    
   189.7500       2778.506    
   190.0000       2725.915    
   190.2500       2674.786    
   190.5000       2625.428    
   190.7500       2578.157    
   191.0000       2533.290    
   191.2500       2491.030    
   191.5000       2451.136    
   191.7500       2413.257    
   192.0000       2377.040    
   192.2500       2342.261    
   192.5000       2309.218    
   192.7500       2278.335    
   193.0000       2250.040    
   193.2500       2224.745    
   193.5000       2202.821    
   193.7500       2184.625    
   194.0000       2170.515    
   194.2500       2160.717    
   194.5000       2154.941    
   194.7500       2152.764    
   195.0000       2153.764    
   195.2500       2157.521    
   195.5000       2163.615    
   195.7500       2171.628    
   196.0000       2181.139    
   196.2500       2191.870    
   196.5000       2204.088    
   196.7500       2218.201    
   197.0000       2234.615    
   197.2500       2253.634    
   197.5000       2275.148    
   197.7500       2298.946    
   198.0000       2324.814    
   198.2500       2352.515    
   198.5000       2381.706    
   198.7500       2412.020    
   199.0000       2443.090    
   199.2500       2474.593    
   199.5000       2506.388    
   199.7500       2538.378    
 
 "IV theory
   46.25000       3043.252    
   46.50000       3052.626    
   46.75000       3057.459    
   47.00000       3057.443    
   47.25000       3052.331    
   47.50000       3042.105    
   47.75000       3026.809    
   48.00000       3006.483    
   48.25000       2981.195    
   48.50000       2951.118    
   48.75000       2916.451    
   49.00000       2877.394    
   49.25000       2834.146    
   49.50000       2786.905    
   49.75000       2735.866    
   50.00000       2681.225    
   50.25000       2623.186    
   50.50000       2561.979    
   50.75000       2497.842    
   51.00000       2431.011    
   51.25000       2361.735    
   51.50000       2290.312    
   51.75000       2217.051    
   52.00000       2142.261    
   52.25000       2066.256    
   52.50000       1989.374    
   52.75000       1911.957    
   53.00000       1834.346    
   53.25000       1756.885    
   53.50000       1679.914    
   53.75000       1603.775    
   54.00000       1528.807    
   54.25000       1455.350    
   54.50000       1383.731    
   54.75000       1314.274    
   55.00000       1247.303    
   55.25000       1183.139    
   55.50000       1122.080    
   55.75000       1064.420    
   56.00000       1010.453    
   56.25000       960.4709    
   56.50000       914.7565    
   56.75000       873.5903    
   57.00000       837.2530    
   57.25000       806.0249    
   57.50000       780.1854    
   57.75000       760.0133    
   58.00000       745.7877    
   58.25000       737.7755    
   58.50000       736.1973    
   58.75000       741.2614    
   59.00000       753.1763    
   59.25000       772.1291    
   59.50000       798.2209    
   59.75000       831.5311    
   60.00000       872.1392    
   60.25000       920.1153    
   60.50000       975.4915    
   60.75000       1038.291    
   61.00000       1108.535    
   61.25000       1186.247    
   61.50000       1271.444    
   61.75000       1364.145    
   62.00000       1464.367    
   62.25000       1572.089    
   62.50000       1687.137    
   62.75000       1809.297    
   63.00000       1938.357    
   63.25000       2074.034    
   63.50000       2215.764    
   63.75000       2362.917    
   64.00000       2514.859    
   64.25000       2670.926    
   64.50000       2830.324    
   64.75000       2992.229    
   65.00000       3155.815    
   65.25000       3320.258    
   65.50000       3484.743    
   65.75000       3648.454    
   66.00000       3810.576    
   66.25000       3970.324    
   66.50000       4127.030    
   66.75000       4280.053    
   67.00000       4428.756    
   67.25000       4572.551    
   67.50000       4711.072    
   67.75000       4844.000    
   68.00000       4971.022    
   68.25000       5091.847    
   68.50000       5206.279    
   68.75000       5314.149    
   69.00000       5415.289    
   69.25000       5509.526    
   69.50000       5596.695    
   69.75000       5676.627    
   70.00000       5749.153    
   70.25000       5814.142    
   70.50000       5871.603    
   70.75000       5921.579    
   71.00000       5964.116    
   71.25000       5999.320    
   71.50000       6027.558    
   71.75000       6049.256    
   72.00000       6064.842    
   72.25000       6074.774    
   72.50000       6079.628    
   72.75000       6080.013    
   73.00000       6076.532    
   73.25000       6069.791    
   73.50000       6060.382    
   73.75000       6048.894    
   74.00000       6035.915    
   74.25000       6021.961    
   74.50000       6007.247    
   74.75000       5991.916    
   75.00000       5976.108    
   75.25000       5959.831    
   75.50000       5942.545    
   75.75000       5923.576    
   76.00000       5902.249    
   76.25000       5877.828    
   76.50000       5849.321    
   76.75000       5815.678    
   77.00000       5775.845    
   77.25000       5728.776    
   77.50000       5673.442    
   77.75000       5608.822    
   78.00000       5533.892    
   78.25000       5447.743    
   78.50000       5349.914    
   78.75000       5240.058    
   79.00000       5117.827    
   79.25000       4983.081    
   79.50000       4836.499    
   79.75000       4678.972    
   80.00000       4511.389    
   80.25000       4334.731    
   80.50000       4150.359    
   80.75000       3959.727    
   81.00000       3764.289    
   81.25000       3565.493    
   81.50000       3364.777    
   81.75000       3163.570    
   82.00000       2963.303    
   82.25000       2765.366    
   82.50000       2570.982    
   82.75000       2381.332    
   83.00000       2197.599    
   83.25000       2020.885    
   83.50000       1851.986    
   83.75000       1691.616    
   84.00000       1540.494    
   84.25000       1399.299    
   84.50000       1268.576    
   84.75000       1148.835    
   85.00000       1040.584    
   85.25000       944.3308    
   85.50000       860.5778    
   85.75000       789.8259    
   86.00000       732.5757    
   86.25000       689.2456    
   86.50000       659.9246    
   86.75000       644.6194    
   87.00000       643.3369    
   87.25000       655.9340    
   87.50000       681.6700    
   87.75000       719.6548    
   88.00000       768.9980    
   88.25000       828.7407    
   88.50000       897.6489    
   88.75000       974.4199    
   89.00000       1057.751    
   89.25000       1146.343    
   89.50000       1238.911    
   89.75000       1334.174    
   90.00000       1430.852    
   90.25000       1527.723    
   90.50000       1623.802    
   90.75000       1718.162    
   91.00000       1809.879    
   91.25000       1898.136    
   91.50000       1982.552    
   91.75000       2062.858    
   92.00000       2138.781    
   92.25000       2210.101    
   92.50000       2276.793    
   92.75000       2338.885    
   93.00000       2396.401    
   93.25000       2449.369    
   93.50000       2497.808    
   93.75000       2541.742    
   94.00000       2581.191    
   94.25000       2616.199    
   94.50000       2646.895    
   94.75000       2673.431    
   95.00000       2695.957    
   95.25000       2714.665    
   95.50000       2729.898    
   95.75000       2742.039    
   96.00000       2751.470    
   96.25000       2758.594    
   96.50000       2763.882    
   96.75000       2767.826    
   97.00000       2770.917    
   97.25000       2773.645    
   97.50000       2776.492    
   97.75000       2779.937    
   98.00000       2784.461    
   98.25000       2790.499    
   98.50000       2798.300    
   98.75000       2808.068    
   99.00000       2820.006    
   99.25000       2834.235    
   99.50000       2850.537    
   99.75000       2868.612    
   100.0000       2888.157    
   100.2500       2908.833    
   100.5000       2930.145    
   100.7500       2951.559    
   101.0000       2972.540    
   101.2500       2992.559    
   101.5000       3011.092    
   101.7500       3027.621    
   102.0000       3041.625    
   102.2500       3052.632    
   102.5000       3060.353    
   102.7500       3064.543    
   103.0000       3064.959    
   103.2500       3061.444    
   103.5000       3054.175    
   103.7500       3043.417    
   104.0000       3029.431    
   104.2500       3012.521    
   104.5000       2993.144    
   104.7500       2971.795    
   105.0000       2948.971    
   105.2500       2925.165    
   105.5000       2900.862    
   105.7500       2876.548    
   106.0000       2852.705    
   106.2500       2829.788    
   106.5000       2808.126    
   106.7500       2788.018    
   107.0000       2769.761    
   107.2500       2753.601    
   107.5000       2739.548    
   107.7500       2727.562    
   108.0000       2717.601    
   108.2500       2709.595    
   108.5000       2703.374    
   108.7500       2698.739    
   109.0000       2695.492    
   109.2500       2693.437    
   109.5000       2692.379    
   109.7500       2692.124    
   110.0000       2692.479    
   110.2500       2693.248    
   110.5000       2694.227    
   110.7500       2695.211    
   111.0000       2695.993    
   111.2500       2696.365    
   111.5000       2696.105    
   111.7500       2694.988    
   112.0000       2692.789    
   112.2500       2689.283    
   112.5000       2684.234    
   112.7500       2677.407    
   113.0000       2668.569    
   113.2500       2657.483    
   113.5000       2643.920    
   113.7500       2627.650    
   114.0000       2608.441    
   114.2500       2586.096    
   114.5000       2560.535    
   114.7500       2531.707    
   115.0000       2499.565    
   115.2500       2464.113    
   115.5000       2425.577    
   115.7500       2384.238    
   116.0000       2340.374    
   116.2500       2294.291    
   116.5000       2246.396    
   116.7500       2197.118    
   117.0000       2146.889    
   117.2500       2096.138    
   117.5000       2045.293    
   117.7500       1994.776    
   118.0000       1945.014    
   118.2500       1896.423    
   118.5000       1849.380    
   118.7500       1804.257    
   119.0000       1761.423    
   119.2500       1721.229    
   119.5000       1683.961    
   119.7500       1649.885    
   120.0000       1619.267    
   120.2500       1592.367    
   120.5000       1569.412    
   120.7500       1550.620    
   121.0000       1536.213    
   121.2500       1526.409    
   121.5000       1521.430    
   121.7500       1521.499    
   122.0000       1526.838    
   122.2500       1537.681    
   122.5000       1554.302    
   122.7500       1576.987    
   123.0000       1606.021    
   123.2500       1641.708    
   123.5000       1684.429    
   123.7500       1734.586    
   124.0000       1792.578    
   124.2500       1858.814    
   124.5000       1933.740    
   124.7500       2017.809    
   125.0000       2111.474    
   125.2500       2215.189    
   125.5000       2329.404    
   125.7500       2454.566    
   126.0000       2591.125    
   126.2500       2739.509    
   126.5000       2900.058    
   126.7500       3073.095    
   127.0000       3258.941    
   127.2500       3457.879    
   127.5000       3670.035    
   127.7500       3895.497    
   128.0000       4134.353    
   128.2500       4386.672    
   128.5000       4652.456    
   128.7500       4931.688    
   129.0000       5224.352    
   129.2500       5530.429    
   129.5000       5849.899    
   129.7500       6182.742    
   130.0000       6528.937    
   130.2500       6888.420    
   130.5000       7260.958    
   130.7500       7646.279    
   131.0000       8044.108    
   131.2500       8454.093    
   131.5000       8875.575    
   131.7500       9307.822    
   132.0000       9750.098    
   132.2500       10201.63    
   132.5000       10661.52    
   132.7500       11128.81    
   133.0000       11602.55    
   133.2500       12081.81    
   133.5000       12565.65    
   133.7500       13053.13    
   134.0000       13543.31    
   134.2500       14035.28    
   134.5000       14528.21    
   134.7500       15021.30    
   135.0000       15513.74    
   135.2500       16004.76    
   135.5000       16493.76    
   135.7500       16980.18    
   136.0000       17463.45    
   136.2500       17943.02    
   136.5000       18418.42    
   136.7500       18889.19    
   137.0000       19354.87    
   137.2500       19815.01    
   137.5000       20269.16    
   137.7500       20716.86    
   138.0000       21157.66    
   138.2500       21591.17    
   138.5000       22017.23    
   138.7500       22435.74    
   139.0000       22846.58    
   139.2500       23249.75    
   139.5000       23645.68    
   139.7500       24034.88    
   140.0000       24417.88    
   140.2500       24795.25    
   140.5000       25167.75    
   140.7500       25536.19    
   141.0000       25901.38    
   141.2500       26264.14    
   141.5000       26625.25    
   141.7500       26985.53    
   142.0000       27345.74    
   142.2500       27706.67    
   142.5000       28068.90    
   142.7500       28432.99    
   143.0000       28799.49    
   143.2500       29168.90    
   143.5000       29541.39    
   143.7500       29917.09    
   144.0000       30296.10    
   144.2500       30678.51    
   144.5000       31064.27    
   144.7500       31453.30    
   145.0000       31845.52    
   145.2500       32240.83    
   145.5000       32639.16    
   145.7500       33040.41    
   146.0000       33444.50    
   146.2500       33851.27    
   146.5000       34260.25    
   146.7500       34670.96    
   147.0000       35082.87    
   147.2500       35495.34    
   147.5000       35907.20    
   147.7500       36317.18    
   148.0000       36723.99    
   148.2500       37126.28    
   148.5000       37522.46    
   148.7500       37910.90    
   149.0000       38289.96    
   149.2500       38657.98    
   149.5000       39013.36    
   149.7500       39354.47    
   150.0000       39679.69    
   150.2500       39987.48    
   150.5000       40276.58    
   150.7500       40545.82    
   151.0000       40794.04    
   151.2500       41020.20    
   151.5000       41223.79    
   151.7500       41404.49    
   152.0000       41561.91    
   152.2500       41695.79    
   152.5000       41806.07    
   152.7500       41892.78    
   153.0000       41955.92    
   153.2500       41995.53    
   153.5000       42011.62    
   153.7500       42004.19    
   154.0000       41973.27    
   154.2500       41918.89    
   154.5000       41841.25    
   154.7500       41740.53    
   155.0000       41616.95    
   155.2500       41470.77    
   155.5000       41302.47    
   155.7500       41112.62    
   156.0000       40901.77    
   156.2500       40670.48    
   156.5000       40419.44    
   156.7500       40149.36    
   157.0000       39860.94    
   157.2500       39554.90    
   157.5000       39231.93    
   157.7500       38892.74    
   158.0000       38538.03    
   158.2500       38168.50    
   158.5000       37784.88    
   158.7500       37387.84    
   159.0000       36978.11    
   159.2500       36556.38    
   159.5000       36123.36    
   159.7500       35679.77    
   160.0000       35226.30    
   160.2500       34763.66    
   160.5000       34292.57    
   160.7500       33813.72    
   161.0000       33327.82    
   161.2500       32835.59    
   161.5000       32337.74    
   161.7500       31834.96    
   162.0000       31327.96    
   162.2500       30817.46    
   162.5000       30304.16    
   162.7500       29788.78    
   163.0000       29272.02    
   163.2500       28754.62    
   163.5000       28237.27    
   163.7500       27720.70    
   164.0000       27205.64    
   164.2500       26692.80    
   164.5000       26182.91    
   164.7500       25676.70    
   165.0000       25174.89    
   165.2500       24678.20    
   165.5000       24187.36    
   165.7500       23703.08    
   166.0000       23226.09    
   166.2500       22757.05    
   166.5000       22296.49    
   166.7500       21844.86    
   167.0000       21402.63    
   167.2500       20970.20    
   167.5000       20547.64    
   167.7500       20134.99    
   168.0000       19732.22    
   168.2500       19339.34    
   168.5000       18956.16    
   168.7500       18582.48    
   169.0000       18218.11    
   169.2500       17862.85    
   169.5000       17516.49    
   169.7500       17178.87    
   170.0000       16849.79    
   170.2500       16529.13    
   170.5000       16217.01    
   170.7500       15913.61    
   171.0000       15619.11    
   171.2500       15333.80    
   171.5000       15058.43    
   171.7500       14793.84    
   172.0000       14540.89    
   172.2500       14300.47    
   172.5000       14073.71    
   172.7500       13861.76    
   173.0000       13665.80    
   173.2500       13486.98    
   173.5000       13326.43    
   173.7500       13185.27    
   174.0000       13064.63    
   174.2500       12965.43    
   174.5000       12887.75    
   174.7500       12831.48    
   175.0000       12796.51    
   175.2500       12782.37    
   175.5000       12787.04    
   175.7500       12808.18    
   176.0000       12843.42    
   176.2500       12890.22    
   176.5000       12945.36    
   176.7500       13005.42    
   177.0000       13067.02    
   177.2500       13126.75    
   177.5000       13181.27    
   177.7500       13227.26    
   178.0000       13261.37    
   178.2500       13280.52    
   178.5000       13282.57    
   178.7500       13265.63    
   179.0000       13227.81    
   179.2500       13167.65    
   179.5000       13085.46    
   179.7500       12981.98    
   180.0000       12857.96    
   180.2500       12714.35    
   180.5000       12552.89    
   180.7500       12375.54    
   181.0000       12184.26    
   181.2500       11980.97    
   181.5000       11767.61    
   181.7500       11546.07    
   182.0000       11318.26    
   182.2500       11086.03    
   182.5000       10850.96    
   182.7500       10614.57    
   183.0000       10378.39    
   183.2500       10143.83    
   183.5000       9911.795    
   183.7500       9683.103    
   184.0000       9458.553    
   184.2500       9238.895    
   184.5000       9024.663    
   184.7500       8816.338    
   185.0000       8614.401    
   185.2500       8419.330    
   185.5000       8231.605    
   185.7500       8051.708    
   186.0000       7880.115    
   186.2500       7717.251    
   186.5000       7563.318    
   186.7500       7418.460    
   187.0000       7282.823    
   187.2500       7156.452    
   187.5000       7038.988    
   187.7500       6929.973    
   188.0000       6828.948    
   188.2500       6735.408    
   188.5000       6648.663    
   188.7500       6567.975    
   189.0000       6492.606    
   189.2500       6421.824    
   189.5000       6354.904    
   189.7500       6291.125    
   190.0000       6229.770    
   190.2500       6170.168    
   190.5000       6111.868    
   190.7500       6054.467    
   191.0000       5997.565    
   191.2500       5940.858    
   191.5000       5884.436    
   191.7500       5828.481    
   192.0000       5773.180    
   192.2500       5718.763    
   192.5000       5665.638    
   192.7500       5614.261    
   193.0000       5565.085    
   193.2500       5518.562    
   193.5000       5475.134    
   193.7500       5435.242    
   194.0000       5399.327    
   194.2500       5367.795    
   194.5000       5340.912    
   194.7500       5318.909    
   195.0000       5302.021    
   195.2500       5290.414    
   195.5000       5284.001    
   195.7500       5282.630    
   196.0000       5286.148    
   196.2500       5294.375    
   196.5000       5307.011    
   196.7500       5323.729    
   197.0000       5344.204    
   197.2500       5368.106    
   197.5000       5395.116    
   197.7500       5424.913    
   198.0000       5457.175    
   198.2500       5491.596    
   198.5000       5527.912    
   198.7500       5565.875    
   199.0000       5605.232    
   199.2500       5645.758    
   199.5000       5687.314    
   199.7500       5729.787    
 
