TitleText: Ni(001)-(5x5)-Li     Beam (4/5,4/5)            Rfac10=0.3364
 "IV exp
   72.25000       35.71863    
   72.50000       38.53889    
   72.75000       41.68214    
   73.00000       45.30987    
   73.25000       49.55138    
   73.50000       54.40717    
   73.75000       59.84556    
   74.00000       65.83486    
   74.25000       72.31944    
   74.50000       79.14787    
   74.75000       86.14480    
   75.00000       93.13486    
   75.25000       99.94881    
   75.50000       106.4418    
   75.75000       112.4751    
   76.00000       117.9099    
   76.25000       122.6008    
   76.50000       126.3754    
   76.75000       129.0548    
   77.00000       130.4599    
   77.25000       130.4464    
   77.50000       129.0095    
   77.75000       126.1790    
   78.00000       121.9849    
   78.25000       116.5298    
   78.50000       110.2083    
   78.75000       103.4875    
   79.00000       96.83486    
   79.25000       90.66652    
   79.50000       85.19466    
   79.75000       80.58041    
   80.00000       76.98486    
   80.25000       74.55350    
   80.50000       73.36912    
   80.75000       73.49886    
   81.00000       75.00986    
   81.25000       77.97163    
   81.50000       82.46304    
   81.75000       88.56538    
   82.00000       96.35986    
   82.25000       105.9168    
   82.50000       117.2629    
   82.75000       130.4137    
   83.00000       145.3849    
   83.25000       162.1511    
   83.50000       180.5228    
   83.75000       200.2693    
   84.00000       221.1599    
   84.25000       242.9118    
   84.50000       265.0333    
   84.75000       286.9807    
   85.00000       308.2099    
   85.25000       328.2083    
   85.50000       346.5876    
   85.75000       362.9905    
   86.00000       377.0599    
   86.25000       388.4752    
   86.50000       397.0630    
   86.75000       402.6868    
   87.00000       405.2099    
   87.25000       404.5620    
   87.50000       400.9384    
   87.75000       394.6005    
   88.00000       385.8099    
   88.25000       374.8693    
   88.50000       362.2460    
   88.75000       348.4483    
   89.00000       333.9849    
   89.25000       319.3400    
   89.50000       304.9026    
   89.75000       291.0376    
   90.00000       278.1099    
   90.25000       266.4283    
   90.50000       256.0777    
   90.75000       247.0869    
   91.00000       239.4849    
   91.25000       233.2647    
   91.50000       228.2772    
   91.75000       224.3372    
   92.00000       221.2599    
   92.25000       218.8775    
   92.50000       217.0916    
   92.75000       215.8211    
   93.00000       214.9849    
   93.25000       214.5197    
   93.50000       214.4344    
   93.75000       214.7556    
   94.00000       215.5099    
   94.25000       216.6919    
   94.50000       218.1675    
   94.75000       219.7706    
   95.00000       221.3349    
   95.25000       222.6939    
   95.50000       223.6799    
   95.75000       224.1246    
   96.00000       223.8599    
   96.25000       222.7748    
   96.50000       220.9877    
   96.75000       218.6742    
   97.00000       216.0099    
   97.25000       213.1539    
   97.50000       210.2002    
   97.75000       207.2264    
   98.00000       204.3099    
   98.25000       201.5305    
   98.50000       198.9768    
   98.75000       196.7397    
   99.00000       194.9099    
   99.25000       193.6002    
   99.50000       193.0111    
   99.75000       193.3651    
   100.0000       194.8849    
   100.2500       197.7429    
   100.5000       201.9130    
   100.7500       207.3191    
   101.0000       213.8849    
   101.2500       221.5185    
   101.5000       230.0646    
   101.7500       239.3522    
   102.0000       249.2099    
   102.2500       259.4700    
   102.5000       269.9782    
   102.7500       280.5835    
   103.0000       291.1349    
   103.2500       301.4786    
   103.5000       311.4503    
   103.7500       320.8831    
   104.0000       329.6099    
   104.2500       337.4803    
   104.5000       344.4108    
   104.7500       350.3347    
   105.0000       355.1849    
   105.2500       358.8876    
   105.5000       361.3406    
   105.7500       362.4344    
   106.0000       362.0599    
   106.2500       360.1266    
   106.5000       356.6204    
   106.7500       351.5466    
   107.0000       344.9099    
   107.2500       336.7869    
   107.5000       327.5400    
   107.7500       317.6031    
   108.0000       307.4099    
   108.2500       297.2967    
   108.5000       287.2099    
   108.7500       276.9980    
   109.0000       266.5099    
   109.2500       255.6089    
   109.5000       244.2172    
   109.7500       232.2719    
   110.0000       219.7099    
   110.2500       206.6225    
   110.5000       193.7181    
   110.7500       181.8596    
   111.0000       171.9099    
   111.2500       164.4723    
   111.5000       159.1134    
   111.7500       155.1402    
 
 "IV theory
   72.25000       140.8865    
   72.50000       139.1313    
   72.75000       139.4221    
   73.00000       141.4846    
   73.25000       145.0449    
   73.50000       149.8337    
   73.75000       155.5822    
   74.00000       162.0220    
   74.25000       168.8965    
   74.50000       175.9967    
   74.75000       183.1260    
   75.00000       190.0875    
   75.25000       196.7066    
   75.50000       202.8975    
   75.75000       208.5965    
   76.00000       213.7400    
   76.25000       218.2744    
   76.50000       222.1862    
   76.75000       225.4722    
   77.00000       228.1288    
   77.25000       230.1525    
   77.50000       231.5395    
   77.75000       232.2858    
   78.00000       232.3873    
   78.25000       231.8463    
   78.50000       230.6901    
   78.75000       228.9522    
   79.00000       226.6662    
   79.25000       223.8768    
   79.50000       220.6735    
   79.75000       217.1572    
   80.00000       213.4287    
   80.25000       209.5940    
   80.50000       205.7803    
   80.75000       202.1199    
   81.00000       198.7453    
   81.25000       195.7882    
   81.50000       193.3780    
   81.75000       191.6433    
   82.00000       190.7129    
   82.25000       190.6992    
   82.50000       191.6492    
   82.75000       193.5938    
   83.00000       196.5638    
   83.25000       200.5601    
   83.50000       205.4646    
   83.75000       211.1294    
   84.00000       217.4064    
   84.25000       224.1341    
   84.50000       231.0956    
   84.75000       238.0605    
   85.00000       244.7984    
   85.25000       251.0797    
   85.50000       256.6787    
   85.75000       261.3708    
   86.00000       264.9311    
   86.25000       267.1549    
   86.50000       267.9172    
   86.75000       267.1130    
   87.00000       264.6371    
   87.25000       260.4211    
   87.50000       254.5426    
   87.75000       247.1161    
   88.00000       238.2559    
   88.25000       228.0929    
   88.50000       216.8253    
   88.75000       204.6679    
   89.00000       191.8355    
   89.25000       178.5422    
   89.50000       164.9988    
   89.75000       151.4156    
   90.00000       138.0027    
   90.25000       124.9596    
   90.50000       112.4430    
   90.75000       100.5991    
   91.00000       89.57388    
   91.25000       79.49368    
   91.50000       70.40579    
   91.75000       62.33783    
   92.00000       55.31734    
   92.25000       49.36293    
   92.50000       44.45729    
   92.75000       40.57417    
   93.00000       37.68731    
   93.25000       35.77063    
   93.50000       34.79893    
   93.75000       34.74718    
   94.00000       35.59036    
   94.25000       37.30203    
   94.50000       39.85000    
   94.75000       43.20066    
   95.00000       47.32040    
   95.25000       52.17312    
   95.50000       57.71285    
   95.75000       63.89115    
   96.00000       70.65960    
   96.25000       77.96858    
   96.50000       85.76390    
   96.75000       93.99017    
   97.00000       102.5921    
   97.25000       111.5143    
   97.50000       120.7018    
   97.75000       130.0999    
   98.00000       139.6535    
   98.25000       149.3095    
   98.50000       159.0212    
   98.75000       168.7436    
   99.00000       178.4316    
   99.25000       188.0433    
   99.50000       197.5486    
   99.75000       206.9208    
   100.0000       216.1329    
   100.2500       225.1594    
   100.5000       233.9801    
   100.7500       242.5764    
   101.0000       250.9295    
   101.2500       259.0208    
   101.5000       266.8315    
   101.7500       274.3427    
   102.0000       281.5356    
   102.2500       288.3920    
   102.5000       294.8958    
   102.7500       301.0314    
   103.0000       306.7836    
   103.2500       312.1378    
   103.5000       317.0835    
   103.7500       321.6114    
   104.0000       325.7119    
   104.2500       329.3761    
   104.5000       332.5969    
   104.7500       335.3673    
   105.0000       337.6807    
   105.2500       339.5304    
   105.5000       340.9095    
   105.7500       341.8120    
   106.0000       342.2309    
   106.2500       342.1615    
   106.5000       341.6059    
   106.7500       340.5677    
   107.0000       339.0506    
   107.2500       337.0614    
   107.5000       334.6194    
   107.7500       331.7470    
   108.0000       328.4664    
   108.2500       324.8015    
   108.5000       320.7817    
   108.7500       316.4378    
   109.0000       311.8008    
   109.2500       306.9013    
   109.5000       301.7702    
   109.7500       296.4381    
   110.0000       290.9357    
   110.2500       285.2944    
   110.5000       279.5475    
   110.7500       273.7292    
   111.0000       267.8736    
   111.2500       262.0156    
   111.5000       256.1942    
   111.7500       250.4496    
 
