TitleText: Ni(001)-(5x5)-Li     Beam (2/5,1/5)            Rfac10=0.2982
 "IV exp
   40.25000       39.86419    
   40.50000       33.31701    
   40.75000       27.44107    
   41.00000       22.57197    
   41.25000       18.96166    
   41.50000       16.52746    
   41.75000       15.10301    
   42.00000       14.52197    
   42.25000       14.60458    
   42.50000       15.11747    
   42.75000       15.81386    
   43.00000       16.44697    
   43.25000       16.82370    
   43.50000       16.96571    
   43.75000       16.94836    
   44.00000       16.84697    
   44.25000       16.73907    
   44.50000       16.71086    
   44.75000       16.85070    
   45.00000       17.24697    
   45.25000       17.98894    
   45.50000       19.16955    
   45.75000       20.88261    
   46.00000       23.22197    
   46.25000       26.27876    
   46.50000       30.13339    
   46.75000       34.86356    
   47.00000       40.54697    
   47.25000       47.21415    
   47.50000       54.70683    
   47.75000       62.81958    
   48.00000       71.34697    
   48.25000       80.10313    
   48.50000       88.98049    
   48.75000       97.89110    
   49.00000       106.7470    
   49.25000       115.4645    
   49.50000       123.9780    
   49.75000       132.2259    
   50.00000       140.1470    
   50.25000       147.6732    
   50.50000       154.7112    
   50.75000       161.1607    
   51.00000       166.9220    
   51.25000       171.9212    
   51.50000       176.1905    
   51.75000       179.7880    
   52.00000       182.7720    
   52.25000       185.2025    
   52.50000       187.1463    
   52.75000       188.6716    
   53.00000       189.8470    
   53.25000       190.7251    
   53.50000       191.2969    
   53.75000       191.5374    
   54.00000       191.4220    
   54.25000       190.9491    
   54.50000       190.2106    
   54.75000       189.3215    
   55.00000       188.3970    
   55.25000       187.5364    
   55.50000       186.7769    
   55.75000       186.1400    
   56.00000       185.6470    
   56.25000       185.2746    
   56.50000       184.8198    
   56.75000       184.0348    
   57.00000       182.6720    
   57.25000       180.5320    
   57.50000       177.6102    
   57.75000       173.9505    
   58.00000       169.5970    
   58.25000       164.6258    
   58.50000       159.2432    
   58.75000       153.6874    
   59.00000       148.1970    
   59.25000       142.9629    
   59.50000       137.9865    
   59.75000       133.2215    
   60.00000       128.6220    
   60.25000       124.1435    
   60.50000       119.7490    
   60.75000       115.4036    
   61.00000       111.0720    
   61.25000       106.7544    
   61.50000       102.5929    
   61.75000       98.76465    
   62.00000       95.44698    
   62.25000       92.76982    
   62.50000       90.67368    
   62.75000       89.05168    
   63.00000       87.79697    
   63.25000       86.81454    
   63.50000       86.05675    
   63.75000       85.48782    
   64.00000       85.07197    
   64.25000       84.78003    
   64.50000       84.60929    
   64.75000       84.56364    
   65.00000       84.64697    
   65.25000       84.84598    
   65.50000       85.07853    
   65.75000       85.24529    
   66.00000       85.24697    
   66.25000       85.01088    
   66.50000       84.57095    
   66.75000       83.98778    
   67.00000       83.32197    
   67.25000       82.60017    
   67.50000       81.71326    
   67.75000       80.51822    
   68.00000       78.87197    
   68.25000       76.64528    
   68.50000       73.76406    
   68.75000       70.16805    
   69.00000       65.79697    
   69.25000       60.66423    
   69.50000       55.07795    
   69.75000       49.41992    
   70.00000       44.07197    
   70.25000       39.35620    
   70.50000       35.35598    
   70.75000       32.09501    
   71.00000       29.59697    
   71.25000       27.84592    
   71.50000       26.66743    
   71.75000       25.84747    
   72.00000       25.17197    
   72.25000       24.49116    
   72.50000       23.91234    
   72.75000       23.60709    
   73.00000       23.74697    
   73.25000       24.49078    
   73.50000       25.94626    
   73.75000       28.20834    
   74.00000       31.37197    
   74.25000       35.52010    
   74.50000       40.68757    
   74.75000       46.89725    
   75.00000       54.17197    
   75.25000       62.50285    
   75.50000       71.75403    
   75.75000       81.75793    
   76.00000       92.34697    
   76.25000       103.3488    
   76.50000       114.5719    
   76.75000       125.8200    
   77.00000       136.8970    
   77.25000       147.6179    
   77.50000       157.8434    
   77.75000       167.4457    
   78.00000       176.2970    
   78.25000       184.2600    
   78.50000       191.1613    
   78.75000       196.8179    
   79.00000       201.0470    
   79.25000       203.7183    
   79.50000       204.9120    
   79.75000       204.7607    
   80.00000       203.3970    
   80.25000       200.9336    
   80.50000       197.4037    
   80.75000       192.8204    
   81.00000       187.1970    
   81.25000       180.5702    
   81.50000       173.0709    
   81.75000       164.8533    
   82.00000       156.0720    
   82.25000       146.9409    
   82.50000       137.9135    
   82.75000       129.5028    
   83.00000       122.2220    
   83.25000       116.5003    
   83.50000       112.4320    
   83.75000       110.0274    
   84.00000       109.2970    
   84.25000       110.2542    
   84.50000       112.9248    
   84.75000       117.3378    
   85.00000       123.5220    
   85.25000       131.5098    
   85.50000       141.3476    
   85.75000       153.0850    
   86.00000       166.7720    
   86.25000       182.3951    
   86.50000       199.6886    
   86.75000       218.3239    
   87.00000       237.9720    
   87.25000       258.3370    
   87.50000       279.2547    
   87.75000       300.5935    
   88.00000       322.2220    
   88.25000       344.0214    
   88.50000       365.9244    
   88.75000       387.8761    
   89.00000       409.8219    
   89.25000       431.7039    
   89.50000       453.4514    
   89.75000       474.9904    
   90.00000       496.2470    
   90.25000       517.1313    
   90.50000       537.4893    
   90.75000       557.1512    
   91.00000       575.9470    
   91.25000       593.7181    
   91.50000       610.3514    
   91.75000       625.7451    
   92.00000       639.7970    
   92.25000       652.4094    
   92.50000       663.4994    
   92.75000       672.9882    
   93.00000       680.7970    
   93.25000       686.8253    
   93.50000       690.8862    
   93.75000       692.7712    
   94.00000       692.2720    
   94.25000       689.2239    
   94.50000       683.6379    
   94.75000       675.5690    
   95.00000       665.0720    
   95.25000       652.2252    
   95.50000       637.2003    
   95.75000       620.1925    
   96.00000       601.3970    
   96.25000       581.0297    
   96.50000       559.3897    
   96.75000       536.7971    
   97.00000       513.5720    
   97.25000       490.0073    
   97.50000       466.2885    
   97.75000       442.5739    
   98.00000       419.0219    
   98.25000       395.7924    
   98.50000       373.0505    
   98.75000       350.9631    
   99.00000       329.6969    
   99.25000       309.4459    
   99.50000       290.5129    
   99.75000       273.2282    
   100.0000       257.9220    
   100.2500       244.8503    
   100.5000       233.9732    
   100.7500       225.1768    
   101.0000       218.3470    
   101.2500       213.3344    
   101.5000       209.8479    
   101.7500       207.5610    
   102.0000       206.1470    
   102.2500       205.2967    
   102.5000       204.7700    
   102.7500       204.3444    
   103.0000       203.7970    
   103.2500       202.9522    
   103.5000       201.8225    
   103.7500       200.4676    
   104.0000       198.9470    
   104.2500       197.3148    
   104.5000       195.6030    
   104.7500       193.8383    
 
 "IV theory
   40.25000       131.5427    
   40.50000       129.2013    
   40.75000       126.7954    
   41.00000       124.3635    
   41.25000       121.9443    
   41.50000       119.5755    
   41.75000       117.2949    
   42.00000       115.1403    
   42.25000       113.1471    
   42.50000       111.3416    
   42.75000       109.7476    
   43.00000       108.3889    
   43.25000       107.2852    
   43.50000       106.4392    
   43.75000       105.8490    
   44.00000       105.5130    
   44.25000       105.4275    
   44.50000       105.5812    
   44.75000       105.9608    
   45.00000       106.5528    
   45.25000       107.3440    
   45.50000       108.3213    
   45.75000       109.4718    
   46.00000       110.7824    
   46.25000       112.2403    
   46.50000       113.8327    
   46.75000       115.5471    
   47.00000       117.3709    
   47.25000       119.2917    
   47.50000       121.2977    
   47.75000       123.3774    
   48.00000       125.5190    
   48.25000       127.7111    
   48.50000       129.9424    
   48.75000       132.2018    
   49.00000       134.4780    
   49.25000       136.7598    
   49.50000       139.0361    
   49.75000       141.2955    
   50.00000       143.5269    
   50.25000       145.7185    
   50.50000       147.8574    
   50.75000       149.9299    
   51.00000       151.9228    
   51.25000       153.8217    
   51.50000       155.6100    
   51.75000       157.2701    
   52.00000       158.7846    
   52.25000       160.1356    
   52.50000       161.3040    
   52.75000       162.2705    
   53.00000       163.0155    
   53.25000       163.5198    
   53.50000       163.7642    
   53.75000       163.7298    
   54.00000       163.3977    
   54.25000       162.7511    
   54.50000       161.7829    
   54.75000       160.4880    
   55.00000       158.8615    
   55.25000       156.9027    
   55.50000       154.6281    
   55.75000       152.0583    
   56.00000       149.2138    
   56.25000       146.1174    
   56.50000       142.7995    
   56.75000       139.2924    
   57.00000       135.6286    
   57.25000       131.8404    
   57.50000       127.9596    
   57.75000       124.0181    
   58.00000       120.0478    
   58.25000       116.0792    
   58.50000       112.1377    
   58.75000       108.2474    
   59.00000       104.4323    
   59.25000       100.7141    
   59.50000       97.10506    
   59.75000       93.61477    
   60.00000       90.25303    
   60.25000       87.02848    
   60.50000       83.94545    
   60.75000       81.00718    
   61.00000       78.21690    
   61.25000       75.57788    
   61.50000       73.09342    
   61.75000       70.76684    
   62.00000       68.60149    
   62.25000       66.60008    
   62.50000       64.76316    
   62.75000       63.09066    
   63.00000       61.58251    
   63.25000       60.23764    
   63.50000       59.05095    
   63.75000       58.01631    
   64.00000       57.12760    
   64.25000       56.37823    
   64.50000       55.75976    
   64.75000       55.26325    
   65.00000       54.87977    
   65.25000       54.60043    
   65.50000       54.41647    
   65.75000       54.31912    
   66.00000       54.29966    
   66.25000       54.34994    
   66.50000       54.46421    
   66.75000       54.63735    
   67.00000       54.86420    
   67.25000       55.14073    
   67.50000       55.46730    
   67.75000       55.84538    
   68.00000       56.27643    
   68.25000       56.76243    
   68.50000       57.30738    
   68.75000       57.91576    
   69.00000       58.59206    
   69.25000       59.34077    
   69.50000       60.16625    
   69.75000       61.07285    
   70.00000       62.06494    
   70.25000       63.14651    
   70.50000       64.32023    
   70.75000       65.58839    
   71.00000       66.95332    
   71.25000       68.41669    
   71.50000       69.97766    
   71.75000       71.63477    
   72.00000       73.38654    
   72.25000       75.23124    
   72.50000       77.16596    
   72.75000       79.18758    
   73.00000       81.29291    
   73.25000       83.47879    
   73.50000       85.74203    
   73.75000       88.07940    
   74.00000       90.48771    
   74.25000       92.96313    
   74.50000       95.49948    
   74.75000       98.08996    
   75.00000       100.7278    
   75.25000       103.4051    
   75.50000       106.1096    
   75.75000       108.8282    
   76.00000       111.5476    
   76.25000       114.2539    
   76.50000       116.9315    
   76.75000       119.5639    
   77.00000       122.1348    
   77.25000       124.6281    
   77.50000       127.0277    
   77.75000       129.3178    
   78.00000       131.4825    
   78.25000       133.5079    
   78.50000       135.3884    
   78.75000       137.1204    
   79.00000       138.7000    
   79.25000       140.1276    
   79.50000       141.4180    
   79.75000       142.5898    
   80.00000       143.6619    
   80.25000       144.6547    
   80.50000       145.5953    
   80.75000       146.5127    
   81.00000       147.4360    
   81.25000       148.3939    
   81.50000       149.4149    
   81.75000       150.5276    
   82.00000       151.7603    
   82.25000       153.1398    
   82.50000       154.6871    
   82.75000       156.4215    
   83.00000       158.3624    
   83.25000       160.5263    
   83.50000       162.9186    
   83.75000       165.5421    
   84.00000       168.3993    
   84.25000       171.4916    
   84.50000       174.8154    
   84.75000       178.3658    
   85.00000       182.1379    
   85.25000       186.1268    
   85.50000       190.3275    
   85.75000       194.7352    
   86.00000       199.3450    
   86.25000       204.1502    
   86.50000       209.1386    
   86.75000       214.2961    
   87.00000       219.6088    
   87.25000       225.0601    
   87.50000       230.6223    
   87.75000       236.2652    
   88.00000       241.9586    
   88.25000       247.6708    
   88.50000       253.3655    
   88.75000       259.0049    
   89.00000       264.5511    
   89.25000       269.9665    
   89.50000       275.2136    
   89.75000       280.2550    
   90.00000       285.0534    
   90.25000       289.5724    
   90.50000       293.7793    
   90.75000       297.6426    
   91.00000       301.1308    
   91.25000       304.2141    
   91.50000       306.8699    
   91.75000       309.0773    
   92.00000       310.8158    
   92.25000       312.0650    
   92.50000       312.8085    
   92.75000       313.0298    
   93.00000       312.7132    
   93.25000       311.8425    
   93.50000       310.4021    
   93.75000       308.3765    
   94.00000       305.7500    
   94.25000       302.5109    
   94.50000       298.6618    
   94.75000       294.2094    
   95.00000       289.1602    
   95.25000       283.5271    
   95.50000       277.3504    
   95.75000       270.6765    
   96.00000       263.5521    
   96.25000       256.0268    
   96.50000       248.1627    
   96.75000       240.0249    
   97.00000       231.6784    
   97.25000       223.1881    
   97.50000       214.6183    
   97.75000       206.0330    
   98.00000       197.4962    
   98.25000       189.0687    
   98.50000       180.7987    
   98.75000       172.7311    
   99.00000       164.9110    
   99.25000       157.3775    
   99.50000       150.1464    
   99.75000       143.2276    
   100.0000       136.6312    
   100.2500       130.3643    
   100.5000       124.4237    
   100.7500       118.8034    
   101.0000       113.4974    
   101.2500       108.4998    
   101.5000       103.8050    
   101.7500       99.40729    
   102.0000       95.30110    
   102.2500       91.48030    
   102.5000       87.93666    
   102.7500       84.66148    
   103.0000       81.64602    
   103.2500       78.88066    
   103.5000       76.35217    
   103.7500       74.04642    
   104.0000       71.94931    
   104.2500       70.04626    
   104.5000       68.32104    
   104.7500       66.75697    
 
