TitleText: Ni(001)-(5x5)-Li     Beam (3/5,1/5)            Rfac10=0.3309
 "IV exp
   40.25000       270.6599    
   40.50000       271.3484    
   40.75000       271.9855    
   41.00000       272.5457    
   41.25000       273.0038    
   41.50000       273.3376    
   41.75000       273.5255    
   42.00000       273.5457    
   42.25000       273.3860    
   42.50000       273.0720    
   42.75000       272.6386    
   43.00000       272.1207    
   43.25000       271.5640    
   43.50000       271.0577    
   43.75000       270.7016    
   44.00000       270.5957    
   44.25000       270.8152    
   44.50000       271.3369    
   44.75000       272.1130    
   45.00000       273.0957    
   45.25000       274.2501    
   45.50000       275.5937    
   45.75000       277.1571    
   46.00000       278.9707    
   46.25000       281.0793    
   46.50000       283.5842    
   46.75000       286.6012    
   47.00000       290.2457    
   47.25000       294.6024    
   47.50000       299.6311    
   47.75000       305.2609    
   48.00000       311.4207    
   48.25000       318.0453    
   48.50000       325.0937    
   48.75000       332.5305    
   49.00000       340.3207    
   49.25000       348.4490    
   49.50000       356.9807    
   49.75000       366.0011    
   50.00000       375.5957    
   50.25000       385.8344    
   50.50000       396.7265    
   50.75000       408.2656    
   51.00000       420.4457    
   51.25000       433.2256    
   51.50000       446.4250    
   51.75000       459.8285    
   52.00000       473.2207    
   52.25000       486.3902    
   52.50000       499.1413    
   52.75000       511.2821    
   53.00000       522.6207    
   53.25000       532.9806    
   53.50000       542.2465    
   53.75000       550.3182    
   54.00000       557.0957    
   54.25000       562.5073    
   54.50000       566.5939    
   54.75000       569.4253    
   55.00000       571.0707    
   55.25000       571.6021    
   55.50000       571.1019    
   55.75000       569.6548    
   56.00000       567.3456    
   56.25000       564.2474    
   56.50000       560.3851    
   56.75000       555.7718    
   57.00000       550.4207    
   57.25000       544.3463    
   57.50000       537.5693    
   57.75000       530.1116    
   58.00000       521.9957    
   58.25000       513.2450    
   58.50000       503.8901    
   58.75000       493.9630    
   59.00000       483.4957    
   59.25000       472.5325    
   59.50000       461.1664    
   59.75000       449.5024    
   60.00000       437.6457    
   60.25000       425.7096    
   60.50000       413.8405    
   60.75000       402.1926    
   61.00000       390.9207    
   61.25000       380.1726    
   61.50000       370.0710    
   61.75000       360.7316    
   62.00000       352.2707    
   62.25000       344.7473    
   62.50000       337.9936    
   62.75000       331.7846    
   63.00000       325.8957    
   63.25000       320.1523    
   63.50000       314.5819    
   63.75000       309.2621    
   64.00000       304.2707    
   64.25000       299.6635    
   64.50000       295.4091    
   64.75000       291.4543    
   65.00000       287.7457    
   65.25000       284.2296    
   65.50000       280.8496    
   65.75000       277.5489    
   66.00000       274.2707    
   66.25000       271.0260    
   66.50000       268.0980    
   66.75000       265.8375    
   67.00000       264.5957    
   67.25000       264.6182    
   67.50000       265.7296    
   67.75000       267.6490    
   68.00000       270.0957    
   68.25000       272.8202    
   68.50000       275.6985    
   68.75000       278.6379    
   69.00000       281.5457    
   69.25000       284.3751    
   69.50000       287.2630    
   69.75000       290.3922    
   70.00000       293.9457    
   70.25000       298.0559    
   70.50000       302.6548    
   70.75000       307.6242    
   71.00000       312.8457    
   71.25000       318.2156    
   71.50000       323.6887    
   71.75000       329.2339    
   72.00000       334.8207    
   72.25000       340.3974    
   72.50000       345.8303    
   72.75000       350.9646    
   73.00000       355.6457    
   73.25000       359.7457    
   73.50000       363.2425    
   73.75000       366.1410    
   74.00000       368.4457    
   74.25000       370.1730    
   74.50000       371.3862    
   74.75000       372.1604    
   75.00000       372.5707    
   75.25000       372.6365    
   75.50000       372.1555    
   75.75000       370.8696    
   76.00000       368.5207    
   76.25000       364.9296    
   76.50000       360.2315    
   76.75000       354.6406    
   77.00000       348.3707    
   77.25000       341.6443    
   77.50000       334.7175    
   77.75000       327.8547    
   78.00000       321.3207    
   78.25000       315.3170    
   78.50000       309.7946    
   78.75000       304.6415    
   79.00000       299.7457    
   79.25000       295.0226    
   79.50000       290.4969    
   79.75000       286.2206    
   80.00000       282.2457    
   80.25000       278.6152    
   80.50000       275.3358    
   80.75000       272.4051    
   81.00000       269.8207    
   81.25000       267.5794    
   81.50000       265.6747    
   81.75000       264.0992    
   82.00000       262.8457    
   82.25000       261.8933    
   82.50000       261.1677    
   82.75000       260.5811    
   83.00000       260.0457    
   83.25000       259.4961    
   83.50000       258.9567    
   83.75000       258.4743    
   84.00000       258.0957    
   84.25000       257.8706    
   84.50000       257.8608    
   84.75000       258.1310    
   85.00000       258.7457    
   85.25000       259.7217    
   85.50000       260.8836    
   85.75000       262.0077    
   86.00000       262.8707    
   86.25000       263.3022    
   86.50000       263.3447    
   86.75000       263.0940    
   87.00000       262.6457    
   87.25000       262.1058    
   87.50000       261.6212    
   87.75000       261.3488    
   88.00000       261.4457    
   88.25000       262.0424    
   88.50000       263.1635    
   88.75000       264.8070    
   89.00000       266.9707    
   89.25000       269.6520    
   89.50000       272.8456    
   89.75000       276.5455    
   90.00000       280.7457    
   90.25000       285.4447    
   90.50000       290.6594    
   90.75000       296.4109    
   91.00000       302.7207    
   91.25000       309.5994    
   91.50000       317.0160    
   91.75000       324.9286    
   92.00000       333.2957    
   92.25000       342.0348    
   92.50000       350.9009    
   92.75000       359.6081    
   93.00000       367.8707    
   93.25000       375.4245    
   93.50000       382.0922    
   93.75000       387.7178    
   94.00000       392.1457    
   94.25000       395.2807    
   94.50000       397.2702    
   94.75000       398.3225    
   95.00000       398.6457    
   95.25000       398.3957    
   95.50000       397.5198    
   95.75000       395.9131    
   96.00000       393.4707    
   96.25000       390.1194    
   96.50000       385.9123    
   96.75000       380.9344    
   97.00000       375.2707    
   97.25000       369.0948    
   97.50000       362.9364    
   97.75000       357.4138    
   98.00000       353.1457    
   98.25000       350.5654    
   98.50000       349.3663    
   98.75000       349.0570    
   99.00000       349.1457    
   99.25000       349.1682    
   99.50000       348.7693    
   99.75000       347.6211    
   100.0000       345.3957    
   100.2500       341.8915    
   100.5000       337.4119    
   100.7500       332.3867    
   101.0000       327.2457    
   101.2500       322.3354    
   101.5000       317.6697    
   101.7500       313.1795    
   102.0000       308.7957    
   102.2500       304.4256    
   102.5000       299.8834    
   102.7500       294.9599    
   103.0000       289.4457    
   103.2500       283.1754    
   103.5000       276.1583    
   103.7500       268.4474    
   104.0000       260.0957    
   104.2500       251.2157    
   104.5000       242.1575    
   104.7500       233.3310    
   105.0000       225.1457    
   105.2500       217.9626    
   105.5000       211.9482    
   105.7500       207.2199    
   106.0000       203.8957    
   106.2500       202.0404    
   106.5000       201.5083    
   106.7500       202.1012    
   107.0000       203.6207    
   107.2500       205.8356    
   107.5000       208.3833    
   107.7500       210.8684    
   108.0000       212.8957    
   108.2500       214.1345    
   108.5000       214.5139    
   108.7500       214.0280    
   109.0000       212.6707    
   109.2500       210.5460    
   109.5000       208.1977    
   109.7500       206.2797    
   110.0000       205.4457    
   110.2500       206.1975    
   110.5000       208.4288    
   110.7500       211.8810    
   111.0000       216.2957    
   111.2500       221.2852    
   111.5000       225.9456    
   111.7500       229.2435    
   112.0000       230.1457    
   112.2500       227.9160    
   112.5000       223.0067    
   112.7500       216.1668    
   113.0000       208.1457    
   113.2500       199.6861    
   113.5000       191.5050    
   113.7500       184.3130    
   114.0000       178.8207    
   114.2500       175.4908    
   114.5000       173.7944    
   114.7500       172.9549    
   115.0000       172.1957    
   115.2500       170.8820    
   115.5000       168.9478    
   115.7500       166.4687    
   116.0000       163.5207    
   116.2500       160.2758    
   116.5000       157.2917    
   116.7500       155.2220    
   117.0000       154.7207    
   117.2500       156.3066    
   117.5000       159.9596    
   117.7500       165.5243    
   118.0000       172.8457    
   118.2500       181.6600    
   118.5000       191.2691    
   118.7500       200.8666    
   119.0000       209.6457    
   119.2500       216.9323    
   119.5000       222.5818    
   119.7500       226.5819    
   120.0000       228.9207    
   120.2500       229.6280    
   120.5000       228.9029    
   120.7500       226.9868    
   121.0000       224.1207    
   121.2500       220.6291    
   121.5000       217.1681    
   121.7500       214.4772    
   122.0000       213.2957    
   122.2500       214.3655    
   122.5000       218.4393    
   122.7500       226.2726    
   123.0000       238.6207    
   123.2500       255.8820    
   123.5000       277.0268    
   123.7500       300.6686    
   124.0000       325.4207    
   124.2500       350.0090    
   124.5000       373.6089    
   124.7500       395.5086    
   125.0000       414.9957    
   125.2500       431.6523    
   125.5000       446.2365    
   125.7500       459.8003    
   126.0000       473.3957    
   126.2500       487.9175    
   126.5000       503.6315    
   126.7500       520.6464    
   127.0000       539.0707    
   127.2500       558.9475    
   127.5000       580.0584    
   127.7500       602.1191    
   128.0000       624.8456    
   128.2500       647.9698    
   128.5000       671.2870    
   128.7500       694.6085    
   129.0000       717.7457    
   129.2500       740.5385    
   129.5000       762.9423    
   129.7500       784.9416    
   130.0000       806.5206    
   130.2500       827.6839    
   130.5000       848.5175    
   130.7500       869.1276    
   131.0000       889.6207    
   131.2500       909.9844    
   131.5000       929.7335    
   131.7500       948.2636    
   132.0000       964.9707    
   132.2500       979.3494    
   132.5000       991.2884    
   132.7500       1000.775    
   133.0000       1007.796    
   133.2500       1012.353    
   133.5000       1014.503    
   133.7500       1014.318    
   134.0000       1011.871    
   134.2500       1007.267    
   134.5000       1000.761    
   134.7500       992.6412    
   135.0000       983.1957    
   135.2500       972.6922    
   135.5000       961.3129    
   135.7500       949.2188    
   136.0000       936.5707    
   136.2500       923.4347    
   136.5000       909.4984    
   136.7500       894.3544    
   137.0000       877.5956    
   137.2500       859.0145    
   137.5000       839.2020    
   137.7500       818.9489    
   138.0000       799.0457    
   138.2500       780.1604    
   138.5000       762.4705    
   138.7500       746.0307    
   139.0000       730.8957    
   139.2500       717.0662    
   139.5000       704.3275    
   139.7500       692.4103    
   140.0000       681.0457    
   140.2500       670.0584    
   140.5000       659.6470    
   140.7500       650.1037    
   141.0000       641.7207    
   141.2500       634.6810    
   141.5000       628.7307    
   141.7500       623.5066    
 
 "IV theory
   40.25000       95.54421    
   40.50000       91.11269    
   40.75000       86.93727    
   41.00000       83.03735    
   41.25000       79.43221    
   41.50000       76.14068    
   41.75000       73.18155    
   42.00000       70.57355    
   42.25000       68.33334    
   42.50000       66.46923    
   42.75000       64.98740    
   43.00000       63.89404    
   43.25000       63.19151    
   43.50000       62.86679    
   43.75000       62.90303    
   44.00000       63.28338    
   44.25000       63.98921    
   44.50000       64.99491    
   44.75000       66.27309    
   45.00000       67.79638    
   45.25000       69.53745    
   45.50000       71.46924    
   45.75000       73.56472    
   46.00000       75.79691    
   46.25000       78.13923    
   46.50000       80.56692    
   46.75000       83.05566    
   47.00000       85.58113    
   47.25000       88.11983    
   47.50000       90.65172    
   47.75000       93.15755    
   48.00000       95.61808    
   48.25000       98.01448    
   48.50000       100.3293    
   48.75000       102.5457    
   49.00000       104.6465    
   49.25000       106.6149    
   49.50000       108.4339    
   49.75000       110.0868    
   50.00000       111.5568    
   50.25000       112.8287    
   50.50000       113.8933    
   50.75000       114.7434    
   51.00000       115.3712    
   51.25000       115.7723    
   51.50000       115.9533    
   51.75000       115.9236    
   52.00000       115.6927    
   52.25000       115.2714    
   52.50000       114.6757    
   52.75000       113.9227    
   53.00000       113.0298    
   53.25000       112.0142    
   53.50000       110.8928    
   53.75000       109.6824    
   54.00000       108.4001    
   54.25000       107.0620    
   54.50000       105.6811    
   54.75000       104.2699    
   55.00000       102.8407    
   55.25000       101.4045    
   55.50000       99.96655    
   55.75000       98.53091    
   56.00000       97.10152    
   56.25000       95.68170    
   56.50000       94.27222    
   56.75000       92.87321    
   57.00000       91.48482    
   57.25000       90.10720    
   57.50000       88.74059    
   57.75000       87.38516    
   58.00000       86.04124    
   58.25000       84.70899    
   58.50000       83.38853    
   58.75000       82.07993    
   59.00000       80.78326    
   59.25000       79.49858    
   59.50000       78.22578    
   59.75000       76.96472    
   60.00000       75.71529    
   60.25000       74.47729    
   60.50000       73.25047    
   60.75000       72.03448    
   61.00000       70.82903    
   61.25000       69.63383    
   61.50000       68.44882    
   61.75000       67.27393    
   62.00000       66.10914    
   62.25000       64.95596    
   62.50000       63.82221    
   62.75000       62.71729    
   63.00000       61.65059    
   63.25000       60.63435    
   63.50000       59.69227    
   63.75000       58.85089    
   64.00000       58.13673    
   64.25000       57.57769    
   64.50000       57.20697    
   64.75000       57.05908    
   65.00000       57.16859    
   65.25000       57.56987    
   65.50000       58.29682    
   65.75000       59.38318    
   66.00000       60.86269    
   66.25000       62.76584    
   66.50000       65.11008    
   66.75000       67.90958    
   67.00000       71.17850    
   67.25000       74.92507    
   67.50000       79.13359    
   67.75000       83.78239    
   68.00000       88.84980    
   68.25000       94.31145    
   68.50000       100.1321    
   68.75000       106.2739    
   69.00000       112.6987    
   69.25000       119.3688    
   69.50000       126.2463    
   69.75000       133.2937    
   70.00000       140.4732    
   70.25000       147.7460    
   70.50000       155.0689    
   70.75000       162.3972    
   71.00000       169.6866    
   71.25000       176.8906    
   71.50000       183.9547    
   71.75000       190.8224    
   72.00000       197.4372    
   72.25000       203.7418    
   72.50000       209.6747    
   72.75000       215.1737    
   73.00000       220.1763    
   73.25000       224.6204    
   73.50000       228.4449    
   73.75000       231.5889    
   74.00000       233.9913    
   74.25000       235.5987    
   74.50000       236.3861    
   74.75000       236.3364    
   75.00000       235.4321    
   75.25000       233.6691    
   75.50000       231.0960    
   75.75000       227.7750    
   76.00000       223.7681    
   76.25000       219.1432    
   76.50000       213.9930    
   76.75000       208.4158    
   77.00000       202.5101    
   77.25000       196.3741    
   77.50000       190.1047    
   77.75000       183.7987    
   78.00000       177.5525    
   78.25000       171.4583    
   78.50000       165.5891    
   78.75000       160.0134    
   79.00000       154.7996    
   79.25000       150.0075    
   79.50000       145.6622    
   79.75000       141.7801    
   80.00000       138.3775    
   80.25000       135.4671    
   80.50000       133.0454    
   80.75000       131.1053    
   81.00000       129.6396    
   81.25000       128.6411    
   81.50000       128.1031    
   81.75000       128.0186    
   82.00000       128.3810    
   82.25000       129.1820    
   82.50000       130.4078    
   82.75000       132.0431    
   83.00000       134.0728    
   83.25000       136.4790    
   83.50000       139.2341    
   83.75000       142.3078    
   84.00000       145.6699    
   84.25000       149.2890    
   84.50000       153.1290    
   84.75000       157.1526    
   85.00000       161.3226    
   85.25000       165.6019    
   85.50000       169.9538    
   85.75000       174.3417    
   86.00000       178.7292    
   86.25000       183.0828    
   86.50000       187.3817    
   86.75000       191.6080    
   87.00000       195.7440    
   87.25000       199.7775    
   87.50000       203.7195    
   87.75000       207.5861    
   88.00000       211.3939    
   88.25000       215.1620    
   88.50000       218.9199    
   88.75000       222.7000    
   89.00000       226.5346    
   89.25000       230.4557    
   89.50000       234.4945    
   89.75000       238.6820    
   90.00000       243.0491    
   90.25000       247.6215    
   90.50000       252.4043    
   90.75000       257.3972    
   91.00000       262.5999    
   91.25000       268.0028    
   91.50000       273.5580    
   91.75000       279.2083    
   92.00000       284.8966    
   92.25000       290.5610    
   92.50000       296.1224    
   92.75000       301.4973    
   93.00000       306.6018    
   93.25000       311.3528    
   93.50000       315.6683    
   93.75000       319.4669    
   94.00000       322.6669    
   94.25000       325.1943    
   94.50000       327.0062    
   94.75000       328.0669    
   95.00000       328.3409    
   95.25000       327.8069    
   95.50000       326.4998    
   95.75000       324.4682    
   96.00000       321.7613    
   96.25000       318.4341    
   96.50000       314.5681    
   96.75000       310.2507    
   97.00000       305.5695    
   97.25000       300.6119    
   97.50000       295.4637    
   97.75000       290.2106    
   98.00000       284.9382    
   98.25000       279.7267    
   98.50000       274.6348    
   98.75000       269.7162    
   99.00000       265.0241    
   99.25000       260.6022    
   99.50000       256.4545    
   99.75000       252.5753    
   100.0000       248.9588    
   100.2500       245.5946    
   100.5000       242.4544    
   100.7500       239.5053    
   101.0000       236.7144    
   101.2500       234.0490    
   101.5000       231.4773    
   101.7500       228.9675    
   102.0000       226.4882    
   102.2500       224.0103    
   102.5000       221.5162    
   102.7500       218.9910    
   103.0000       216.4198    
   103.2500       213.7928    
   103.5000       211.1211    
   103.7500       208.4205    
   104.0000       205.7071    
   104.2500       202.9995    
   104.5000       200.3253    
   104.7500       197.7151    
   105.0000       195.1991    
   105.2500       192.8073    
   105.5000       190.5693    
   105.7500       188.5145    
   106.0000       186.6720    
   106.2500       185.0677    
   106.5000       183.7135    
   106.7500       182.6180    
   107.0000       181.7896    
   107.2500       181.2303    
   107.5000       180.9169    
   107.7500       180.8196    
   108.0000       180.9088    
   108.2500       181.1518    
   108.5000       181.5043    
   108.7500       181.9190    
   109.0000       182.3484    
   109.2500       182.7456    
   109.5000       183.0643    
   109.7500       183.2585    
   110.0000       183.2822    
   110.2500       183.0943    
   110.5000       182.6728    
   110.7500       182.0008    
   111.0000       181.0612    
   111.2500       179.8460    
   111.5000       178.3823    
   111.7500       176.7062    
   112.0000       174.8538    
   112.2500       172.8652    
   112.5000       170.7967    
   112.7500       168.7088    
   113.0000       166.6620    
   113.2500       164.7165    
   113.5000       162.9316    
   113.7500       161.3666    
   114.0000       160.0805    
   114.2500       159.1294    
   114.5000       158.5557    
   114.7500       158.3987    
   115.0000       158.6978    
   115.2500       159.4860    
   115.5000       160.7720    
   115.7500       162.5584    
   116.0000       164.8478    
   116.2500       167.6399    
   116.5000       170.9234    
   116.7500       174.6841    
   117.0000       178.9080    
   117.2500       183.5809    
   117.5000       188.6891    
   117.7500       194.2189    
   118.0000       200.1564    
   118.2500       206.4877    
   118.5000       213.1969    
   118.7500       220.2681    
   119.0000       227.6850    
   119.2500       235.4311    
   119.5000       243.4868    
   119.7500       251.8322    
   120.0000       260.4471    
   120.2500       269.3113    
   120.5000       278.4029    
   120.7500       287.6997    
   121.0000       297.1797    
   121.2500       306.8209    
   121.5000       316.6019    
   121.7500       326.5014    
   122.0000       336.4983    
   122.2500       346.5764    
   122.5000       356.7394    
   122.7500       366.9963    
   123.0000       377.3558    
   123.2500       387.8360    
   123.5000       398.4913    
   123.7500       409.3851    
   124.0000       420.5808    
   124.2500       432.1464    
   124.5000       444.1666    
   124.7500       456.7304    
   125.0000       469.9269    
   125.2500       483.8448    
   125.5000       498.5706    
   125.7500       514.1906    
   126.0000       530.7909    
   126.2500       548.4451    
   126.5000       567.1758    
   126.7500       586.9933    
   127.0000       607.9076    
   127.2500       629.9056    
   127.5000       652.8817    
   127.7500       676.7067    
   128.0000       701.2520    
   128.2500       726.3778    
   128.5000       751.9021    
   128.7500       777.6323    
   129.0000       803.3752    
   129.2500       828.9391    
   129.5000       854.1339    
   129.7500       878.7699    
   130.0000       902.6577    
   130.2500       925.6163    
   130.5000       947.4986    
   130.7500       968.1657    
   131.0000       987.4792    
   131.2500       1005.316    
   131.5000       1021.615    
   131.7500       1036.332    
   132.0000       1049.422    
   132.2500       1060.846    
   132.5000       1070.596    
   132.7500       1078.668    
   133.0000       1085.061    
   133.2500       1089.771    
   133.5000       1092.796    
   133.7500       1094.132    
   134.0000       1093.777    
   134.2500       1091.733    
   134.5000       1088.018    
   134.7500       1082.656    
   135.0000       1075.672    
   135.2500       1067.096    
   135.5000       1056.992    
   135.7500       1045.431    
   136.0000       1032.486    
   136.2500       1018.231    
   136.5000       1002.757    
   136.7500       986.1562    
   137.0000       968.5229    
   137.2500       949.9502    
   137.5000       930.5311    
   137.7500       910.3578    
   138.0000       889.5235    
   138.2500       868.1193    
   138.5000       846.2307    
   138.7500       823.9423    
   139.0000       801.3384    
   139.2500       778.5006    
   139.5000       755.5005    
   139.7500       732.4068    
   140.0000       709.2883    
   140.2500       686.2126    
   140.5000       663.2429    
   140.7500       640.4409    
   141.0000       617.8686    
   141.2500       595.5878    
   141.5000       573.6600    
   141.7500       552.1470    
 
