TitleText: Ni(001)-(5x5)-Li     Beam (4/5,1/5)            Rfac10=0.1021
 "IV exp
   40.25000       230.5260    
   40.50000       227.5547    
   40.75000       224.4118    
   41.00000       221.0116    
   41.25000       217.2861    
   41.50000       213.2386    
   41.75000       208.8900    
   42.00000       204.2616    
   42.25000       199.3972    
   42.50000       194.4325    
   42.75000       189.5261    
   43.00000       184.8366    
   43.25000       180.5014    
   43.50000       176.5730    
   43.75000       173.0826    
   44.00000       170.0616    
   44.25000       167.5313    
   44.50000       165.4734    
   44.75000       163.8596    
   45.00000       162.6616    
   45.25000       161.8601    
   45.50000       161.4716    
   45.75000       161.5219    
   46.00000       162.0366    
   46.25000       163.0488    
   46.50000       164.6222    
   46.75000       166.8277    
   47.00000       169.7366    
   47.25000       173.4212    
   47.50000       177.9593    
   47.75000       183.4298    
   48.00000       189.9116    
   48.25000       197.4569    
   48.50000       206.0102    
   48.75000       215.4892    
   49.00000       225.8116    
   49.25000       236.9107    
   49.50000       248.7820    
   49.75000       261.4370    
   50.00000       274.8866    
   50.25000       289.1528    
   50.50000       304.3000    
   50.75000       320.4029    
   51.00000       337.5366    
   51.25000       355.7662    
   51.50000       375.1188    
   51.75000       395.6115    
   52.00000       417.2616    
   52.25000       440.0482    
   52.50000       463.7975    
   52.75000       488.2976    
   53.00000       513.3365    
   53.25000       538.6483    
   53.50000       563.7511    
   53.75000       588.1091    
   54.00000       611.1866    
   54.25000       632.4833    
   54.50000       651.6423    
   54.75000       668.3422    
   55.00000       682.2616    
   55.25000       693.0457    
   55.50000       700.2054    
   55.75000       703.2183    
   56.00000       701.5616    
   56.25000       694.8859    
   56.50000       683.5336    
   56.75000       668.0203    
   57.00000       648.8616    
   57.25000       626.6921    
   57.50000       602.6235    
   57.75000       577.8865    
   58.00000       553.7116    
   58.25000       531.0986    
   58.50000       510.1229    
   58.75000       490.6291    
   59.00000       472.4615    
   59.25000       455.4460    
   59.50000       439.3324    
   59.75000       423.8522    
   60.00000       408.7366    
   60.25000       393.7823    
   60.50000       379.0480    
   60.75000       364.6580    
   61.00000       350.7366    
   61.25000       337.3749    
   61.50000       324.5326    
   61.75000       312.1360    
   62.00000       300.1116    
   62.25000       288.4065    
   62.50000       277.0505    
   62.75000       266.0938    
   63.00000       255.5866    
   63.25000       245.5657    
   63.50000       236.0131    
   63.75000       226.8972    
   64.00000       218.1866    
   64.25000       209.8539    
   64.50000       201.8887    
   64.75000       194.2850    
   65.00000       187.0366    
   65.25000       180.1599    
   65.50000       173.7610    
   65.75000       167.9687    
   66.00000       162.9116    
   66.25000       158.6762    
   66.50000       155.1805    
   66.75000       152.3003    
   67.00000       149.9116    
   67.25000       147.9171    
   67.50000       146.3272    
   67.75000       145.1796    
   68.00000       144.5116    
   68.25000       144.3615    
   68.50000       144.7708    
   68.75000       145.7818    
   69.00000       147.4366    
   69.25000       149.7475    
   69.50000       152.6059    
   69.75000       155.8735    
   70.00000       159.4116    
   70.25000       163.1065    
   70.50000       166.9438    
   70.75000       170.9337    
   71.00000       175.0866    
   71.25000       179.4171    
   71.50000       183.9573    
   71.75000       188.7434    
   72.00000       193.8116    
   72.25000       199.1882    
   72.50000       204.8590    
   72.75000       210.7999    
   73.00000       216.9866    
   73.25000       223.3880    
   73.50000       229.9450    
   73.75000       236.5915    
   74.00000       243.2616    
   74.25000       249.8920    
   74.50000       256.4307    
   74.75000       262.8286    
   75.00000       269.0366    
   75.25000       275.0039    
   75.50000       280.6736    
   75.75000       285.9873    
   76.00000       290.8866    
   76.25000       295.2984    
   76.50000       299.0913    
   76.75000       302.1193    
   77.00000       304.2366    
   77.25000       305.3241    
   77.50000       305.3714    
   77.75000       304.3951    
   78.00000       302.4116    
   78.25000       299.4708    
   78.50000       295.7550    
   78.75000       291.4801    
   79.00000       286.8616    
   79.25000       282.0917    
   79.50000       277.2687    
   79.75000       272.4671    
   80.00000       267.7616    
   80.25000       263.2224    
   80.50000       258.9023    
   80.75000       254.8492    
   81.00000       251.1116    
   81.25000       247.7431    
   81.50000       244.8200    
   81.75000       242.4239    
   82.00000       240.6366    
   82.25000       239.5343    
   82.50000       239.1716    
   82.75000       239.5977    
   83.00000       240.8616    
   83.25000       242.9861    
   83.50000       245.8881    
   83.75000       249.4581    
   84.00000       253.5866    
   84.25000       258.1737    
   84.50000       263.1581    
   84.75000       268.4879    
   85.00000       274.1116    
   85.25000       280.0023    
   85.50000       286.2336    
   85.75000       292.9038    
   86.00000       300.1116    
   86.25000       307.8999    
   86.50000       316.0898    
   86.75000       324.4468    
   87.00000       332.7366    
   87.25000       340.7269    
   87.50000       348.1954    
   87.75000       354.9220    
   88.00000       360.6866    
   88.25000       365.3185    
   88.50000       368.8448    
   88.75000       371.3420    
   89.00000       372.8866    
   89.25000       373.5417    
   89.50000       373.3168    
   89.75000       372.2081    
   90.00000       370.2116    
   90.25000       367.3117    
   90.50000       363.4452    
   90.75000       358.5368    
   91.00000       352.5116    
   91.25000       345.3510    
   91.50000       337.2628    
   91.75000       328.5115    
   92.00000       319.3616    
   92.25000       310.0629    
   92.50000       300.8075    
   92.75000       291.7729    
   93.00000       283.1366    
   93.25000       275.0114    
   93.50000       267.2516    
   93.75000       259.6468    
   94.00000       251.9866    
   94.25000       244.1091    
   94.50000       236.0462    
   94.75000       227.8786    
   95.00000       219.6866    
   95.25000       211.5700    
   95.50000       203.7050    
   95.75000       196.2871    
   96.00000       189.5116    
   96.25000       183.5200    
   96.50000       178.2377    
   96.75000       173.5361    
   97.00000       169.2866    
   97.25000       165.3665    
   97.50000       161.6763    
   97.75000       158.1225    
   98.00000       154.6116    
   98.25000       151.0924    
   98.50000       147.6832    
   98.75000       144.5443    
   99.00000       141.8366    
   99.25000       139.6999    
   99.50000       138.1920    
   99.75000       137.3502    
   100.0000       137.2116    
   100.2500       137.8272    
   100.5000       139.3027    
   100.7500       141.7577    
   101.0000       145.3116    
   101.2500       150.0679    
   101.5000       156.0666    
   101.7500       163.3315    
   102.0000       171.8866    
   102.2500       181.7028    
   102.5000       192.5381    
   102.7500       204.0977    
   103.0000       216.0866    
   103.2500       228.2695    
   103.5000       240.6505    
   103.7500       253.2933    
   104.0000       266.2616    
   104.2500       279.6055    
   104.5000       293.3201    
   104.7500       307.3867    
   105.0000       321.7866    
   105.2500       336.4784    
   105.5000       351.3294    
   105.7500       366.1839    
   106.0000       380.8866    
   106.2500       395.3306    
   106.5000       409.6039    
   106.7500       423.8436    
   107.0000       438.1866    
   107.2500       452.7405    
   107.5000       467.4964    
   107.7500       482.4161    
   108.0000       497.4616    
   108.2500       512.6177    
   108.5000       527.9614    
   108.7500       543.5927    
   109.0000       559.6116    
   109.2500       576.1230    
   109.5000       593.2524    
   109.7500       611.1301    
   110.0000       629.8866    
   110.2500       649.5793    
   110.5000       669.9736    
   110.7500       690.7618    
   111.0000       711.6365    
   111.2500       732.3317    
   111.5000       752.7477    
   111.7500       772.8270    
   112.0000       792.5115    
   112.2500       811.7521    
   112.5000       830.5329    
   112.7500       848.8468    
   113.0000       866.6865    
   113.2500       884.0266    
   113.5000       900.7680    
   113.7500       916.7938    
   114.0000       931.9866    
   114.2500       946.2297    
   114.5000       959.4081    
   114.7500       971.4070    
   115.0000       982.1116    
   115.2500       991.4517    
   115.5000       999.5347    
   115.7500       1006.512    
   116.0000       1012.537    
   116.2500       1017.775    
   116.5000       1022.460    
   116.7500       1026.840    
   117.0000       1031.162    
   117.2500       1035.595    
   117.5000       1039.994    
   117.7500       1044.133    
   118.0000       1047.787    
   118.2500       1050.819    
   118.5000       1053.457    
   118.7500       1056.016    
   119.0000       1058.812    
   119.2500       1062.052    
   119.5000       1065.512    
   119.7500       1068.859    
   120.0000       1071.762    
   120.2500       1073.847    
   120.5000       1074.582    
   120.7500       1073.394    
   121.0000       1069.712    
   121.2500       1063.185    
   121.5000       1054.356    
   121.7500       1043.993    
   122.0000       1032.862    
   122.2500       1021.636    
   122.5000       1010.625    
   122.7500       1000.045    
   123.0000       990.1116    
   123.2500       980.9360    
   123.5000       972.2084    
   123.7500       963.5135    
   124.0000       954.4365    
   124.2500       944.6181    
   124.5000       933.9230    
   124.7500       922.2723    
   125.0000       909.5866    
   125.2500       895.7911    
   125.5000       880.8282    
   125.7500       864.6445    
   126.0000       847.1866    
   126.2500       828.4373    
   126.5000       808.5243    
   126.7500       787.6111    
   127.0000       765.8615    
   127.2500       743.4664    
   127.5000       720.7252    
   127.7500       697.9647    
   128.0000       675.5116    
   128.2500       653.6200    
   128.5000       632.2536    
   128.7500       611.3037    
   129.0000       590.6616    
   129.2500       570.2030    
   129.5000       549.7425    
   129.7500       529.0790    
   130.0000       508.0116    
   130.2500       486.4207    
   130.5000       464.5117    
   130.7500       442.5715    
   131.0000       420.8866    
   131.2500       399.7251    
   131.5000       379.2800    
   131.7500       359.7258    
   132.0000       341.2366    
   132.2500       323.8742    
   132.5000       307.2501    
   132.7500       290.8629    
   133.0000       274.2116    
   133.2500       256.9354    
   133.5000       239.2360    
   133.7500       221.4557    
   134.0000       203.9366    
   134.2500       187.0245    
   134.5000       171.0787    
   134.7500       156.4618    
   135.0000       143.5366    
   135.2500       132.5354    
   135.5000       123.1690    
   135.7500       115.0176    
   136.0000       107.6616    
   136.2500       100.8050    
   136.5000       94.64632    
   136.7500       89.50780    
   137.0000       85.71159    
   137.2500       83.50365    
   137.5000       82.82469    
   137.7500       83.53918    
   138.0000       85.51160    
   138.2500       88.50508    
   138.5000       91.87762    
   138.7500       94.88590    
   139.0000       96.78659    
   139.2500       97.03738    
   139.5000       95.90000    
   139.7500       93.83716    
 
 "IV theory
   40.25000       341.9651    
   40.50000       326.0486    
   40.75000       309.4302    
   41.00000       292.2827    
   41.25000       274.7779    
   41.50000       257.0858    
   41.75000       239.3757    
   42.00000       221.8170    
   42.25000       204.5711    
   42.50000       187.7679    
   42.75000       171.5290    
   43.00000       155.9764    
   43.25000       141.2173    
   43.50000       127.3004    
   43.75000       114.2599    
   44.00000       102.1298    
   44.25000       90.93761    
   44.50000       80.68429    
   44.75000       71.36402    
   45.00000       62.97104    
   45.25000       55.49974    
   45.50000       48.94524    
   45.75000       43.30279    
   46.00000       38.56768    
   46.25000       34.73481    
   46.50000       31.79764    
   46.75000       29.74930    
   47.00000       28.58288    
   47.25000       28.29092    
   47.50000       28.86368    
   47.75000       30.29082    
   48.00000       32.56203    
   48.25000       35.66676    
   48.50000       39.59357    
   48.75000       44.33078    
   49.00000       49.86673    
   49.25000       56.18960    
   49.50000       63.28700    
   49.75000       71.14639    
   50.00000       79.75521    
   50.25000       89.09557    
   50.50000       99.12804    
   50.75000       109.8079    
   51.00000       121.0902    
   51.25000       132.9206    
   51.50000       145.2054    
   51.75000       157.8412    
   52.00000       170.7246    
   52.25000       183.7478    
   52.50000       196.7845    
   52.75000       209.7043    
   53.00000       222.3765    
   53.25000       234.6709    
   53.50000       246.4589    
   53.75000       257.6123    
   54.00000       268.0029    
   54.25000       277.5122    
   54.50000       286.0603    
   54.75000       293.5768    
   55.00000       299.9914    
   55.25000       305.2516    
   55.50000       309.3753    
   55.75000       312.3983    
   56.00000       314.3562    
   56.25000       315.2927    
   56.50000       315.2840    
   56.75000       314.4143    
   57.00000       312.7678    
   57.25000       310.4282    
   57.50000       307.4781    
   57.75000       303.9997    
   58.00000       300.0750    
   58.25000       295.7823    
   58.50000       291.1844    
   58.75000       286.3398    
   59.00000       281.3074    
   59.25000       276.1385    
   59.50000       270.8558    
   59.75000       265.4745    
   60.00000       260.0097    
   60.25000       254.4736    
   60.50000       248.8648    
   60.75000       243.1787    
   61.00000       237.4108    
   61.25000       231.5566    
   61.50000       225.6122    
   61.75000       219.5739    
   62.00000       213.4381    
   62.25000       207.2029    
   62.50000       200.8739    
   62.75000       194.4588    
   63.00000       187.9652    
   63.25000       181.4040    
   63.50000       174.8003    
   63.75000       168.1825    
   64.00000       161.5791    
   64.25000       155.0201    
   64.50000       148.5419    
   64.75000       142.1826    
   65.00000       135.9801    
   65.25000       129.9724    
   65.50000       124.1970    
   65.75000       118.6917    
   66.00000       113.4938    
   66.25000       108.6399    
   66.50000       104.1627    
   66.75000       100.0935    
   67.00000       96.46382    
   67.25000       93.30331    
   67.50000       90.63400    
   67.75000       88.47612    
   68.00000       86.84985    
   68.25000       85.77457    
   68.50000       85.26636    
   68.75000       85.34048    
   69.00000       86.01222    
   69.25000       87.29675    
   69.50000       89.20885    
   69.75000       91.76322    
   70.00000       94.97453    
   70.25000       98.85325    
   70.50000       103.3930    
   70.75000       108.5833    
   71.00000       114.4136    
   71.25000       120.8656    
   71.50000       127.8905    
   71.75000       135.4318    
   72.00000       143.4332    
   72.25000       151.8346    
   72.50000       160.5618    
   72.75000       169.5374    
   73.00000       178.6837    
   73.25000       187.9232    
   73.50000       197.1796    
   73.75000       206.3762    
   74.00000       215.4370    
   74.25000       224.2895    
   74.50000       232.8771    
   74.75000       241.1474    
   75.00000       249.0478    
   75.25000       256.5331    
   75.50000       263.5872    
   75.75000       270.2013    
   76.00000       276.3667    
   76.25000       282.0779    
   76.50000       287.3427    
   76.75000       292.1721    
   77.00000       296.5772    
   77.25000       300.5691    
   77.50000       304.1585    
   77.75000       307.3565    
   78.00000       310.1739    
   78.25000       312.6237    
   78.50000       314.7280    
   78.75000       316.5109    
   79.00000       317.9964    
   79.25000       319.2126    
   79.50000       320.2036    
   79.75000       321.0171    
   80.00000       321.7012    
   80.25000       322.3055    
   80.50000       322.8871    
   80.75000       323.5052    
   81.00000       324.2188    
   81.25000       325.0865    
   81.50000       326.1667    
   81.75000       327.5169    
   82.00000       329.1952    
   82.25000       331.2544    
   82.50000       333.7276    
   82.75000       336.6428    
   83.00000       340.0283    
   83.25000       343.9030    
   83.50000       348.2497    
   83.75000       353.0420    
   84.00000       358.2536    
   84.25000       363.8542    
   84.50000       369.7967    
   84.75000       376.0300    
   85.00000       382.5030    
   85.25000       389.1647    
   85.50000       395.9645    
   85.75000       402.8519    
   86.00000       409.7763    
   86.25000       416.6865    
   86.50000       423.5282    
   86.75000       430.2465    
   87.00000       436.7863    
   87.25000       443.0913    
   87.50000       449.1004    
   87.75000       454.7508    
   88.00000       459.9800    
   88.25000       464.7247    
   88.50000       468.9192    
   88.75000       472.4968    
   89.00000       475.3909    
   89.25000       477.5356    
   89.50000       478.8653    
   89.75000       479.3152    
   90.00000       478.8203    
   90.25000       477.3237    
   90.50000       474.8015    
   90.75000       471.2381    
   91.00000       466.6178    
   91.25000       460.9397    
   91.50000       454.2631    
   91.75000       446.6620    
   92.00000       438.2108    
   92.25000       428.9903    
   92.50000       419.1091    
   92.75000       408.6827    
   93.00000       397.8264    
   93.25000       386.6554    
   93.50000       375.2833    
   93.75000       363.8232    
   94.00000       352.3885    
   94.25000       341.0862    
   94.50000       329.9996    
   94.75000       319.2058    
   95.00000       308.7817    
   95.25000       298.7935    
   95.50000       289.2626    
   95.75000       280.1997    
   96.00000       271.6153    
   96.25000       263.5148    
   96.50000       255.8834    
   96.75000       248.7012    
   97.00000       241.9483    
   97.25000       235.6051    
   97.50000       229.6526    
   97.75000       224.0722    
   98.00000       218.8454    
   98.25000       213.9557    
   98.50000       209.3966    
   98.75000       205.1633    
   99.00000       201.2516    
   99.25000       197.6613    
   99.50000       194.4099    
   99.75000       191.5193    
   100.0000       189.0113    
   100.2500       186.9098    
   100.5000       185.2467    
   100.7500       184.0561    
   101.0000       183.3719    
   101.2500       183.2281    
   101.5000       183.6577    
   101.7500       184.6937    
   102.0000       186.3691    
   102.2500       188.7126    
   102.5000       191.7363    
   102.7500       195.4481    
   103.0000       199.8560    
   103.2500       204.9601    
   103.5000       210.7304    
   103.7500       217.1288    
   104.0000       224.1174    
   104.2500       231.6548    
   104.5000       239.6857    
   104.7500       248.1511    
   105.0000       256.9920    
   105.2500       266.1497    
   105.5000       275.5662    
   105.7500       285.1835    
   106.0000       294.9440    
   106.2500       304.7927    
   106.5000       314.6866    
   106.7500       324.5857    
   107.0000       334.4500    
   107.2500       344.2448    
   107.5000       353.9575    
   107.7500       363.5808    
   108.0000       373.1075    
   108.2500       382.5328    
   108.5000       391.8618    
   108.7500       401.1024    
   109.0000       410.2621    
   109.2500       419.3487    
   109.5000       428.3694    
   109.7500       437.3314    
   110.0000       446.2419    
   110.2500       455.1077    
   110.5000       463.9341    
   110.7500       472.7260    
   111.0000       481.4882    
   111.2500       490.2249    
   111.5000       498.9370    
   111.7500       507.6250    
   112.0000       516.2892    
   112.2500       524.9296    
   112.5000       533.5447    
   112.7500       542.1331    
   113.0000       550.6931    
   113.2500       559.2228    
   113.5000       567.7206    
   113.7500       576.1846    
   114.0000       584.6132    
   114.2500       593.0032    
   114.5000       601.3469    
   114.7500       609.6353    
   115.0000       617.8596    
   115.2500       626.0087    
   115.5000       634.0629    
   115.7500       642.0003    
   116.0000       649.7990    
   116.2500       657.4362    
   116.5000       664.8851    
   116.7500       672.1177    
   117.0000       679.1064    
   117.2500       685.8234    
   117.5000       692.2410    
   117.7500       698.3319    
   118.0000       704.0685    
   118.2500       709.4241    
   118.5000       714.3749    
   118.7500       718.8984    
   119.0000       722.9716    
   119.2500       726.5731    
   119.5000       729.6873    
   119.7500       732.3002    
   120.0000       734.3975    
   120.2500       735.9658    
   120.5000       736.9941    
   120.7500       737.4723    
   121.0000       737.3900    
   121.2500       736.7370    
   121.5000       735.5031    
   121.7500       733.6783    
   122.0000       731.2523    
   122.2500       728.2166    
   122.5000       724.5683    
   122.7500       720.3062    
   123.0000       715.4290    
   123.2500       709.9381    
   123.5000       703.8456    
   123.7500       697.1663    
   124.0000       689.9148    
   124.2500       682.1072    
   124.5000       673.7644    
   124.7500       664.9084    
   125.0000       655.5614    
   125.2500       645.7452    
   125.5000       635.4822    
   125.7500       624.7939    
   126.0000       613.7024    
   126.2500       602.2302    
   126.5000       590.4014    
   126.7500       578.2407    
   127.0000       565.7731    
   127.2500       553.0238    
   127.5000       540.0218    
   127.7500       526.7966    
   128.0000       513.3778    
   128.2500       499.7955    
   128.5000       486.0811    
   128.7500       472.2664    
   129.0000       458.3836    
   129.2500       444.4644    
   129.5000       430.5406    
   129.7500       416.6437    
   130.0000       402.8055    
   130.2500       389.0565    
   130.5000       375.4233    
   130.7500       361.9312    
   131.0000       348.6056    
   131.2500       335.4700    
   131.5000       322.5403    
   131.7500       309.8304    
   132.0000       297.3543    
   132.2500       285.1251    
   132.5000       273.1523    
   132.7500       261.4448    
   133.0000       250.0111    
   133.2500       238.8601    
   133.5000       228.0006    
   133.7500       217.4415    
   134.0000       207.1919    
   134.2500       197.2609    
   134.5000       187.6592    
   134.7500       178.3979    
   135.0000       169.4880    
   135.2500       160.9412    
   135.5000       152.7716    
   135.7500       144.9944    
   136.0000       137.6243    
   136.2500       130.6765    
   136.5000       124.1676    
   136.7500       118.1144    
   137.0000       112.5337    
   137.2500       107.4422    
   137.5000       102.8563    
   137.7500       98.79230    
   138.0000       95.26638    
   138.2500       92.29199    
   138.5000       89.87112    
   138.7500       88.00286    
   139.0000       86.68633    
   139.2500       85.91541    
   139.5000       85.66317    
   139.7500       85.89742    
 
