TitleText: Ni(001)-(5x5)-Li     Beam (1,1/5)              Rfac10=0.1045
 "IV exp
   54.25000       312.2888    
   54.50000       321.8797    
   54.75000       332.3660    
   55.00000       344.1957    
   55.25000       357.7889    
   55.50000       373.4563    
   55.75000       391.4809    
   56.00000       412.1457    
   56.25000       435.6734    
   56.50000       462.0444    
   56.75000       491.1785    
   57.00000       522.9957    
   57.25000       557.2906    
   57.50000       593.3562    
   57.75000       630.3603    
   58.00000       667.4708    
   58.25000       703.9465    
   58.50000       739.4116    
   58.75000       773.5814    
   59.00000       806.1708    
   59.25000       836.8997    
   59.50000       865.5062    
   59.75000       891.7324    
   60.00000       915.3207    
   60.25000       936.0106    
   60.50000       953.5289    
   60.75000       967.5994    
   61.00000       977.9457    
   61.25000       984.4017    
   61.50000       987.2402    
   61.75000       986.8440    
   62.00000       983.5958    
   62.25000       977.8660    
   62.50000       969.9754    
   62.75000       960.2325    
   63.00000       948.9457    
   63.25000       936.3851    
   63.50000       922.6670    
   63.75000       907.8695    
   64.00000       892.0707    
   64.25000       875.3616    
   64.50000       857.8843    
   64.75000       839.7940    
   65.00000       821.2458    
   65.25000       802.3896    
   65.50000       783.3549    
   65.75000       764.2655    
   66.00000       745.2457    
   66.25000       726.3645    
   66.50000       707.4708    
   66.75000       688.3582    
   67.00000       668.8207    
   67.25000       648.6844    
   67.50000       627.9052    
   67.75000       606.4712    
   68.00000       584.3707    
   68.25000       561.6663    
   68.50000       538.7173    
   68.75000       515.9576    
   69.00000       493.8207    
   69.25000       472.6884    
   69.50000       452.7343    
   69.75000       434.0795    
   70.00000       416.8457    
   70.25000       401.1077    
   70.50000       386.7544    
   70.75000       373.6280    
   71.00000       361.5707    
   71.25000       350.4584    
   71.50000       340.3006    
   71.75000       331.1404    
   72.00000       323.0207    
   72.25000       315.9697    
   72.50000       309.9551    
   72.75000       304.9295    
   73.00000       300.8457    
   73.25000       297.6354    
   73.50000       295.1470    
   73.75000       293.2079    
   74.00000       291.6457    
   74.25000       290.3133    
   74.50000       289.1656    
   74.75000       288.1829    
   75.00000       287.3457    
   75.25000       286.6478    
   75.50000       286.1369    
   75.75000       285.8741    
   76.00000       285.9207    
   76.25000       286.3132    
   76.50000       286.9893    
   76.75000       287.8625    
   77.00000       288.8457    
   77.25000       289.8589    
   77.50000       290.8488    
   77.75000       291.7683    
   78.00000       292.5707    
   78.25000       293.2319    
   78.50000       293.8181    
   78.75000       294.4180    
   79.00000       295.1207    
   79.25000       295.9768    
   79.50000       296.8846    
   79.75000       297.7042    
   80.00000       298.2957    
   80.25000       298.5508    
   80.50000       298.4867    
   80.75000       298.1521    
   81.00000       297.5957    
   81.25000       296.8810    
   81.50000       296.1304    
   81.75000       295.4813    
   82.00000       295.0707    
   82.25000       294.9909    
   82.50000       295.1534    
   82.75000       295.4245    
   83.00000       295.6707    
   83.25000       295.7804    
   83.50000       295.7302    
   83.75000       295.5190    
   84.00000       295.1457    
   84.25000       294.6178    
   84.50000       293.9781    
   84.75000       293.2785    
   85.00000       292.5707    
   85.25000       291.9010    
   85.50000       291.2941    
   85.75000       290.7692    
   86.00000       290.3457    
   86.25000       290.0319    
   86.50000       289.7918    
   86.75000       289.5787    
   87.00000       289.3457    
   87.25000       289.0497    
   87.50000       288.6629    
   87.75000       288.1612    
   88.00000       287.5207    
   88.25000       286.7315    
   88.50000       285.8403    
   88.75000       284.9081    
   89.00000       283.9957    
   89.25000       283.1619    
   89.50000       282.4565    
   89.75000       281.9269    
   90.00000       281.6207    
   90.25000       281.5655    
   90.50000       281.7082    
   90.75000       281.9759    
   91.00000       282.2957    
   91.25000       282.5951    
   91.50000       282.8039    
   91.75000       282.8523    
   92.00000       282.6707    
   92.25000       282.2112    
   92.50000       281.5131    
   92.75000       280.6375    
   93.00000       279.6457    
   93.25000       278.5938    
   93.50000       277.5181    
   93.75000       276.4500    
   94.00000       275.4207    
   94.25000       274.4546    
   94.50000       273.5480    
   94.75000       272.6903    
   95.00000       271.8707    
   95.25000       271.0897    
   95.50000       270.3921    
   95.75000       269.8338    
   96.00000       269.4707    
   96.25000       269.3483    
   96.50000       269.4702    
   96.75000       269.8299    
   97.00000       270.4207    
   97.25000       271.2231    
   97.50000       272.1668    
   97.75000       273.1687    
   98.00000       274.1457    
   98.25000       275.0316    
   98.50000       275.8273    
   98.75000       276.5511    
   99.00000       277.2207    
   99.25000       277.8437    
   99.50000       278.3856    
   99.75000       278.8013    
   100.0000       279.0457    
   100.2500       279.0861    
   100.5000       278.9388    
   100.7500       278.6325    
   101.0000       278.1957    
   101.2500       277.6537    
   101.5000       277.0178    
   101.7500       276.2958    
   102.0000       275.4957    
   102.2500       274.6289    
   102.5000       273.7206    
   102.7500       272.8000    
   103.0000       271.8957    
   103.2500       271.0395    
   103.5000       270.2739    
   103.7500       269.6442    
   104.0000       269.1957    
   104.2500       268.9546    
   104.5000       268.8705    
   104.7500       268.8740    
   105.0000       268.8957    
   105.2500       268.8892    
   105.5000       268.8997    
   105.7500       268.9958    
   106.0000       269.2457    
   106.2500       269.7115    
   106.5000       270.4299    
   106.7500       271.4312    
   107.0000       272.7457    
   107.2500       274.4023    
   107.5000       276.4236    
   107.7500       278.8310    
   108.0000       281.6457    
   108.2500       284.9079    
   108.5000       288.7342    
   108.7500       293.2599    
   109.0000       298.6207    
   109.2500       304.9453    
   109.5000       312.3358    
   109.7500       320.8875    
   110.0000       330.6957    
   110.2500       341.8315    
   110.5000       354.2687    
   110.7500       367.9569    
   111.0000       382.8457    
   111.2500       398.8725    
   111.5000       415.9261    
   111.7500       433.8832    
   112.0000       452.6207    
   112.2500       472.0286    
   112.5000       492.0512    
   112.7500       512.6461    
   113.0000       533.7708    
   113.2500       555.3860    
   113.5000       577.4652    
   113.7500       599.9846    
   114.0000       622.9207    
   114.2500       646.2024    
   114.5000       669.5687    
   114.7500       692.7111    
   115.0000       715.3207    
   115.2500       737.1422    
   115.5000       758.1311    
   115.7500       778.2961    
   116.0000       797.6458    
   116.2500       816.2477    
   116.5000       834.4063    
   116.7500       852.4845    
   117.0000       870.8458    
   117.2500       889.8074    
   117.5000       909.5028    
   117.7500       930.0197    
   118.0000       951.4457    
   118.2500       973.8435    
   118.5000       997.1758    
   118.7500       1021.381    
   119.0000       1046.396    
   119.2500       1072.215    
   119.5000       1099.056    
   119.7500       1127.191    
   120.0000       1156.896    
   120.2500       1188.399    
   120.5000       1221.760    
   120.7500       1256.995    
   121.0000       1294.121    
   121.2500       1333.037    
   121.5000       1373.179    
   121.7500       1413.867    
   122.0000       1454.421    
   122.2500       1494.289    
   122.5000       1533.444    
   122.7500       1571.987    
   123.0000       1610.021    
   123.2500       1647.721    
   123.5000       1685.566    
   123.7500       1724.107    
   124.0000       1763.896    
   124.2500       1805.333    
   124.5000       1848.210    
   124.7500       1892.167    
   125.0000       1936.846    
   125.2500       1981.851    
   125.5000       2026.656    
   125.7500       2070.700    
   126.0000       2113.421    
   126.2500       2154.337    
   126.5000       2193.289    
   126.7500       2230.194    
   127.0000       2264.971    
   127.2500       2297.528    
   127.5000       2327.729    
   127.7500       2355.426    
   128.0000       2380.471    
   128.2500       2402.784    
   128.5000       2422.557    
   128.7500       2440.050    
   129.0000       2455.521    
   129.2500       2469.155    
   129.5000       2480.832    
   129.7500       2490.361    
   130.0000       2497.546    
   130.2500       2502.205    
   130.5000       2504.204    
   130.7500       2503.417    
   131.0000       2499.721    
   131.2500       2493.105    
   131.5000       2484.021    
   131.7500       2473.029    
   132.0000       2460.696    
   132.2500       2447.436    
   132.5000       2433.073    
   132.7500       2417.285    
   133.0000       2399.746    
   133.2500       2380.192    
   133.5000       2358.595    
   133.7500       2334.986    
   134.0000       2309.396    
   134.2500       2281.844    
   134.5000       2252.303    
   134.7500       2220.734    
   135.0000       2187.096    
   135.2500       2151.364    
   135.5000       2113.561    
   135.7500       2073.726    
   136.0000       2031.896    
   136.2500       1988.219    
   136.5000       1943.287    
   136.7500       1897.803    
   137.0000       1852.471    
   137.2500       1807.803    
   137.5000       1763.557    
   137.7500       1719.298    
   138.0000       1674.596    
   138.2500       1629.078    
   138.5000       1582.626    
   138.7500       1535.184    
   139.0000       1486.696    
   139.2500       1437.222    
   139.5000       1387.299    
   139.7500       1337.581    
   140.0000       1288.721    
   140.2500       1241.349    
   140.5000       1196.006    
   140.7500       1153.208    
   141.0000       1113.471    
   141.2500       1077.023    
   141.5000       1042.946    
   141.7500       1010.031    
   142.0000       977.0707    
   142.2500       943.0146    
   142.5000       907.4398    
   142.7500       870.0804    
   143.0000       830.6707    
   143.2500       789.3297    
   143.5000       747.7162    
   143.7500       707.8737    
   144.0000       671.8458    
   144.2500       641.0714    
   144.5000       614.5700    
   144.7500       590.7565    
   145.0000       568.0457    
   145.2500       545.0312    
   145.5000       521.0219    
   145.7500       495.5058    
   146.0000       467.9707    
   146.2500       438.2872    
   146.5000       407.8572    
   146.7500       378.4652    
   147.0000       351.8957    
   147.2500       329.4949    
   147.5000       310.8548    
   147.7500       295.1289    
   148.0000       281.4707    
   148.2500       269.1340    
   148.5000       257.7729    
   148.7500       247.1420    
   149.0000       236.9957    
   149.2500       227.2025    
   149.5000       218.0872    
   149.7500       210.0887    
   150.0000       203.6457    
   150.2500       198.9888    
   150.5000       195.5150    
   150.7500       192.4128    
   151.0000       188.8707    
   151.2500       184.2282    
   151.5000       178.4271    
   151.7500       171.5604    
   152.0000       163.7207    
   152.2500       155.0221    
   152.5000       145.6634    
   152.7500       135.8646    
 
 "IV theory
   54.25000       78.16652    
   54.50000       83.18955    
   54.75000       88.48557    
   55.00000       94.04182    
   55.25000       99.84145    
   55.50000       105.8513    
   55.75000       112.0341    
   56.00000       118.3526    
   56.25000       124.7675    
   56.50000       131.2323    
   56.75000       137.6983    
   57.00000       144.1168    
   57.25000       150.4395    
   57.50000       156.6183    
   57.75000       162.6055    
   58.00000       168.3531    
   58.25000       173.8158    
   58.50000       178.9581    
   58.75000       183.7472    
   59.00000       188.1501    
   59.25000       192.1385    
   59.50000       195.7021    
   59.75000       198.8356    
   60.00000       201.5334    
   60.25000       203.7919    
   60.50000       205.6161    
   60.75000       207.0128    
   61.00000       207.9890    
   61.25000       208.5515    
   61.50000       208.7070    
   61.75000       208.4623    
   62.00000       207.8241    
   62.25000       206.8000    
   62.50000       205.4018    
   62.75000       203.6417    
   63.00000       201.5324    
   63.25000       199.0880    
   63.50000       196.3299    
   63.75000       193.2807    
   64.00000       189.9635    
   64.25000       186.4017    
   64.50000       182.6225    
   64.75000       178.6533    
   65.00000       174.5219    
   65.25000       170.2559    
   65.50000       165.8827    
   65.75000       161.4296    
   66.00000       156.9241    
   66.25000       152.3924    
   66.50000       147.8569    
   66.75000       143.3388    
   67.00000       138.8593    
   67.25000       134.4379    
   67.50000       130.0864    
   67.75000       125.8150    
   68.00000       121.6336    
   68.25000       117.5515    
   68.50000       113.5745    
   68.75000       109.7076    
   69.00000       105.9557    
   69.25000       102.3238    
   69.50000       98.81695    
   69.75000       95.44020    
   70.00000       92.19862    
   70.25000       89.09697    
   70.50000       86.13898    
   70.75000       83.32806    
   71.00000       80.66766    
   71.25000       78.16071    
   71.50000       75.80824    
   71.75000       73.61076    
   72.00000       71.56880    
   72.25000       69.68268    
   72.50000       67.95184    
   72.75000       66.37550    
   73.00000       64.95290    
   73.25000       63.68324    
   73.50000       62.56570    
   73.75000       61.59946    
   74.00000       60.78366    
   74.25000       60.11691    
   74.50000       59.59547    
   74.75000       59.21508    
   75.00000       58.97141    
   75.25000       58.85912    
   75.50000       58.86870    
   75.75000       58.98957    
   76.00000       59.21115    
   76.25000       59.52237    
   76.50000       59.91027    
   76.75000       60.36134    
   77.00000       60.86212    
   77.25000       61.39916    
   77.50000       61.95916    
   77.75000       62.52885    
   78.00000       63.09494    
   78.25000       63.64488    
   78.50000       64.16895    
   78.75000       64.65816    
   79.00000       65.10348    
   79.25000       65.49722    
   79.50000       65.83693    
   79.75000       66.12141    
   80.00000       66.34950    
   80.25000       66.52064    
   80.50000       66.63660    
   80.75000       66.69978    
   81.00000       66.71257    
   81.25000       66.67735    
   81.50000       66.59644    
   81.75000       66.47220    
   82.00000       66.30696    
   82.25000       66.10332    
   82.50000       65.86498    
   82.75000       65.59589    
   83.00000       65.30000    
   83.25000       64.98177    
   83.50000       64.64758    
   83.75000       64.30428    
   84.00000       63.95875    
   84.25000       63.61806    
   84.50000       63.29021    
   84.75000       62.98340    
   85.00000       62.70583    
   85.25000       62.46569    
   85.50000       62.27113    
   85.75000       62.13029    
   86.00000       62.05128    
   86.25000       62.04204    
   86.50000       62.10968    
   86.75000       62.26110    
   87.00000       62.50323    
   87.25000       62.84258    
   87.50000       63.28416    
   87.75000       63.83263    
   88.00000       64.49261    
   88.25000       65.26859    
   88.50000       66.16437    
   88.75000       67.18361    
   89.00000       68.32996    
   89.25000       69.60705    
   89.50000       71.01842    
   89.75000       72.56761    
   90.00000       74.25813    
   90.25000       76.09265    
   90.50000       78.07027    
   90.75000       80.18925    
   91.00000       82.44781    
   91.25000       84.84260    
   91.50000       87.36382    
   91.75000       90.00014    
   92.00000       92.74018    
   92.25000       95.57182    
   92.50000       98.47998    
   92.75000       101.4489    
   93.00000       104.4627    
   93.25000       107.5056    
   93.50000       110.5622    
   93.75000       113.6168    
   94.00000       116.6540    
   94.25000       119.6594    
   94.50000       122.6226    
   94.75000       125.5345    
   95.00000       128.3858    
   95.25000       131.1693    
   95.50000       133.8854    
   95.75000       136.5364    
   96.00000       139.1246    
   96.25000       141.6534    
   96.50000       144.1293    
   96.75000       146.5601    
   97.00000       148.9534    
   97.25000       151.3167    
   97.50000       153.6575    
   97.75000       155.9832    
   98.00000       158.3011    
   98.25000       160.6182    
   98.50000       162.9394    
   98.75000       165.2692    
   99.00000       167.6119    
   99.25000       169.9712    
   99.50000       172.3469    
   99.75000       174.7380    
   100.0000       177.1434    
   100.2500       179.5619    
   100.5000       181.9902    
   100.7500       184.4248    
   101.0000       186.8623    
   101.2500       189.2992    
   101.5000       191.7320    
   101.7500       194.1574    
   102.0000       196.5717    
   102.2500       198.9718    
   102.5000       201.3543    
   102.7500       203.7159    
   103.0000       206.0534    
   103.2500       208.3636    
   103.5000       210.6434    
   103.7500       212.8901    
   104.0000       215.1007    
   104.2500       217.2724    
   104.5000       219.4023    
   104.7500       221.4876    
   105.0000       223.5253    
   105.2500       225.5128    
   105.5000       227.4476    
   105.7500       229.3272    
   106.0000       231.1493    
   106.2500       232.9141    
   106.5000       234.6328    
   106.7500       236.3189    
   107.0000       237.9863    
   107.2500       239.6535    
   107.5000       241.3586    
   107.7500       243.1447    
   108.0000       245.0548    
   108.2500       247.1342    
   108.5000       249.4372    
   108.7500       252.0203    
   109.0000       254.9403    
   109.2500       258.2534    
   109.5000       262.0154    
   109.7500       266.2820    
   110.0000       271.1088    
   110.2500       276.5480    
   110.5000       282.6386    
   110.7500       289.4164    
   111.0000       296.9169    
   111.2500       305.1697    
   111.5000       314.1799    
   111.7500       323.9464    
   112.0000       334.4684    
   112.2500       345.7419    
   112.5000       357.7522    
   112.7500       370.4815    
   113.0000       383.9123    
   113.2500       398.0269    
   113.5000       412.8079    
   113.7500       428.2379    
   114.0000       444.2998    
   114.2500       460.9750    
   114.5000       478.2417    
   114.7500       496.0768    
   115.0000       514.4573    
   115.2500       533.3586    
   115.5000       552.7496    
   115.7500       572.5972    
   116.0000       592.8684    
   116.2500       613.5298    
   116.5000       634.5442    
   116.7500       655.8741    
   117.0000       677.4818    
   117.2500       699.3297    
   117.5000       721.3807    
   117.7500       743.5984    
   118.0000       765.9457    
   118.2500       788.3905    
   118.5000       810.9191    
   118.7500       833.5223    
   119.0000       856.1910    
   119.2500       878.9243    
   119.5000       901.7551    
   119.7500       924.7242    
   120.0000       947.8730    
   120.2500       971.2462    
   120.5000       994.9048    
   120.7500       1018.913    
   121.0000       1043.336    
   121.2500       1068.238    
   121.5000       1093.680    
   121.7500       1119.726    
   122.0000       1146.436    
   122.2500       1173.862    
   122.5000       1202.008    
   122.7500       1230.866    
   123.0000       1260.431    
   123.2500       1290.673    
   123.5000       1321.482    
   123.7500       1352.723    
   124.0000       1384.264    
   124.2500       1415.963    
   124.5000       1447.638    
   124.7500       1479.098    
   125.0000       1510.153    
   125.2500       1540.612    
   125.5000       1570.286    
   125.7500       1598.989    
   126.0000       1626.532    
   126.2500       1652.739    
   126.5000       1677.469    
   126.7500       1700.594    
   127.0000       1721.985    
   127.2500       1741.531    
   127.5000       1759.192    
   127.7500       1774.948    
   128.0000       1788.775    
   128.2500       1800.663    
   128.5000       1810.629    
   128.7500       1818.701    
   129.0000       1824.907    
   129.2500       1829.274    
   129.5000       1831.829    
   129.7500       1832.599    
   130.0000       1831.609    
   130.2500       1828.890    
   130.5000       1824.478    
   130.7500       1818.414    
   131.0000       1810.739    
   131.2500       1801.495    
   131.5000       1790.745    
   131.7500       1778.552    
   132.0000       1764.980    
   132.2500       1750.096    
   132.5000       1733.973    
   132.7500       1716.686    
   133.0000       1698.312    
   133.2500       1678.926    
   133.5000       1658.602    
   133.7500       1637.416    
   134.0000       1615.441    
   134.2500       1592.750    
   134.5000       1569.400    
   134.7500       1545.448    
   135.0000       1520.947    
   135.2500       1495.948    
   135.5000       1470.476    
   135.7500       1444.551    
   136.0000       1418.192    
   136.2500       1391.416    
   136.5000       1364.229    
   136.7500       1336.634    
   137.0000       1308.635    
   137.2500       1280.234    
   137.5000       1251.437    
   137.7500       1222.246    
   138.0000       1192.668    
   138.2500       1162.710    
   138.5000       1132.397    
   138.7500       1101.759    
   139.0000       1070.824    
   139.2500       1039.631    
   139.5000       1008.246    
   139.7500       976.7437    
   140.0000       945.1998    
   140.2500       913.6924    
   140.5000       882.3143    
   140.7500       851.1612    
   141.0000       820.3293    
   141.2500       789.9144    
   141.5000       760.0112    
   141.7500       730.7141    
   142.0000       702.1179    
   142.2500       674.3113    
   142.5000       647.3618    
   142.7500       621.3310    
   143.0000       596.2807    
   143.2500       572.2627    
   143.5000       549.2887    
   143.7500       527.3604    
   144.0000       506.4794    
   144.2500       486.6429    
   144.5000       467.8300    
   144.7500       450.0149    
   145.0000       433.1719    
   145.2500       417.2757    
   145.5000       402.3011    
   145.7500       388.2231    
   146.0000       375.0166    
   146.2500       362.6560    
   146.5000       351.1122    
   146.7500       340.3557    
   147.0000       330.3566    
   147.2500       321.0839    
   147.5000       312.5011    
   147.7500       304.5705    
   148.0000       297.2541    
   148.2500       290.5134    
   148.5000       284.3073    
   148.7500       278.5944    
   149.0000       273.3326    
   149.2500       268.4806    
   149.5000       263.9970    
   149.7500       259.8404    
   150.0000       255.9696    
   150.2500       252.3451    
   150.5000       248.9346    
   150.7500       245.7073    
   151.0000       242.6326    
   151.2500       239.6832    
   151.5000       236.8447    
   151.7500       234.1059    
   152.0000       231.4558    
   152.2500       228.8846    
   152.5000       226.3885    
   152.7500       223.9653    
 
