TitleText: Ni(001)-(5x5)-Li     Beam (3/5,2/5)            Rfac10=0.3376
 "IV exp
   40.25000       3386.092    
   40.50000       2995.864    
   40.75000       2632.948    
   41.00000       2311.001    
   41.25000       2040.665    
   41.50000       1820.531    
   41.75000       1646.176    
   42.00000       1513.176    
   42.25000       1416.569    
   42.50000       1349.233    
   42.75000       1303.506    
   43.00000       1271.726    
   43.25000       1247.755    
   43.50000       1231.550    
   43.75000       1224.588    
   44.00000       1228.351    
   44.25000       1243.447    
   44.50000       1267.005    
   44.75000       1295.287    
   45.00000       1324.551    
   45.25000       1350.902    
   45.50000       1369.825    
   45.75000       1376.648    
   46.00000       1366.701    
   46.25000       1338.949    
   46.50000       1306.903    
   46.75000       1287.713    
   47.00000       1298.526    
   47.25000       1356.531    
   47.50000       1479.080    
   47.75000       1683.564    
   48.00000       1987.376    
   48.25000       2402.518    
   48.50000       2919.436    
   48.75000       3523.187    
   49.00000       4198.826    
   49.25000       4937.542    
   49.50000       5755.042    
   49.75000       6673.165    
   50.00000       7713.751    
   50.25000       8894.861    
   50.50000       10219.46    
   50.75000       11686.75    
   51.00000       13295.90    
   51.25000       15039.02    
   51.50000       16879.81    
   51.75000       18774.88    
   52.00000       20680.85    
   52.25000       22562.94    
   52.50000       24420.83    
   52.75000       26262.85    
   53.00000       28097.30    
   53.25000       29928.63    
   53.50000       31745.86    
   53.75000       33534.12    
   54.00000       35278.58    
   54.25000       36961.45    
   54.50000       38553.25    
   54.75000       40021.55    
   55.00000       41333.95    
   55.25000       42461.15    
   55.50000       43386.33    
   55.75000       44095.80    
   56.00000       44575.88    
   56.25000       44813.02    
   56.50000       44794.35    
   56.75000       44507.12    
   57.00000       43938.62    
   57.25000       43082.30    
   57.50000       41956.37    
   57.75000       40585.21    
   58.00000       38993.23    
   58.25000       37210.13    
   58.50000       35286.99    
   58.75000       33280.18    
   59.00000       31246.08    
   59.25000       29236.13    
   59.50000       27282.03    
   59.75000       25410.51    
   60.00000       23648.33    
   60.25000       22014.09    
   60.50000       20493.88    
   60.75000       19065.62    
   61.00000       17707.25    
   61.25000       16398.31    
   61.50000       15124.69    
   61.75000       13873.86    
   62.00000       12633.33    
   62.25000       11398.45    
   62.50000       10196.15    
   62.75000       9061.248    
   63.00000       8028.551    
   63.25000       7125.536    
   63.50000       6350.334    
   63.75000       5693.740    
   64.00000       5146.551    
   64.25000       4694.223    
   64.50000       4300.861    
   64.75000       3925.231    
   65.00000       3526.101    
   65.25000       3076.353    
   65.50000       2605.335    
   65.75000       2156.513    
   66.00000       1773.351    
   66.25000       1492.239    
   66.50000       1321.265    
   66.75000       1261.439    
   67.00000       1313.776    
   67.25000       1471.109    
   67.50000       1693.571    
   67.75000       1933.117    
   68.00000       2141.701    
   68.25000       2282.583    
   68.50000       2364.242    
   68.75000       2406.462    
   69.00000       2429.026    
   69.25000       2446.934    
   69.50000       2456.049    
   69.75000       2447.453    
   70.00000       2412.226    
   70.25000       2344.070    
   70.50000       2247.177    
   70.75000       2128.358    
   71.00000       1994.426    
   71.25000       1854.766    
   71.50000       1729.052    
   71.75000       1639.532    
   72.00000       1608.451    
   72.25000       1652.397    
   72.50000       1765.322    
   72.75000       1935.518    
   73.00000       2151.276    
   73.25000       2399.666    
   73.50000       2662.867    
   73.75000       2921.835    
   74.00000       3157.526    
   74.25000       3355.663    
   74.50000       3521.034    
   74.75000       3663.195    
   75.00000       3791.701    
   75.25000       3916.439    
   75.50000       4048.619    
   75.75000       4199.783    
   76.00000       4381.476    
   76.25000       4595.717    
   76.50000       4806.450    
   76.75000       4968.096    
   77.00000       5035.076    
   77.25000       4972.345    
   77.50000       4786.983    
   77.75000       4496.606    
   78.00000       4118.826    
   78.25000       3671.229    
   78.50000       3171.290    
   78.75000       2636.457    
 
 "IV theory
   40.25000       16616.05    
   40.50000       16259.61    
   40.75000       15882.28    
   41.00000       15487.00    
   41.25000       15076.68    
   41.50000       14654.22    
   41.75000       14222.52    
   42.00000       13784.48    
   42.25000       13342.97    
   42.50000       12900.87    
   42.75000       12461.05    
   43.00000       12026.39    
   43.25000       11599.74    
   43.50000       11183.91    
   43.75000       10781.71    
   44.00000       10395.94    
   44.25000       10029.41    
   44.50000       9684.898    
   44.75000       9365.198    
   45.00000       9073.094    
   45.25000       8811.367    
   45.50000       8582.774    
   45.75000       8390.064    
   46.00000       8235.987    
   46.25000       8123.076    
   46.50000       8052.994    
   46.75000       8027.193    
   47.00000       8047.124    
   47.25000       8113.836    
   47.50000       8226.803    
   47.75000       8385.099    
   48.00000       8587.797    
   48.25000       8833.793    
   48.50000       9121.267    
   48.75000       9448.214    
   49.00000       9812.633    
   49.25000       10212.53    
   49.50000       10645.89    
   49.75000       11110.75    
   50.00000       11605.09    
   50.25000       12126.82    
   50.50000       12673.30    
   50.75000       13241.81    
   51.00000       13829.61    
   51.25000       14433.74    
   51.50000       15050.35    
   51.75000       15675.37    
   52.00000       16304.74    
   52.25000       16934.26    
   52.50000       17559.37    
   52.75000       18175.35    
   53.00000       18777.51    
   53.25000       19361.18    
   53.50000       19921.71    
   53.75000       20454.45    
   54.00000       20954.77    
   54.25000       21418.25    
   54.50000       21841.35    
   54.75000       22220.73    
   55.00000       22553.08    
   55.25000       22835.46    
   55.50000       23066.56    
   55.75000       23245.46    
   56.00000       23371.24    
   56.25000       23443.17    
   56.50000       23461.21    
   56.75000       23425.55    
   57.00000       23336.34    
   57.25000       23193.75    
   57.50000       22997.97    
   57.75000       22749.16    
   58.00000       22447.52    
   58.25000       22093.47    
   58.50000       21688.55    
   58.75000       21234.51    
   59.00000       20733.13    
   59.25000       20186.66    
   59.50000       19599.29    
   59.75000       18975.66    
   60.00000       18320.45    
   60.25000       17638.52    
   60.50000       16935.64    
   60.75000       16217.82    
   61.00000       15491.04    
   61.25000       14761.28    
   61.50000       14034.44    
   61.75000       13316.43    
   62.00000       12613.14    
   62.25000       11930.08    
   62.50000       11271.36    
   62.75000       10640.66    
   63.00000       10041.72    
   63.25000       9477.569    
   63.50000       8948.604    
   63.75000       8454.544    
   64.00000       7995.105    
   64.25000       7569.707    
   64.50000       7176.545    
   64.75000       6813.517    
   65.00000       6478.519    
   65.25000       6169.455    
   65.50000       5884.277    
   65.75000       5620.946    
   66.00000       5377.423    
   66.25000       5151.753    
   66.50000       4942.323    
   66.75000       4747.604    
   67.00000       4566.066    
   67.25000       4396.341    
   67.50000       4237.699    
   67.75000       4089.569    
   68.00000       3951.381    
   68.25000       3822.636    
   68.50000       3703.128    
   68.75000       3592.721    
   69.00000       3491.280    
   69.25000       3398.667    
   69.50000       3314.734    
   69.75000       3239.334    
   70.00000       3172.316    
   70.25000       3113.516    
   70.50000       3062.711    
   70.75000       3019.667    
   71.00000       2984.146    
   71.25000       2955.885    
   71.50000       2934.510    
   71.75000       2919.620    
   72.00000       2910.815    
   72.25000       2907.681    
   72.50000       2909.754    
   72.75000       2916.558    
   73.00000       2927.617    
   73.25000       2942.457    
   73.50000       2960.604    
   73.75000       2981.586    
   74.00000       3004.929    
   74.25000       3030.172    
   74.50000       3056.885    
   74.75000       3084.648    
   75.00000       3113.042    
   75.25000       3141.664    
   75.50000       3170.173    
   75.75000       3198.249    
   76.00000       3225.569    
   76.25000       3251.818    
   76.50000       3276.710    
   76.75000       3299.966    
   77.00000       3321.304    
   77.25000       3340.448    
   77.50000       3357.121    
   77.75000       3371.047    
   78.00000       3381.951    
   78.25000       3389.587    
   78.50000       3393.820    
   78.75000       3394.546    
 
