TitleText: Ni(001)-(5x5)-Li     Beam (4/5,2/5)            Rfac10=0.3529
 "IV exp
   48.25000       4073.056    
   48.50000       4090.016    
   48.75000       4116.646    
   49.00000       4157.782    
   49.25000       4219.162    
   49.50000       4310.121    
   49.75000       4440.898    
   50.00000       4621.732    
   50.25000       4864.519    
   50.50000       5187.784    
   50.75000       5611.710    
   51.00000       6156.482    
   51.25000       6841.917    
   51.50000       7686.369    
   51.75000       8707.828    
   52.00000       9924.282    
   52.25000       11344.38    
   52.50000       12939.41    
   52.75000       14671.31    
   53.00000       16502.03    
   53.25000       18395.65    
   53.50000       20324.84    
   53.75000       22264.38    
   54.00000       24189.08    
   54.25000       26077.60    
   54.50000       27924.10    
   54.75000       29726.60    
   55.00000       31483.13    
   55.25000       33184.82    
   55.50000       34795.31    
   55.75000       36271.30    
   56.00000       37569.53    
   56.25000       38648.52    
   56.50000       39473.92    
   56.75000       40013.16    
   57.00000       40233.68    
   57.25000       40113.00    
   57.50000       39669.00    
   57.75000       38929.67    
   58.00000       37922.98    
   58.25000       36676.45    
   58.50000       35215.71    
   58.75000       33565.91    
   59.00000       31752.23    
   59.25000       29796.43    
   59.50000       27706.65    
   59.75000       25487.65    
   60.00000       23144.18    
   60.25000       20692.03    
   60.50000       18191.17    
   60.75000       15712.62    
   61.00000       13327.38    
   61.25000       11104.90    
   61.50000       9108.284    
   61.75000       7399.044    
   62.00000       6038.707    
   62.25000       5067.973    
   62.50000       4444.256    
   62.75000       4104.153    
   63.00000       3984.257    
   63.25000       4036.318    
   63.50000       4272.706    
   63.75000       4720.944    
   64.00000       5408.557    
   64.25000       6364.429    
   64.50000       7622.882    
   64.75000       9219.599    
   65.00000       11190.26    
   65.25000       13547.79    
   65.50000       16214.09    
   65.75000       19088.30    
   66.00000       22069.58    
   66.25000       25076.14    
   66.50000       28102.50    
   66.75000       31162.23    
   67.00000       34268.93    
   67.25000       37430.66    
   67.50000       40633.37    
   67.75000       43857.50    
   68.00000       47083.48    
   68.25000       50280.00    
   68.50000       53368.72    
   68.75000       56259.54    
   69.00000       58862.38    
   69.25000       61105.02    
   69.50000       62986.70    
   69.75000       64524.55    
   70.00000       65735.68    
   70.25000       66635.88    
   70.50000       67235.52    
   70.75000       67543.62    
   71.00000       67569.23    
   71.25000       67315.45    
   71.50000       66761.74    
   71.75000       65881.66    
   72.00000       64648.76    
   72.25000       63050.09    
   72.50000       61126.68    
   72.75000       58933.05    
   73.00000       56523.76    
   73.25000       53951.52    
   73.50000       51261.95    
   73.75000       48498.81    
   74.00000       45705.93    
   74.25000       42915.83    
   74.50000       40115.94    
   74.75000       37282.42    
   75.00000       34391.43    
   75.25000       31428.31    
   75.50000       28415.05    
   75.75000       25382.85    
   76.00000       22362.86    
   76.25000       19393.62    
   76.50000       16543.02    
   76.75000       13886.33    
   77.00000       11498.78    
   77.25000       9446.218    
   77.50000       7756.789    
   77.75000       6449.232    
   78.00000       5542.282    
   78.25000       5035.442    
   78.50000       4851.282    
   78.75000       4893.141    
   79.00000       5064.357    
   79.25000       5275.922    
   79.50000       5469.437    
   79.75000       5594.155    
   80.00000       5599.332    
   80.25000       5453.225    
   80.50000       5200.111    
   80.75000       4903.270    
   81.00000       4625.982    
   81.25000       4420.913    
   81.50000       4298.265    
   81.75000       4257.625    
   82.00000       4298.583    
   82.25000       4411.377    
   82.50000       4548.868    
   82.75000       4654.565    
   83.00000       4671.982    
   83.25000       4560.383    
   83.50000       4342.041    
   83.75000       4054.981    
   84.00000       3737.232    
   84.25000       3425.422    
   84.50000       3150.590    
   84.75000       2942.379    
   85.00000       2830.432    
   85.25000       2832.005    
   85.50000       2914.806    
   85.75000       3034.158    
   86.00000       3145.382    
   86.25000       3213.383    
   86.50000       3241.394    
   86.75000       3242.230    
   87.00000       3228.707    
   87.25000       3211.680    
   87.50000       3194.151    
   87.75000       3177.163    
   88.00000       3161.757    
   88.25000       3149.789    
   88.50000       3146.362    
   88.75000       3157.396    
   89.00000       3188.807    
   89.25000       3254.447    
   89.50000       3399.894    
   89.75000       3678.660    
   90.00000       4144.257    
   90.25000       4844.845    
   90.50000       5807.179    
   90.75000       7052.665    
   91.00000       8602.707    
   91.25000       10477.17    
   91.50000       12689.72    
   91.75000       15252.51    
   92.00000       18177.68    
   92.25000       21475.19    
   92.50000       25146.28    
   92.75000       29190.03    
   93.00000       33605.53    
   93.25000       38372.25    
   93.50000       43391.26    
   93.75000       48544.05    
   94.00000       53712.11    
   94.25000       58779.68    
   94.50000       63642.09    
   94.75000       68197.45    
   95.00000       72343.85    
   95.25000       76012.38    
   95.50000       79265.93    
   95.75000       82200.41    
   96.00000       84911.71    
   96.25000       87476.70    
   96.50000       89896.16    
   96.75000       92151.91    
   97.00000       94225.71    
   97.25000       96092.25    
   97.50000       97697.79    
   97.75000       98981.46    
   98.00000       99882.43    
   98.25000       100358.0    
   98.50000       100438.5    
   98.75000       100172.2    
   99.00000       99607.65    
   99.25000       98786.68    
   99.50000       97725.50    
   99.75000       96433.77    
   100.0000       94921.23    
   100.2500       93196.48    
   100.5000       91264.10    
   100.7500       89127.55    
   101.0000       86790.32    
   101.2500       84251.70    
   101.5000       81494.05    
   101.7500       78495.56    
   102.0000       75234.43    
   102.2500       71699.24    
   102.5000       67920.38    
   102.7500       63938.66    
   103.0000       59794.89    
   103.2500       55538.98    
   103.5000       51257.26    
   103.7500       47045.16    
   104.0000       42998.13    
   104.2500       39192.19    
   104.5000       35625.75    
   104.7500       32277.83    
   105.0000       29127.43    
   105.2500       26156.50    
   105.5000       23358.66    
   105.7500       20730.43    
   106.0000       18268.38    
   106.2500       15979.66    
   106.5000       13913.96    
   106.7500       12131.58    
   107.0000       10692.83    
   107.2500       9634.988    
   107.5000       8903.175    
   107.7500       8419.484    
   108.0000       8106.007    
   108.2500       7892.390    
   108.5000       7738.483    
   108.7500       7611.695    
   109.0000       7479.432    
   109.2500       7316.118    
   109.5000       7124.251    
   109.7500       6913.351    
 
 "IV theory
   48.25000       35006.78    
   48.50000       33630.04    
   48.75000       32285.56    
   49.00000       30991.32    
   49.25000       29765.22    
   49.50000       28624.94    
   49.75000       27588.07    
   50.00000       26672.21    
   50.25000       25893.38    
   50.50000       25261.21    
   50.75000       24783.73    
   51.00000       24468.97    
   51.25000       24322.07    
   51.50000       24336.49    
   51.75000       24502.75    
   52.00000       24811.42    
   52.25000       25251.70    
   52.50000       25807.47    
   52.75000       26461.27    
   53.00000       27195.65    
   53.25000       27993.20    
   53.50000       28836.73    
   53.75000       29709.09    
   54.00000       30593.14    
   54.25000       31472.21    
   54.50000       32331.61    
   54.75000       33157.12    
   55.00000       33934.52    
   55.25000       34650.52    
   55.50000       35295.48    
   55.75000       35860.70    
   56.00000       36337.45    
   56.25000       36717.41    
   56.50000       36993.91    
   56.75000       37160.63    
   57.00000       37211.31    
   57.25000       37139.65    
   57.50000       36939.54    
   57.75000       36604.84    
   58.00000       36129.44    
   58.25000       35508.63    
   58.50000       34743.41    
   58.75000       33836.14    
   59.00000       32789.23    
   59.25000       31607.62    
   59.50000       30306.58    
   59.75000       28903.95    
   60.00000       27417.55    
   60.25000       25866.41    
   60.50000       24274.30    
   60.75000       22666.20    
   61.00000       21067.07    
   61.25000       19501.81    
   61.50000       17994.96    
   61.75000       16571.00    
   62.00000       15254.42    
   62.25000       14068.00    
   62.50000       13027.78    
   62.75000       12148.09    
   63.00000       11443.28    
   63.25000       10924.60    
   63.50000       10590.88    
   63.75000       10437.88    
   64.00000       10461.35    
   64.25000       10655.61    
   64.50000       11009.36    
   64.75000       11509.86    
   65.00000       12144.39    
   65.25000       12900.27    
   65.50000       13764.97    
   65.75000       14726.00    
   66.00000       15770.88    
   66.25000       16887.18    
   66.50000       18062.60    
   66.75000       19284.92    
   67.00000       20541.88    
   67.25000       21821.35    
   67.50000       23111.58    
   67.75000       24400.93    
   68.00000       25677.73    
   68.25000       26930.38    
   68.50000       28147.40    
   68.75000       29317.37    
   69.00000       30428.83    
   69.25000       31470.39    
   69.50000       32430.71    
   69.75000       33298.52    
   70.00000       34062.50    
   70.25000       34712.20    
   70.50000       35240.51    
   70.75000       35641.18    
   71.00000       35907.93    
   71.25000       36036.04    
   71.50000       36026.87    
   71.75000       35883.35    
   72.00000       35608.38    
   72.25000       35205.57    
   72.50000       34681.33    
   72.75000       34042.72    
   73.00000       33296.85    
   73.25000       32450.78    
   73.50000       31511.54    
   73.75000       30486.13    
   74.00000       29381.54    
   74.25000       28204.98    
   74.50000       26964.37    
   74.75000       25667.84    
   75.00000       24323.51    
   75.25000       22939.83    
   75.50000       21526.56    
   75.75000       20093.77    
   76.00000       18651.56    
   76.25000       17210.15    
   76.50000       15780.44    
   76.75000       14373.44    
   77.00000       13000.18    
   77.25000       11671.67    
   77.50000       10398.78    
   77.75000       9192.358    
   78.00000       8063.251    
   78.25000       7021.394    
   78.50000       6073.067    
   78.75000       5223.646    
   79.00000       4478.501    
   79.25000       3841.339    
   79.50000       3309.203    
   79.75000       2877.471    
   80.00000       2541.523    
   80.25000       2295.973    
   80.50000       2132.385    
   80.75000       2041.560    
   81.00000       2014.298    
   81.25000       2041.434    
   81.50000       2113.931    
   81.75000       2222.785    
   82.00000       2358.992    
   82.25000       2513.937    
   82.50000       2680.554    
   82.75000       2852.165    
   83.00000       3022.092    
   83.25000       3184.377    
   83.50000       3335.947    
   83.75000       3474.447    
   84.00000       3597.523    
   84.25000       3703.146    
   84.50000       3790.574    
   84.75000       3859.387    
   85.00000       3909.167    
   85.25000       3939.503    
   85.50000       3950.020    
   85.75000       3940.347    
   86.00000       3910.116    
   86.25000       3859.569    
   86.50000       3791.383    
   86.75000       3708.847    
   87.00000       3615.246    
   87.25000       3514.971    
   87.50000       3416.825    
   87.75000       3330.713    
   88.00000       3266.538    
   88.25000       3234.720    
   88.50000       3247.731    
   88.75000       3318.557    
   89.00000       3460.184    
   89.25000       3685.550    
   89.50000       4007.403    
   89.75000       4438.444    
   90.00000       4991.375    
   90.25000       5677.740    
   90.50000       6504.475    
   90.75000       7477.358    
   91.00000       8602.170    
   91.25000       9882.581    
   91.50000       11313.81    
   91.75000       12888.96    
   92.00000       14601.15    
   92.25000       16442.52    
   92.50000       18401.37    
   92.75000       20465.03    
   93.00000       22620.82    
   93.25000       24856.12    
   93.50000       27158.38    
   93.75000       29515.11    
   94.00000       31913.81    
   94.25000       34341.96    
   94.50000       36787.07    
   94.75000       39236.67    
   95.00000       41678.25    
   95.25000       44099.35    
   95.50000       46487.60    
   95.75000       48830.64    
   96.00000       51116.14    
   96.25000       53331.72    
   96.50000       55465.04    
   96.75000       57503.75    
   97.00000       59435.48    
   97.25000       61247.90    
   97.50000       62928.84    
   97.75000       64466.14    
   98.00000       65847.66    
   98.25000       67062.44    
   98.50000       68104.29    
   98.75000       68968.20    
   99.00000       69649.21    
   99.25000       70144.49    
   99.50000       70459.95    
   99.75000       70603.62    
   100.0000       70583.57    
   100.2500       70408.88    
   100.5000       70092.57    
   100.7500       69648.70    
   101.0000       69091.27    
   101.2500       68434.32    
   101.5000       67691.66    
   101.7500       66877.12    
   102.0000       66004.51    
   102.2500       65087.27    
   102.5000       64137.51    
   102.7500       63166.94    
   103.0000       62187.31    
   103.2500       61209.71    
   103.5000       60242.62    
   103.7500       59293.89    
   104.0000       58371.37    
   104.2500       57482.61    
   104.5000       56634.02    
   104.7500       55831.70    
   105.0000       55081.79    
   105.2500       54390.38    
   105.5000       53763.52    
   105.7500       53207.28    
   106.0000       52727.69    
   106.2500       52330.14    
   106.5000       52017.41    
   106.7500       51791.59    
   107.0000       51654.78    
   107.2500       51607.89    
   107.5000       51647.05    
   107.7500       51767.20    
   108.0000       51963.25    
   108.2500       52229.59    
   108.5000       52558.44    
   108.7500       52941.43    
   109.0000       53370.22    
   109.2500       53836.48    
   109.5000       54331.96    
   109.7500       54848.44    
 
