TitleText: Ni(001)-(5x5)-Li     Beam (1,2/5)              Rfac10=0.0769
 "IV exp
   63.25000       188.8204    
   63.50000       185.5256    
   63.75000       182.5239    
   64.00000       179.9616    
   64.25000       177.9638    
   64.50000       176.5695    
   64.75000       175.7963    
   65.00000       175.6616    
   65.25000       176.1830    
   65.50000       177.3783    
   65.75000       179.2653    
   66.00000       181.8616    
   66.25000       185.1861    
   66.50000       189.2617    
   66.75000       194.1123    
   67.00000       199.7616    
   67.25000       206.2198    
   67.50000       213.4412    
   67.75000       221.3666    
   68.00000       229.9366    
   68.25000       239.0662    
   68.50000       248.5680    
   68.75000       258.2291    
   69.00000       267.8366    
   69.25000       277.2054    
   69.50000       286.2626    
   69.75000       294.9630    
   70.00000       303.2616    
   70.25000       311.1098    
   70.50000       318.4449    
   70.75000       325.2009    
   71.00000       331.3116    
   71.25000       336.6864    
   71.50000       341.1367    
   71.75000       344.4494    
   72.00000       346.4116    
   72.25000       346.8456    
   72.50000       345.7156    
   72.75000       343.0211    
   73.00000       338.7616    
   73.25000       332.9756    
   73.50000       325.8578    
   73.75000       317.6419    
   74.00000       308.5616    
   74.25000       298.8458    
   74.50000       288.7039    
   74.75000       278.3409    
   75.00000       267.9616    
   75.25000       257.7380    
   75.50000       247.7117    
   75.75000       237.8916    
   76.00000       228.2866    
   76.25000       218.9438    
   76.50000       210.0627    
   76.75000       201.8810    
   77.00000       194.6366    
   77.25000       188.5542    
   77.50000       183.8073    
   77.75000       180.5562    
   78.00000       178.9616    
   78.25000       179.1285    
   78.50000       180.9404    
   78.75000       184.2254    
   79.00000       188.8116    
   79.25000       194.5435    
   79.50000       201.3319    
   79.75000       209.1039    
   80.00000       217.7866    
   80.25000       227.3017    
   80.50000       237.5484    
   80.75000       248.4205    
   81.00000       259.8116    
   81.25000       271.6014    
   81.50000       283.6129    
   81.75000       295.6550    
   82.00000       307.5366    
   82.25000       319.0562    
   82.50000       329.9697    
   82.75000       340.0230    
   83.00000       348.9616    
   83.25000       356.5738    
   83.50000       362.8185    
   83.75000       367.6973    
   84.00000       371.2116    
   84.25000       373.3909    
   84.50000       374.3759    
   84.75000       374.3349    
   85.00000       373.4366    
   85.25000       371.8329    
   85.50000       369.6102    
   85.75000       366.8381    
   86.00000       363.5866    
   86.25000       359.9212    
   86.50000       355.8906    
   86.75000       351.5392    
   87.00000       346.9116    
   87.25000       342.0339    
   87.50000       336.8596    
   87.75000       331.3237    
   88.00000       325.3616    
   88.25000       318.9288    
   88.50000       312.0627    
   88.75000       304.8210    
   89.00000       297.2616    
   89.25000       289.4474    
   89.50000       281.4624    
   89.75000       273.3958    
   90.00000       265.3366    
   90.25000       257.3754    
   90.50000       249.6074    
   90.75000       242.1289    
   91.00000       235.0366    
   91.25000       228.3980    
   91.50000       222.1653    
   91.75000       216.2620    
   92.00000       210.6116    
   92.25000       205.1449    
   92.50000       199.8230    
   92.75000       194.6140    
   93.00000       189.4866    
   93.25000       184.4723    
   93.50000       179.8562    
   93.75000       175.9866    
   94.00000       173.2116    
   94.25000       171.7615    
   94.50000       171.3936    
   94.75000       171.7472    
 
 "IV theory
   63.25000       99.99464    
   63.50000       94.96863    
   63.75000       90.40902    
   64.00000       86.39412    
   64.25000       83.00334    
   64.50000       80.32023    
   64.75000       78.42940    
   65.00000       77.41550    
   65.25000       77.36269    
   65.50000       78.35348    
   65.75000       80.46988    
   66.00000       83.79395    
   66.25000       88.39372    
   66.50000       94.28117    
   66.75000       101.4543    
   67.00000       109.9111    
   67.25000       119.6240    
   67.50000       130.4634    
   67.75000       142.2742    
   68.00000       154.9010    
   68.25000       168.1772    
   68.50000       181.8885    
   68.75000       195.8094    
   69.00000       209.7139    
   69.25000       223.3770    
   69.50000       236.5768    
   69.75000       249.0920    
   70.00000       260.7013    
   70.25000       271.1985    
   70.50000       280.4363    
   70.75000       288.2828    
   71.00000       294.6057    
   71.25000       299.3000    
   71.50000       302.3701    
   71.75000       303.8472    
   72.00000       303.7629    
   72.25000       302.1611    
   72.50000       299.1350    
   72.75000       294.7905    
   73.00000       289.2334    
   73.25000       282.5692    
   73.50000       274.9025    
   73.75000       266.3377    
   74.00000       256.9792    
   74.25000       246.9355    
   74.50000       236.3314    
   74.75000       225.2957    
   75.00000       213.9572    
   75.25000       202.4521    
   75.50000       190.9451    
   75.75000       179.6081    
   76.00000       168.6131    
   76.25000       158.1354    
   76.50000       148.3645    
   76.75000       139.4932    
   77.00000       131.7144    
   77.25000       125.2201    
   77.50000       120.1996    
   77.75000       116.8411    
   78.00000       115.3330    
   78.25000       115.8410    
   78.50000       118.4397    
   78.75000       123.1812    
   79.00000       130.1173    
   79.25000       139.2585    
   79.50000       150.4495    
   79.75000       163.4933    
   80.00000       178.1931    
   80.25000       194.3330    
   80.50000       211.6208    
   80.75000       229.7452    
   81.00000       248.3950    
   81.25000       267.2601    
   81.50000       286.0342    
   81.75000       304.4124    
   82.00000       322.0894    
   82.25000       338.7771    
   82.50000       354.2550    
   82.75000       368.3195    
   83.00000       380.7671    
   83.25000       391.4251    
   83.50000       400.2461    
   83.75000       407.2133    
   84.00000       412.3103    
   84.25000       415.5345    
   84.50000       416.9402    
   84.75000       416.5958    
   85.00000       414.5697    
   85.25000       410.9300    
   85.50000       405.7437    
   85.75000       399.0772    
   86.00000       390.9974    
   86.25000       381.5744    
   86.50000       370.8929    
   86.75000       359.0412    
   87.00000       346.1076    
   87.25000       332.1866    
   87.50000       317.3983    
   87.75000       301.8689    
   88.00000       285.7248    
   88.25000       269.0953    
   88.50000       252.1216    
   88.75000       234.9476    
   89.00000       217.7175    
   89.25000       200.5751    
   89.50000       183.6634    
   89.75000       167.1248    
   90.00000       151.1021    
   90.25000       135.7321    
   90.50000       121.1296    
   90.75000       107.4036    
   91.00000       94.66297    
   91.25000       83.00653    
   91.50000       72.49187    
   91.75000       63.16628    
   92.00000       55.07709    
   92.25000       48.26699    
   92.50000       42.76013    
   92.75000       38.57603    
   93.00000       35.73424    
   93.25000       34.25421    
   93.50000       34.15522    
   93.75000       35.45648    
   94.00000       38.17720    
   94.25000       42.33028    
   94.50000       47.90335    
   94.75000       54.87768    
 
