TitleText: Ni(001)-(5x5)-Li     Beam (1,3/5)              Rfac10=0.3393
 "IV exp
   64.25000       133.1775    
   64.50000       138.8265    
   64.75000       145.0769    
   65.00000       152.2292    
   65.25000       160.5108    
   65.50000       169.8558    
   65.75000       180.1250    
   66.00000       191.1792    
   66.25000       202.8739    
   66.50000       215.0440    
   66.75000       227.5192    
   67.00000       240.1292    
   67.25000       252.6893    
   67.50000       264.9587    
   67.75000       276.6821    
   68.00000       287.6042    
   68.25000       297.4866    
   68.50000       306.1585    
   68.75000       313.4657    
   69.00000       319.2542    
   69.25000       323.4252    
   69.50000       326.1011    
   69.75000       327.4599    
   70.00000       327.6792    
   70.25000       326.9518    
   70.50000       325.5308    
   70.75000       323.6839    
   71.00000       321.6792    
   71.25000       319.7601    
   71.50000       318.0727    
   71.75000       316.7385    
   72.00000       315.8792    
   72.25000       315.6012    
   72.50000       315.9505    
   72.75000       316.9579    
   73.00000       318.6542    
   73.25000       321.0312    
   73.50000       323.9254    
   73.75000       327.1339    
   74.00000       330.4542    
   74.25000       333.6871    
   74.50000       336.6481    
   74.75000       339.1559    
   75.00000       341.0292    
   75.25000       342.1089    
   75.50000       342.3229    
   75.75000       341.6213    
   76.00000       339.9542    
   76.25000       337.2533    
   76.50000       333.3790    
   76.75000       328.1736    
   77.00000       321.4792    
   77.25000       313.2076    
   77.50000       303.5484    
   77.75000       292.7609    
   78.00000       281.1042    
   78.25000       268.8578    
   78.50000       256.3835    
   78.75000       244.0633    
   79.00000       232.2792    
   79.25000       221.3309    
   79.50000       211.1892    
   79.75000       201.7425    
   80.00000       192.8792    
   80.25000       184.5098    
   80.50000       176.6344    
   80.75000       169.2751    
   81.00000       162.4541    
   81.25000       156.2023    
   81.50000       150.5854    
   81.75000       145.6779    
   82.00000       141.5542    
   82.25000       138.2433    
   82.50000       135.5927    
   82.75000       133.4040    
   83.00000       131.4792    
   83.25000       129.6442    
   83.50000       127.8221    
   83.75000       125.9597    
   84.00000       124.0042    
   84.25000       121.9176    
   84.50000       119.7222    
   84.75000       117.4553    
   85.00000       115.1542    
   85.25000       112.8456    
   85.50000       110.5142    
   85.75000       108.1340    
   86.00000       105.6792    
   86.25000       103.1290    
   86.50000       100.4836    
   86.75000       97.74854    
   87.00000       94.92916    
   87.25000       92.04319    
   87.50000       89.15755    
   87.75000       86.35148    
   88.00000       83.70416    
   88.25000       81.28612    
   88.50000       79.13299    
   88.75000       77.27169    
   89.00000       75.72916    
   89.25000       74.53886    
   89.50000       73.76045    
   89.75000       73.46016    
   90.00000       73.70416    
   90.25000       74.52637    
   90.50000       75.83139    
   90.75000       77.49155    
   91.00000       79.37916    
   91.25000       81.33766    
   91.50000       83.09518    
   91.75000       84.35093    
   92.00000       84.80416    
   92.25000       84.24986    
   92.50000       82.86598    
   92.75000       80.92619    
   93.00000       78.70416    
   93.25000       76.45267    
   93.50000       74.34086    
   93.75000       72.51694    
   94.00000       71.12916    
   94.25000       70.27691    
   94.50000       69.86430    
   94.75000       69.74661    
   95.00000       69.77916    
   95.25000       69.82560    
   95.50000       69.78318    
   95.75000       69.55750    
   96.00000       69.05416    
   96.25000       68.21359    
   96.50000       67.11545    
   96.75000       65.87415    
   97.00000       64.60416    
   97.25000       63.44732    
   97.50000       62.65500    
   97.75000       62.50602    
   98.00000       63.27916    
   98.25000       65.18109    
   98.50000       68.13012    
   98.75000       71.97241    
   99.00000       76.55416    
   99.25000       81.72982    
   99.50000       87.38696    
   99.75000       93.42146    
   100.0000       99.72916    
   100.2500       106.2152    
   100.5000       112.8220    
   100.7500       119.5011    
   101.0000       126.2042    
   101.2500       132.8773    
   101.5000       139.4439    
   101.7500       145.8219    
   102.0000       151.9292    
   102.2500       157.6745    
   102.5000       162.9306    
   102.7500       167.5609    
   103.0000       171.4292    
   103.2500       174.4180    
   103.5000       176.4868    
   103.7500       177.6144    
   104.0000       177.7792    
   104.2500       177.0117    
   104.5000       175.5502    
   104.7500       173.6843    
   105.0000       171.7041    
   105.2500       169.8502    
   105.5000       168.1656    
   105.7500       166.6440    
   106.0000       165.2791    
   106.2500       164.0486    
   106.5000       162.8654    
   106.7500       161.6266    
   107.0000       160.2291    
   107.2500       158.5857    
   107.5000       156.6724    
   107.7500       154.4813    
   108.0000       152.0042    
   108.2500       149.2374    
   108.5000       146.1947    
   108.7500       142.8942    
   109.0000       139.3542    
   109.2500       135.5862    
   109.5000       131.5769    
   109.7500       127.3062    
   110.0000       122.7542    
   110.2500       117.9079    
   110.5000       112.7821    
   110.7500       107.3987    
   111.0000       101.7792    
   111.2500       95.97554    
   111.5000       90.16017    
   111.7500       84.53554    
   112.0000       79.30416    
   112.2500       74.60123    
   112.5000       70.29278    
   112.7500       66.17751    
   113.0000       62.05416    
   113.2500       57.77299    
   113.5000       53.39054    
   113.7500       49.01490    
   114.0000       44.75416    
   114.2500       40.71770    
   114.5000       37.02002    
   114.7500       33.77691    
   115.0000       31.10416    
   115.2500       29.07650    
   115.5000       27.60436    
   115.7500       26.55713    
   116.0000       25.80416    
   116.2500       25.30283    
   116.5000       25.36250    
   116.7500       26.38049    
   117.0000       28.75416    
   117.2500       32.76955    
   117.5000       38.26749    
   117.7500       44.97752    
   118.0000       52.62916    
   118.2500       60.93377    
   118.5000       69.52999    
   118.7500       78.03831    
   119.0000       86.07916    
   119.2500       93.37620    
   119.5000       100.0656    
   119.7500       106.3868    
   120.0000       112.5792    
   120.2500       118.8645    
   120.5000       125.3950    
   120.7500       132.3050    
   121.0000       139.7292    
   121.2500       147.7265    
   121.5000       156.0544    
   121.7500       164.3946    
   122.0000       172.4292    
   122.2500       179.8247    
   122.5000       186.1875    
   122.7500       191.1086    
   123.0000       194.1792    
   123.2500       195.1376    
   123.5000       194.3114    
   123.7500       192.1753    
   124.0000       189.2041    
   124.2500       185.8304    
   124.5000       182.3170    
   124.7500       178.8847    
   125.0000       175.7542    
   125.2500       173.0377    
   125.5000       170.4143    
   125.7500       167.4546    
   126.0000       163.7292    
   126.2500       158.9500    
   126.5000       153.3944    
   126.7500       147.4812    
   127.0000       141.6292    
   127.2500       136.2077    
   127.5000       131.3892    
   127.7500       127.2970    
   128.0000       124.0542    
   128.2500       121.7532    
   128.5000       120.3642    
   128.7500       119.8264    
   129.0000       120.0792    
   129.2500       121.1477    
   129.5000       123.4008    
   129.7500       127.2931    
   130.0000       133.2792    
   130.2500       141.6812    
   130.5000       152.2919    
   130.7500       164.7711    
   131.0000       178.7792    
   131.2500       193.9733    
   131.5000       210.0004    
   131.7500       226.5043    
   132.0000       243.1292    
   132.2500       259.6359    
   132.5000       276.2534    
   132.7500       293.3276    
   133.0000       311.2042    
   133.2500       330.1873    
   133.5000       350.4140    
   133.7500       371.9795    
   134.0000       394.9792    
   134.2500       419.4008    
   134.5000       444.8031    
   134.7500       470.6371    
   135.0000       496.3542    
   135.2500       521.4788    
   135.5000       545.8298    
   135.7500       569.2991    
   136.0000       591.7791    
   136.2500       613.1665    
   136.5000       633.3776    
   136.7500       652.3331    
   137.0000       669.9542    
   137.2500       686.1603    
   137.5000       700.8661    
   137.7500       713.9846    
   138.0000       725.4291    
   138.2500       735.1546    
   138.5000       743.2830    
   138.7500       749.9782    
   139.0000       755.4041    
   139.2500       759.7750    
   139.5000       763.5079    
   139.7500       767.0701    
   140.0000       770.9291    
   140.2500       775.1950    
   140.5000       778.5478    
   140.7500       779.3100    
   141.0000       775.8041    
   141.2500       766.5454    
   141.5000       750.8195    
   141.7500       728.1047    
   142.0000       697.8792    
   142.2500       660.2715    
   142.5000       618.0114    
   142.7500       574.4790    
   143.0000       533.0541    
   143.2500       496.3884    
   143.5000       464.2189    
   143.7500       435.5546    
   144.0000       409.4041    
   144.2500       384.8781    
   144.5000       361.4940    
   144.7500       338.8712    
 
 "IV theory
   64.25000       103.1299    
   64.50000       96.93130    
   64.75000       91.35307    
   65.00000       86.42007    
   65.25000       82.15708    
   65.50000       78.58864    
   65.75000       75.73923    
   66.00000       73.63331    
   66.25000       72.29033    
   66.50000       71.70959    
   66.75000       71.88530    
   67.00000       72.81173    
   67.25000       74.47400    
   67.50000       76.82069    
   67.75000       79.79131    
   68.00000       83.32530    
   68.25000       87.35795    
   68.50000       91.80765    
   68.75000       96.58864    
   69.00000       101.6151    
   69.25000       106.8015    
   69.50000       112.0634    
   69.75000       117.3165    
   70.00000       122.4766    
   70.25000       127.4644    
   70.50000       132.2204    
   70.75000       136.6897    
   71.00000       140.8178    
   71.25000       144.5590    
   71.50000       147.9040    
   71.75000       150.8524    
   72.00000       153.4038    
   72.25000       155.5620    
   72.50000       157.3473    
   72.75000       158.7841    
   73.00000       159.8969    
   73.25000       160.7099    
   73.50000       161.2469    
   73.75000       161.5314    
   74.00000       161.5868    
   74.25000       161.4357    
   74.50000       161.0956    
   74.75000       160.5829    
   75.00000       159.9141    
   75.25000       159.1033    
   75.50000       158.1561    
   75.75000       157.0754    
   76.00000       155.8645    
   76.25000       154.5253    
   76.50000       153.0560    
   76.75000       151.4536    
   77.00000       149.7151    
   77.25000       147.8376    
   77.50000       145.8185    
   77.75000       143.6551    
   78.00000       141.3448    
   78.25000       138.8860    
   78.50000       136.2813    
   78.75000       133.5343    
   79.00000       130.6487    
   79.25000       127.6301    
   79.50000       124.4915    
   79.75000       121.2482    
   80.00000       117.9152    
   80.25000       114.5086    
   80.50000       111.0478    
   80.75000       107.5533    
   81.00000       104.0454    
   81.25000       100.5446    
   81.50000       97.07089    
   81.75000       93.64428    
   82.00000       90.28482    
   82.25000       87.01109    
   82.50000       83.83602    
   82.75000       80.77110    
   83.00000       77.82782    
   83.25000       75.01508    
   83.50000       72.33135    
   83.75000       69.77254    
   84.00000       67.33450    
   84.25000       65.01194    
   84.50000       62.79477    
   84.75000       60.67171    
   85.00000       58.63151    
   85.25000       56.66293    
   85.50000       54.75498    
   85.75000       52.89674    
   86.00000       51.07727    
   86.25000       49.28650    
   86.50000       47.51770    
   86.75000       45.76505    
   87.00000       44.02267    
   87.25000       42.28626    
   87.50000       40.55776    
   87.75000       38.84067    
   88.00000       37.13848    
   88.25000       35.45540    
   88.50000       33.79851    
   88.75000       32.17557    
   89.00000       30.59437    
   89.25000       29.06265    
   89.50000       27.58802    
   89.75000       26.17805    
   90.00000       24.84031    
   90.25000       23.58186    
   90.50000       22.40769    
   90.75000       21.32227    
   91.00000       20.33008    
   91.25000       19.43465    
   91.50000       18.63569    
   91.75000       17.93197    
   92.00000       17.32227    
   92.25000       16.80492    
   92.50000       16.37650    
   92.75000       16.03316    
   93.00000       15.77104    
   93.25000       15.58632    
   93.50000       15.47528    
   93.75000       15.43423    
   94.00000       15.45950    
   94.25000       15.54796    
   94.50000       15.69876    
   94.75000       15.91160    
   95.00000       16.18620    
   95.25000       16.52330    
   95.50000       16.92777    
   95.75000       17.40554    
   96.00000       17.96251    
   96.25000       18.60509    
   96.50000       19.34162    
   96.75000       20.18090    
   97.00000       21.13177    
   97.25000       22.20298    
   97.50000       23.40306    
   97.75000       24.74051    
   98.00000       26.22379    
   98.25000       27.85986    
   98.50000       29.64964    
   98.75000       31.59250    
   99.00000       33.68783    
   99.25000       35.93224    
   99.50000       38.31130    
   99.75000       40.80777    
   100.0000       43.40444    
   100.2500       46.08283    
   100.5000       48.81932    
   100.7500       51.58907    
   101.0000       54.36717    
   101.2500       57.12886    
   101.5000       59.84967    
   101.7500       62.50525    
   102.0000       65.07120    
   102.2500       67.52481    
   102.5000       69.85004    
   102.7500       72.03249    
   103.0000       74.05775    
   103.2500       75.91449    
   103.5000       77.60353    
   103.7500       79.12877    
   104.0000       80.49411    
   104.2500       81.70483    
   104.5000       82.77184    
   104.7500       83.70743    
   105.0000       84.52389    
   105.2500       85.23344    
   105.5000       85.84798    
   105.7500       86.37933    
   106.0000       86.83929    
   106.2500       87.23826    
   106.5000       87.58082    
   106.7500       87.87013    
   107.0000       88.10935    
   107.2500       88.29903    
   107.5000       88.42905    
   107.7500       88.48673    
   108.0000       88.45937    
   108.2500       88.33302    
   108.5000       88.08884    
   108.7500       87.70673    
   109.0000       87.16658    
   109.2500       86.44846    
   109.5000       85.53286    
   109.7500       84.40044    
   110.0000       83.03185    
   110.2500       81.41077    
   110.5000       79.53321    
   110.7500       77.39820    
   111.0000       75.00481    
   111.2500       72.35768    
   111.5000       69.48390    
   111.7500       66.41616    
   112.0000       63.18717    
   112.2500       59.83217    
   112.5000       56.39677    
   112.7500       52.92912    
   113.0000       49.47738    
   113.2500       46.08957    
   113.5000       42.81311    
   113.7500       39.69530    
   114.0000       36.78339    
   114.2500       34.12205    
   114.5000       31.74543    
   114.7500       29.68506    
   115.0000       27.97249    
   115.2500       26.63441    
   115.5000       25.67822    
   115.7500       25.10647    
   116.0000       24.92172    
   116.2500       25.12433    
   116.5000       25.70592    
   116.7500       26.65590    
   117.0000       27.96370    
   117.2500       29.61877    
   117.5000       31.61067    
   117.7500       33.92899    
   118.0000       36.56332    
   118.2500       39.50213    
   118.5000       42.72934    
   118.7500       46.22773    
   119.0000       49.98010    
   119.2500       53.96721    
   119.5000       58.16171    
   119.7500       62.53424    
   120.0000       67.05544    
   120.2500       71.69497    
   120.5000       76.41873    
   120.7500       81.19162    
   121.0000       85.97857    
   121.2500       90.74460    
   121.5000       95.45518    
   121.7500       100.0759    
   122.0000       104.5724    
   122.2500       108.9131    
   122.5000       113.0784    
   122.7500       117.0517    
   123.0000       120.8161    
   123.2500       124.3603    
   123.5000       127.6946    
   123.7500       130.8347    
   124.0000       133.7962    
   124.2500       136.5971    
   124.5000       139.2655    
   124.7500       141.8317    
   125.0000       144.3262    
   125.2500       146.7793    
   125.5000       149.2210    
   125.7500       151.6813    
   126.0000       154.1899    
   126.2500       156.7765    
   126.5000       159.4683    
   126.7500       162.2921    
   127.0000       165.2749    
   127.2500       168.4424    
   127.5000       171.8167    
   127.7500       175.4189    
   128.0000       179.2697    
   128.2500       183.3899    
   128.5000       187.7983    
   128.7500       192.5134    
   129.0000       197.5536    
   129.2500       202.9373    
   129.5000       208.6828    
   129.7500       214.8081    
   130.0000       221.3315    
   130.2500       228.2690    
   130.5000       235.6278    
   130.7500       243.4133    
   131.0000       251.6306    
   131.2500       260.2811    
   131.5000       269.3503    
   131.7500       278.8197    
   132.0000       288.6712    
   132.2500       298.8845    
   132.5000       309.4323    
   132.7500       320.2857    
   133.0000       331.4155    
   133.2500       342.7927    
   133.5000       354.3883    
   133.7500       366.1733    
   134.0000       378.1187    
   134.2500       390.1941    
   134.5000       402.3633    
   134.7500       414.5886    
   135.0000       426.8325    
   135.2500       439.0546    
   135.5000       451.2045    
   135.7500       463.2289    
   136.0000       475.0749    
   136.2500       486.6879    
   136.5000       498.0089    
   136.7500       508.9772    
   137.0000       519.5325    
   137.2500       529.6146    
   137.5000       539.1636    
   137.7500       548.1201    
   138.0000       556.4246    
   138.2500       564.0218    
   138.5000       570.8730    
   138.7500       576.9439    
   139.0000       582.2001    
   139.2500       586.6151    
   139.5000       590.1924    
   139.7500       592.9439    
   140.0000       594.8810    
   140.2500       596.0190    
   140.5000       596.3868    
   140.7500       596.0172    
   141.0000       594.9425    
   141.2500       593.1955    
   141.5000       590.8078    
   141.7500       587.8113    
   142.0000       584.2378    
   142.2500       580.1171    
   142.5000       575.4723    
   142.7500       570.3247    
   143.0000       564.6956    
   143.2500       558.6030    
   143.5000       552.0521    
   143.7500       545.0449    
   144.0000       537.5834    
   144.2500       529.6680    
   144.5000       521.2933    
   144.7500       512.4521    
 
