TitleText: Ni(001)-(5x5)-Li     Beam (1,1)                Rfac10=0.1545
 "IV exp
   86.25000       962.7168    
   86.50000       978.2910    
   86.75000       994.4163    
   87.00000       1011.368    
   87.25000       1029.382    
   87.50000       1048.534    
   87.75000       1068.859    
   88.00000       1090.393    
   88.25000       1113.078    
   88.50000       1136.477    
   88.75000       1160.059    
   89.00000       1183.293    
   89.25000       1205.659    
   89.50000       1226.678    
   89.75000       1245.879    
   90.00000       1262.793    
   90.25000       1277.032    
   90.50000       1288.530    
   90.75000       1297.303    
   91.00000       1303.368    
   91.25000       1306.773    
   91.50000       1307.699    
   91.75000       1306.360    
   92.00000       1302.968    
   92.25000       1297.726    
   92.50000       1290.791    
   92.75000       1282.306    
   93.00000       1272.418    
   93.25000       1261.256    
   93.50000       1248.893    
   93.75000       1235.386    
   94.00000       1220.793    
   94.25000       1205.214    
   94.50000       1188.919    
   94.75000       1172.225    
   95.00000       1155.443    
   95.25000       1138.854    
   95.50000       1122.600    
   95.75000       1106.785    
   96.00000       1091.518    
   96.25000       1076.908    
   96.50000       1063.084    
   96.75000       1050.177    
   97.00000       1038.318    
   97.25000       1027.609    
   97.50000       1018.026    
   97.75000       1009.514    
   98.00000       1002.018    
   98.25000       995.4213    
   98.50000       989.3577    
   98.75000       983.3993    
   99.00000       977.1180    
   99.25000       970.1521    
   99.50000       962.4048    
   99.75000       953.8452    
   100.0000       944.4431    
   100.2500       934.1324    
   100.5000       922.7068    
   100.7500       909.9243    
   101.0000       895.5431    
   101.2500       879.3882    
   101.5000       861.5515    
   101.7500       842.1919    
   102.0000       821.4680    
   102.2500       799.5807    
   102.5000       776.8985    
   102.7500       753.8324    
   103.0000       730.7931    
   103.2500       708.1370    
   103.5000       686.0034    
   103.7500       664.4771    
   104.0000       643.6431    
   104.2500       623.6728    
   104.5000       605.0839    
   104.7500       588.4810    
   105.0000       574.4681    
   105.2500       563.5585    
   105.5000       555.9005    
   105.7500       551.5513    
   106.0000       550.5681    
   106.2500       553.0053    
   106.5000       558.9069    
   106.7500       568.3140    
   107.0000       581.2681    
   107.2500       597.7881    
   107.5000       617.8055    
   107.7500       641.2291    
   108.0000       667.9681    
   108.2500       697.9716    
   108.5000       731.3484    
   108.7500       768.2476    
   109.0000       808.8181    
   109.2500       853.2391    
   109.5000       901.8124    
   109.7500       954.8698    
   110.0000       1012.743    
   110.2500       1075.568    
   110.5000       1142.698    
   110.7500       1213.287    
   111.0000       1286.493    
   111.2500       1361.598    
   111.5000       1438.395    
   111.7500       1516.803    
   112.0000       1596.743    
   112.2500       1678.202    
   112.5000       1761.440    
   112.7500       1846.786    
   113.0000       1934.568    
   113.2500       2025.064    
   113.5000       2118.352    
   113.7500       2214.460    
   114.0000       2313.418    
   114.2500       2415.241    
   114.5000       2519.899    
   114.7500       2627.347    
   115.0000       2737.543    
   115.2500       2850.412    
   115.5000       2965.756    
   115.7500       3083.343    
   116.0000       3202.943    
   116.2500       3324.342    
   116.5000       3447.388    
   116.7500       3571.942    
   117.0000       3697.868    
   117.2500       3825.041    
   117.5000       3953.381    
   117.7500       4082.821    
   118.0000       4213.293    
   118.2500       4344.589    
   118.5000       4475.940    
   118.7500       4606.437    
   119.0000       4735.168    
   119.2500       4861.167    
   119.5000       4983.231    
   119.7500       5100.102    
   120.0000       5210.518    
   120.2500       5313.275    
   120.5000       5407.385    
   120.7500       5491.910    
   121.0000       5565.918    
   121.2500       5628.526    
   121.5000       5679.071    
   121.7500       5716.938    
   122.0000       5741.518    
   122.2500       5752.485    
   122.5000       5750.661    
   122.7500       5737.152    
   123.0000       5713.068    
   123.2500       5679.516    
   123.5000       5637.608    
   123.7500       5588.454    
   124.0000       5533.168    
   124.2500       5472.728    
   124.5000       5407.580    
   124.7500       5338.039    
   125.0000       5264.418    
   125.2500       5187.114    
   125.5000       5106.853    
   125.7500       5024.443    
   126.0000       4940.693    
   126.2500       4856.348    
   126.5000       4771.903    
   126.7500       4687.791    
   127.0000       4604.443    
   127.2500       4522.192    
   127.5000       4440.973    
   127.7500       4360.620    
   128.0000       4280.968    
   128.2500       4201.905    
   128.5000       4123.530    
   128.7500       4045.992    
   129.0000       3969.443    
   129.2500       3894.187    
   129.5000       3821.138    
   129.7500       3751.367    
   130.0000       3685.943    
   130.2500       3625.863    
   130.5000       3571.846    
   130.7500       3524.540    
   131.0000       3484.593    
   131.2500       3452.492    
   131.5000       3428.087    
   131.7500       3411.066    
   132.0000       3401.118    
   132.2500       3398.001    
   132.5000       3401.749    
   132.7500       3412.462    
   133.0000       3430.243    
   133.2500       3455.123    
   133.5000       3486.846    
   133.7500       3525.087    
   134.0000       3569.518    
   134.2500       3619.550    
   134.5000       3673.541    
   134.7500       3729.582    
   135.0000       3785.768    
   135.2500       3840.347    
   135.5000       3892.185    
   135.7500       3940.302    
   136.0000       3983.718    
   136.2500       4021.751    
   136.5000       4054.910    
   136.7500       4083.997    
   137.0000       4109.818    
   137.2500       4133.093    
   137.5000       4154.206    
   137.7500       4173.456    
   138.0000       4191.143    
   138.2500       4207.532    
   138.5000       4222.749    
   138.7500       4236.889    
   139.0000       4250.043    
   139.2500       4262.433    
   139.5000       4274.790    
   139.7500       4287.973    
   140.0000       4302.843    
   140.2500       4319.718    
   140.5000       4336.751    
   140.7500       4351.555    
   141.0000       4361.743    
   141.2500       4365.181    
   141.5000       4360.747    
   141.7500       4347.574    
   142.0000       4324.793    
   142.2500       4292.354    
   142.5000       4253.475    
   142.7500       4212.192    
   143.0000       4172.543    
   143.2500       4137.865    
   143.5000       4108.706    
   143.7500       4084.916    
   144.0000       4066.343    
   144.2500       4052.229    
   144.5000       4039.381    
   144.7500       4023.995    
   145.0000       4002.268    
   145.2500       3971.362    
   145.5000       3932.288    
   145.7500       3887.023    
   146.0000       3837.543    
   146.2500       3786.096    
   146.5000       3736.028    
   146.7500       3690.954    
   147.0000       3654.493    
   147.2500       3628.996    
   147.5000       3611.747    
   147.7500       3598.765    
   148.0000       3586.068    
   148.2500       3570.175    
   148.5000       3549.604    
   148.7500       3523.370    
   149.0000       3490.493    
   149.2500       3450.581    
   149.5000       3405.605    
   149.7500       3358.129    
   150.0000       3310.718    
   150.2500       3265.486    
   150.5000       3222.758    
   150.7500       3182.410    
   151.0000       3144.318    
   151.2500       3108.394    
   151.5000       3074.682    
   151.7500       3043.263    
   152.0000       3014.218    
   152.2500       2987.562    
   152.5000       2963.056    
   152.7500       2940.401    
   153.0000       2919.293    
   153.2500       2899.393    
   153.5000       2880.207    
   153.7500       2861.201    
   154.0000       2841.843    
   154.2500       2821.629    
   154.5000       2800.166    
   154.7500       2777.092    
   155.0000       2752.043    
   155.2500       2724.844    
   155.5000       2696.070    
   155.7500       2666.482    
   156.0000       2636.843    
   156.2500       2607.843    
   156.5000       2579.882    
   156.7500       2553.289    
   157.0000       2528.393    
   157.2500       2505.265    
   157.5000       2482.948    
   157.7500       2460.229    
   158.0000       2435.893    
   158.2500       2408.923    
   158.5000       2379.084    
   158.7500       2346.337    
   159.0000       2310.643    
   159.2500       2272.097    
   159.5000       2231.327    
   159.7500       2189.097    
   160.0000       2146.168    
   160.2500       2103.190    
   160.5000       2060.361    
   160.7500       2017.767    
   161.0000       1975.493    
   161.2500       1933.651    
   161.5000       1892.463    
   161.7500       1852.178    
   162.0000       1813.043    
   162.2500       1775.310    
   162.5000       1739.232    
   162.7500       1705.066    
   163.0000       1673.068    
   163.2500       1643.473    
   163.5000       1616.438    
   163.7500       1592.100    
   164.0000       1570.593    
   164.2500       1551.954    
   164.5000       1535.813    
   164.7500       1521.699    
   165.0000       1509.143    
   165.2500       1497.702    
   165.5000       1487.050    
   165.7500       1476.888    
   166.0000       1466.918    
   166.2500       1456.945    
   166.5000       1447.184    
   166.7500       1437.952    
   167.0000       1429.568    
   167.2500       1422.247    
   167.5000       1415.804    
   167.7500       1409.948    
   168.0000       1404.393    
   168.2500       1398.878    
   168.5000       1393.251    
   168.7500       1387.389    
   169.0000       1381.168    
   169.2500       1374.580    
   169.5000       1368.077    
   169.7500       1362.226    
   170.0000       1357.593    
   170.2500       1354.608    
   170.5000       1353.141    
   170.7500       1352.925    
   171.0000       1353.693    
   171.2500       1355.226    
   171.5000       1357.503    
   171.7500       1360.550    
   172.0000       1364.393    
   172.2500       1369.158    
   172.5000       1375.362    
   172.7500       1383.619    
   173.0000       1394.543    
   173.2500       1408.620    
   173.5000       1425.814    
   173.7500       1445.960    
   174.0000       1468.893    
   174.2500       1494.557    
   174.5000       1523.331    
   174.7500       1555.705    
   175.0000       1592.168    
   175.2500       1633.049    
   175.5000       1678.042    
   175.7500       1726.678    
   176.0000       1778.493    
   176.2500       1833.073    
   176.5000       1890.223    
   176.7500       1949.802    
   177.0000       2011.668    
   177.2500       2075.826    
   177.5000       2142.863    
   177.7500       2213.508    
   178.0000       2288.493    
   178.2500       2368.360    
   178.5000       2452.888    
   178.7500       2541.669    
   179.0000       2634.293    
   179.2500       2730.354    
   179.5000       2829.465    
   179.7500       2931.239    
   180.0000       3035.293    
   180.2500       3141.379    
   180.5000       3249.799    
   180.7500       3360.991    
   181.0000       3475.393    
   181.2500       3593.349    
   181.5000       3714.822    
   181.7500       3839.680    
   182.0000       3967.793    
   182.2500       4099.086    
   182.5000       4233.721    
   182.7500       4371.917    
   183.0000       4513.893    
   183.2500       4660.304    
   183.5000       4813.546    
   183.7500       4976.449    
   184.0000       5151.843    
   184.2500       5342.598    
   184.5000       5551.738    
   184.7500       5782.324    
   185.0000       6037.418    
   185.2500       6319.313    
   185.5000       6627.215    
   185.7500       6959.563    
   186.0000       7314.793    
   186.2500       7691.488    
   186.5000       8088.805    
   186.7500       8506.048    
   187.0000       8942.518    
   187.2500       9398.223    
   187.5000       9875.982    
   187.7500       10379.32    
   188.0000       10911.77    
   188.2500       11475.91    
   188.5000       12070.60    
   188.7500       12693.74    
   189.0000       13343.27    
   189.2500       14016.77    
   189.5000       14710.57    
   189.7500       15420.70    
   190.0000       16143.17    
   190.2500       16874.25    
   190.5000       17611.26    
   190.7500       18351.78    
   191.0000       19093.37    
   191.2500       19833.99    
   191.5000       20573.13    
   191.7500       21310.66    
   192.0000       22046.44    
   192.2500       22780.48    
   192.5000       23513.26    
   192.7500       24245.41    
   193.0000       24977.57    
   193.2500       25709.27    
   193.5000       26435.77    
   193.7500       27151.24    
   194.0000       27849.84    
   194.2500       28524.80    
   194.5000       29165.54    
   194.7500       29760.52    
   195.0000       30298.19    
   195.2500       30769.22    
   195.5000       31172.99    
   195.7500       31511.04    
   196.0000       31784.94    
   196.2500       31997.39    
   196.5000       32155.58    
   196.7500       32267.87    
   197.0000       32342.59    
   197.2500       32386.51    
   197.5000       32400.10    
   197.7500       32382.26    
   198.0000       32331.87    
   198.2500       32249.08    
   198.5000       32139.09    
   198.7500       32008.32    
   199.0000       31863.22    
   199.2500       31709.48    
   199.5000       31549.81    
   199.7500       31386.20    
 
 "IV theory
   86.25000       4170.220    
   86.50000       4132.759    
   86.75000       4105.521    
   87.00000       4088.742    
   87.25000       4082.473    
   87.50000       4086.032    
   87.75000       4098.555    
   88.00000       4119.176    
   88.25000       4146.944    
   88.50000       4180.575    
   88.75000       4218.696    
   89.00000       4259.938    
   89.25000       4302.933    
   89.50000       4346.331    
   89.75000       4388.789    
   90.00000       4428.958    
   90.25000       4465.559    
   90.50000       4497.567    
   90.75000       4524.021    
   91.00000       4543.962    
   91.25000       4556.549    
   91.50000       4561.413    
   91.75000       4558.305    
   92.00000       4546.979    
   92.25000       4527.238    
   92.50000       4499.103    
   92.75000       4462.646    
   93.00000       4417.939    
   93.25000       4365.057    
   93.50000       4304.070    
   93.75000       4235.051    
   94.00000       4158.070    
   94.25000       4073.241    
   94.50000       3980.848    
   94.75000       3881.216    
   95.00000       3774.671    
   95.25000       3661.615    
   95.50000       3542.754    
   95.75000       3418.873    
   96.00000       3290.755    
   96.25000       3159.218    
   96.50000       3025.223    
   96.75000       2889.766    
   97.00000       2753.842    
   97.25000       2618.445    
   97.50000       2484.556    
   97.75000       2353.155    
   98.00000       2225.222    
   98.25000       2101.677    
   98.50000       1983.205    
   98.75000       1870.429    
   99.00000       1763.973    
   99.25000       1664.355    
   99.50000       1571.656    
   99.75000       1485.851    
   100.0000       1406.913    
   100.2500       1334.767    
   100.5000       1269.140    
   100.7500       1209.707    
   101.0000       1156.144    
   101.2500       1108.132    
   101.5000       1065.355    
   101.7500       1027.503    
   102.0000       994.2643    
   102.2500       965.3498    
   102.5000       940.5601    
   102.7500       919.7181    
   103.0000       902.6465    
   103.2500       889.2100    
   103.5000       879.4395    
   103.7500       873.4073    
   104.0000       871.1863    
   104.2500       872.8676    
   104.5000       878.6181    
   104.7500       888.6233    
   105.0000       903.0689    
   105.2500       922.1401    
   105.5000       946.0212    
   105.7500       974.8957    
   106.0000       1008.947    
   106.2500       1048.367    
   106.5000       1093.375    
   106.7500       1144.197    
   107.0000       1201.062    
   107.2500       1264.209    
   107.5000       1333.930    
   107.7500       1410.530    
   108.0000       1494.312    
   108.2500       1585.587    
   108.5000       1684.689    
   108.7500       1791.959    
   109.0000       1907.735    
   109.2500       2032.359    
   109.5000       2166.169    
   109.7500       2309.503    
   110.0000       2462.701    
   110.2500       2626.100    
   110.5000       2800.034    
   110.7500       2984.836    
   111.0000       3180.839    
   111.2500       3388.373    
   111.5000       3607.760    
   111.7500       3839.318    
   112.0000       4083.368    
   112.2500       4340.229    
   112.5000       4610.220    
   112.7500       4893.662    
   113.0000       5190.877    
   113.2500       5502.180    
   113.5000       5827.870    
   113.7500       6168.242    
   114.0000       6523.589    
   114.2500       6894.054    
   114.5000       7279.164    
   114.7500       7678.294    
   115.0000       8090.822    
   115.2500       8515.841    
   115.5000       8951.333    
   115.7500       9394.998    
   116.0000       9844.538    
   116.2500       10297.53    
   116.5000       10751.02    
   116.7500       11201.96    
   117.0000       11647.25    
   117.2500       12083.86    
   117.5000       12508.73    
   117.7500       12918.86    
   118.0000       13311.22    
   118.2500       13682.94    
   118.5000       14031.76    
   118.7500       14355.55    
   119.0000       14652.21    
   119.2500       14919.91    
   119.5000       15157.91    
   119.7500       15365.78    
   120.0000       15543.08    
   120.2500       15689.49    
   120.5000       15805.20    
   120.7500       15890.52    
   121.0000       15945.76    
   121.2500       15971.25    
   121.5000       15967.28    
   121.7500       15934.17    
   122.0000       15872.22    
   122.2500       15781.83    
   122.5000       15663.75    
   122.7500       15518.79    
   123.0000       15347.79    
   123.2500       15151.73    
   123.5000       14932.22    
   123.7500       14691.01    
   124.0000       14429.89    
   124.2500       14150.68    
   124.5000       13855.50    
   124.7500       13546.56    
   125.0000       13226.03    
   125.2500       12896.12    
   125.5000       12559.00    
   125.7500       12216.86    
   126.0000       11871.85    
   126.2500       11526.13    
   126.5000       11181.69    
   126.7500       10840.51    
   127.0000       10504.53    
   127.2500       10175.67    
   127.5000       9855.545    
   127.7500       9545.738    
   128.0000       9247.814    
   128.2500       8963.312    
   128.5000       8693.659    
   128.7500       8440.250    
   129.0000       8204.483    
   129.2500       7987.750    
   129.5000       7791.430    
   129.7500       7616.898    
   130.0000       7465.532    
   130.2500       7338.552    
   130.5000       7236.577    
   130.7500       7160.072    
   131.0000       7109.500    
   131.2500       7085.053    
   131.5000       7085.812    
   131.7500       7110.588    
   132.0000       7158.186    
   132.2500       7227.289    
   132.5000       7316.072    
   132.7500       7422.585    
   133.0000       7544.877    
   133.2500       7681.001    
   133.5000       7829.034    
   133.7500       7987.052    
   134.0000       8153.134    
   134.2500       8325.410    
   134.5000       8502.201    
   134.7500       8681.877    
   135.0000       8862.810    
   135.2500       9043.458    
   135.5000       9222.651    
   135.7500       9399.304    
   136.0000       9572.334    
   136.2500       9740.695    
   136.5000       9903.510    
   136.7500       10059.93    
   137.0000       10209.13    
   137.2500       10350.25    
   137.5000       10482.47    
   137.7500       10604.96    
   138.0000       10716.89    
   138.2500       10817.56    
   138.5000       10906.72    
   138.7500       10984.26    
   139.0000       11050.05    
   139.2500       11104.20    
   139.5000       11147.65    
   139.7500       11181.58    
   140.0000       11207.14    
   140.2500       11225.61    
   140.5000       11238.64    
   140.7500       11248.01    
   141.0000       11255.48    
   141.2500       11262.80    
   141.5000       11271.69    
   141.7500       11283.87    
   142.0000       11301.06    
   142.2500       11324.79    
   142.5000       11355.88    
   142.7500       11394.96    
   143.0000       11442.68    
   143.2500       11499.33    
   143.5000       11563.92    
   143.7500       11635.11    
   144.0000       11711.55    
   144.2500       11791.76    
   144.5000       11873.65    
   144.7500       11954.96    
   145.0000       12033.47    
   145.2500       12106.92    
   145.5000       12173.12    
   145.7500       12229.88    
   146.0000       12275.01    
   146.2500       12306.49    
   146.5000       12322.98    
   146.7500       12323.31    
   147.0000       12306.33    
   147.2500       12271.18    
   147.5000       12218.25    
   147.7500       12148.28    
   148.0000       12061.96    
   148.2500       11960.17    
   148.5000       11844.33    
   148.7500       11716.03    
   149.0000       11576.85    
   149.2500       11428.34    
   149.5000       11272.07    
   149.7500       11109.57    
   150.0000       10942.37    
   150.2500       10771.94    
   150.5000       10599.41    
   150.7500       10425.84    
   151.0000       10252.26    
   151.2500       10079.60    
   151.5000       9908.138    
   151.7500       9738.035    
   152.0000       9569.438    
   152.2500       9402.427    
   152.5000       9236.811    
   152.7500       9072.325    
   153.0000       8908.708    
   153.2500       8745.703    
   153.5000       8583.058    
   153.7500       8420.532    
   154.0000       8257.879    
   154.2500       8094.894    
   154.5000       7931.523    
   154.7500       7767.750    
   155.0000       7603.560    
   155.2500       7439.007    
   155.5000       7274.427    
   155.7500       7110.229    
   156.0000       6946.818    
   156.2500       6784.635    
   156.5000       6624.248    
   156.7500       6466.258    
   157.0000       6311.269    
   157.2500       6159.878    
   157.5000       6012.676    
   157.7500       5870.252    
   158.0000       5733.195    
   158.2500       5602.045    
   158.5000       5477.164    
   158.7500       5358.865    
   159.0000       5247.461    
   159.2500       5143.184    
   159.5000       5045.926    
   159.7500       4955.499    
   160.0000       4871.714    
   160.2500       4794.342    
   160.5000       4723.003    
   160.7500       4657.276    
   161.0000       4596.744    
   161.2500       4540.986    
   161.5000       4489.592    
   161.7500       4442.151    
   162.0000       4398.252    
   162.2500       4357.500    
   162.5000       4319.561    
   162.7500       4284.116    
   163.0000       4250.844    
   163.2500       4219.456    
   163.5000       4189.772    
   163.7500       4161.646    
   164.0000       4134.926    
   164.2500       4109.478    
   164.5000       4085.213    
   164.7500       4062.063    
   165.0000       4039.952    
   165.2500       4018.809    
   165.5000       3998.561    
   165.7500       3979.134    
   166.0000       3960.457    
   166.2500       3942.464    
   166.5000       3925.131    
   166.7500       3908.440    
   167.0000       3892.376    
   167.2500       3876.939    
   167.5000       3862.198    
   167.7500       3848.237    
   168.0000       3835.142    
   168.2500       3823.007    
   168.5000       3811.956    
   168.7500       3802.121    
   169.0000       3793.636    
   169.2500       3786.632    
   169.5000       3781.239    
   169.7500       3777.585    
   170.0000       3775.799    
   170.2500       3775.993    
   170.5000       3778.215    
   170.7500       3782.494    
   171.0000       3788.863    
   171.2500       3797.321    
   171.5000       3807.751    
   171.7500       3820.006    
   172.0000       3833.937    
   172.2500       3849.383    
   172.5000       3866.128    
   172.7500       3883.940    
   173.0000       3902.589    
   173.2500       3921.846    
   173.5000       3941.487    
   173.7500       3961.287    
   174.0000       3981.025    
   174.2500       4000.508    
   174.5000       4019.666    
   174.7500       4038.461    
   175.0000       4056.854    
   175.2500       4074.863    
   175.5000       4092.730    
   175.7500       4110.753    
   176.0000       4129.232    
   176.2500       4148.490    
   176.5000       4168.956    
   176.7500       4191.080    
   177.0000       4215.317    
   177.2500       4242.119    
   177.5000       4271.932    
   177.7500       4305.205    
   178.0000       4342.384    
   178.2500       4383.906    
   178.5000       4430.169    
   178.7500       4481.562    
   179.0000       4538.475    
   179.2500       4601.276    
   179.5000       4670.265    
   179.7500       4745.722    
   180.0000       4827.928    
   180.2500       4917.153    
   180.5000       5013.637    
   180.7500       5117.608    
   181.0000       5229.298    
   181.2500       5348.937    
   181.5000       5476.760    
   181.7500       5613.001    
   182.0000       5757.896    
   182.2500       5911.703    
   182.5000       6074.770    
   182.7500       6247.467    
   183.0000       6430.166    
   183.2500       6623.280    
   183.5000       6827.386    
   183.7500       7043.104    
   184.0000       7271.053    
   184.2500       7511.873    
   184.5000       7766.275    
   184.7500       8034.991    
   185.0000       8318.755    
   185.2500       8618.294    
   185.5000       8934.346    
   185.7500       9267.642    
   186.0000       9618.914    
   186.2500       9988.928    
   186.5000       10378.56    
   186.7500       10788.71    
   187.0000       11220.30    
   187.2500       11674.29    
   187.5000       12151.83    
   187.7500       12654.15    
   188.0000       13182.47    
   188.2500       13738.03    
   188.5000       14322.18    
   188.7500       14936.30    
   189.0000       15581.76    
   189.2500       16259.92    
   189.5000       16972.12    
   189.7500       17719.70    
   190.0000       18503.97    
   190.2500       19326.04    
   190.5000       20186.01    
   190.7500       21083.79    
   191.0000       22019.28    
   191.2500       22991.91    
   191.5000       23999.39    
   191.7500       25038.99    
   192.0000       26107.98    
   192.2500       27203.42    
   192.5000       28321.57    
   192.7500       29458.50    
   193.0000       30610.27    
   193.2500       31772.96    
   193.5000       32942.66    
   193.7500       34115.52    
   194.0000       35287.63    
   194.2500       36455.28    
   194.5000       37615.29    
   194.7500       38764.64    
   195.0000       39900.32    
   195.2500       41019.56    
   195.5000       42120.66    
   195.7500       43202.18    
   196.0000       44262.70    
   196.2500       45300.89    
   196.5000       46315.90    
   196.7500       47307.03    
   197.0000       48273.54    
   197.2500       49214.72    
   197.5000       50129.84    
   197.7500       51018.17    
   198.0000       51878.99    
   198.2500       52711.70    
   198.5000       53516.21    
   198.7500       54292.55    
   199.0000       55040.76    
   199.2500       55761.07    
   199.5000       56454.56    
   199.7500       57122.48    
 
