TitleText: Ni(001)-(5x5)-Li     Beam (1/5,0)              Rfac10=0.4537
 "IV exp
   21.25000       458.4109    
   21.50000       464.1434    
   21.75000       473.5992    
   22.00000       488.6400    
   22.25000       511.3458    
   22.50000       544.6705    
   22.75000       591.7861    
   23.00000       655.8650    
   23.25000       740.0821    
   23.50000       847.6240    
   23.75000       981.6802    
   24.00000       1145.440    
   24.25000       1341.502    
   24.50000       1570.098    
   24.75000       1830.872    
   25.00000       2123.465    
   25.25000       2446.105    
   25.50000       2791.366    
   25.75000       3150.408    
   26.00000       3514.390    
   26.25000       3873.742    
   26.50000       4215.977    
   26.75000       4527.874    
   27.00000       4796.215    
   27.25000       5010.232    
   27.50000       5168.955    
   27.75000       5273.864    
   28.00000       5326.440    
   28.25000       5329.491    
   28.50000       5291.140    
   28.75000       5220.840    
   29.00000       5128.040    
   29.25000       5021.036    
   29.50000       4903.498    
   29.75000       4777.937    
   30.00000       4646.865    
   30.25000       4512.557    
   30.50000       4376.325    
   30.75000       4239.245    
   31.00000       4102.390    
   31.25000       3967.100    
   31.50000       3835.771    
   31.75000       3711.064    
   32.00000       3595.640    
   32.25000       3491.900    
   32.50000       3401.211    
   32.75000       3324.680    
   33.00000       3263.415    
   33.25000       3217.259    
   33.50000       3181.001    
   33.75000       3148.170    
   34.00000       3112.290    
   34.25000       3066.948    
   34.50000       3005.972    
   34.75000       2923.249    
   35.00000       2812.665    
   35.25000       2670.356    
   35.50000       2501.446    
   35.75000       2313.308    
   36.00000       2113.315    
   36.25000       1908.992    
   36.50000       1708.474    
   36.75000       1520.052    
   37.00000       1352.015    
   37.25000       1210.859    
   37.50000       1095.907    
   37.75000       1004.691    
   38.00000       934.7400    
   38.25000       883.3022    
   38.50000       846.4931    
   38.75000       820.1449    
   39.00000       800.0900    
   39.25000       782.6913    
   39.50000       766.4324    
   39.75000       750.3273    
   40.00000       733.3900    
   40.25000       714.8124    
   40.50000       694.4987    
   40.75000       672.5305    
   41.00000       648.9900    
   41.25000       624.0340    
   41.50000       598.1192    
   41.75000       571.7773    
   42.00000       545.5400    
   42.25000       519.8927    
   42.50000       495.1363    
   42.75000       471.5255    
   43.00000       449.3150    
   43.25000       428.6481    
   43.50000       409.2225    
   43.75000       390.6244    
 
 "IV theory
   21.25000       2811.826    
   21.50000       2943.885    
   21.75000       3075.828    
   22.00000       3207.639    
   22.25000       3339.269    
   22.50000       3470.547    
   22.75000       3601.270    
   23.00000       3731.238    
   23.25000       3860.189    
   23.50000       3987.638    
   23.75000       4113.040    
   24.00000       4235.852    
   24.25000       4355.501    
   24.50000       4471.314    
   24.75000       4582.588    
   25.00000       4688.623    
   25.25000       4788.718    
   25.50000       4882.179    
   25.75000       4968.319    
   26.00000       5046.446    
   26.25000       5115.908    
   26.50000       5176.213    
   26.75000       5226.907    
   27.00000       5267.535    
   27.25000       5297.715    
   27.50000       5317.357    
   27.75000       5326.440    
   28.00000       5324.945    
   28.25000       5312.885    
   28.50000       5290.404    
   28.75000       5257.678    
   29.00000       5214.883    
   29.25000       5162.197    
   29.50000       5099.795    
   29.75000       5027.859    
   30.00000       4946.564    
   30.25000       4856.132    
   30.50000       4756.953    
   30.75000       4649.462    
   31.00000       4534.092    
   31.25000       4411.354    
   31.50000       4282.067    
   31.75000       4147.127    
   32.00000       4007.429    
   32.25000       3863.905    
   32.50000       3717.629    
   32.75000       3569.711    
   33.00000       3421.262    
   33.25000       3273.389    
   33.50000       3127.187    
   33.75000       2983.750    
   34.00000       2844.170    
   34.25000       2709.480    
   34.50000       2580.460    
   34.75000       2457.827    
   35.00000       2342.300    
   35.25000       2234.482    
   35.50000       2134.518    
   35.75000       2042.439    
   36.00000       1958.274    
   36.25000       1882.003    
   36.50000       1813.394    
   36.75000       1752.164    
   37.00000       1698.030    
   37.25000       1650.711    
   37.50000       1609.931    
   37.75000       1575.415    
   38.00000       1546.891    
   38.25000       1524.086    
   38.50000       1506.737    
   38.75000       1494.583    
   39.00000       1487.364    
   39.25000       1484.824    
   39.50000       1486.725    
   39.75000       1492.835    
   40.00000       1502.922    
   40.25000       1516.757    
   40.50000       1534.117    
   40.75000       1554.784    
   41.00000       1578.538    
   41.25000       1605.159    
   41.50000       1634.428    
   41.75000       1666.125    
   42.00000       1700.027    
   42.25000       1735.912    
   42.50000       1773.536    
   42.75000       1812.651    
   43.00000       1853.011    
   43.25000       1894.359    
   43.50000       1936.407    
   43.75000       1978.858    
 
