TitleText: Ni(001)-(5x5)-Li     Beam (2/5,0)              Rfac10=0.1909
 "IV exp
   21.25000       235.9725    
   21.50000       255.6039    
   21.75000       277.2351    
   22.00000       301.8660    
   22.25000       330.2475    
   22.50000       362.1337    
   22.75000       397.0298    
   23.00000       434.4410    
   23.25000       474.2315    
   23.50000       517.7014    
   23.75000       566.5098    
   24.00000       622.3160    
   24.25000       686.4166    
   24.50000       758.6573    
   24.75000       838.5211    
   25.00000       925.4910    
   25.25000       1018.518    
   25.50000       1114.428    
   25.75000       1209.513    
   26.00000       1300.066    
   26.25000       1383.189    
   26.50000       1459.220    
   26.75000       1529.305    
   27.00000       1594.591    
   27.25000       1656.516    
   27.50000       1717.685    
   27.75000       1780.995    
   28.00000       1849.341    
   28.25000       1924.290    
   28.50000       2002.083    
   28.75000       2077.629    
   29.00000       2145.841    
   29.25000       2201.757    
   29.50000       2240.934    
   29.75000       2259.059    
   30.00000       2251.816    
   30.25000       2216.224    
   30.50000       2154.629    
   30.75000       2070.709    
   31.00000       1968.141    
   31.25000       1850.895    
   31.50000       1724.104    
   31.75000       1593.194    
   32.00000       1463.591    
   32.25000       1340.233    
   32.50000       1226.114    
   32.75000       1123.740    
   33.00000       1035.616    
   33.25000       963.4736    
   33.50000       905.9363    
   33.75000       860.8513    
   34.00000       826.0660    
   34.25000       799.3831    
   34.50000       778.4246    
   34.75000       760.7681    
   35.00000       743.9910    
   35.25000       726.1447    
   35.50000       707.1771    
   35.75000       687.5103    
   36.00000       667.5660    
   36.25000       647.8271    
   36.50000       629.0191    
   36.75000       611.9283    
   37.00000       597.3410    
   37.25000       585.7804    
   37.50000       576.7175    
   37.75000       569.3600    
   38.00000       562.9160    
   38.25000       556.6466    
   38.50000       550.0260    
   38.75000       542.5816    
   39.00000       533.8411    
   39.25000       523.4325    
   39.50000       511.3874    
   39.75000       497.8379    
   40.00000       482.9160    
   40.25000       466.6904    
   40.50000       448.9739    
   40.75000       429.5160    
   41.00000       408.0661    
   41.25000       384.5075    
   41.50000       359.2602    
   41.75000       332.8784    
   42.00000       305.9160    
   42.25000       278.9320    
   42.50000       252.5035    
   42.75000       227.2126    
   43.00000       203.6411    
   43.25000       182.3507    
   43.50000       163.8221    
   43.75000       148.5154    
   44.00000       136.8910    
   44.25000       129.3217    
   44.50000       125.8295    
   44.75000       126.3494    
   45.00000       130.8160    
   45.25000       139.2277    
   45.50000       151.8373    
   45.75000       168.9612    
   46.00000       190.9160    
   46.25000       217.9848    
   46.50000       250.3175    
   46.75000       288.0307    
   47.00000       331.2410    
   47.25000       379.7725    
   47.50000       432.2794    
   47.75000       487.1234    
   48.00000       542.6660    
   48.25000       597.4060    
   48.50000       650.3891    
   48.75000       700.7983    
   49.00000       747.8160    
   49.25000       790.7281    
   49.50000       829.2319    
   49.75000       863.1277    
   50.00000       892.2160    
   50.25000       916.3555    
   50.50000       935.6388    
   50.75000       950.2169    
   51.00000       960.2410    
   51.25000       965.9014    
   51.50000       967.5465    
   51.75000       965.5638    
   52.00000       960.3410    
   52.25000       952.2479    
   52.50000       941.5837    
   52.75000       928.6293    
   53.00000       913.6660    
   53.25000       897.0110    
   53.50000       879.1243    
   53.75000       860.5023    
   54.00000       841.6410    
   54.25000       822.9777    
   54.50000       804.7150    
   54.75000       786.9966    
   55.00000       769.9661    
   55.25000       753.7276    
   55.50000       738.2272    
   55.75000       723.3713    
   56.00000       709.0660    
   56.25000       695.1868    
   56.50000       681.4846    
   56.75000       667.6794    
   57.00000       653.4910    
   57.25000       638.6998    
   57.50000       623.3273    
   57.75000       607.4554    
   58.00000       591.1660    
   58.25000       574.5289    
   58.50000       557.5649    
   58.75000       540.2827    
   59.00000       522.6910    
   59.25000       504.7971    
   59.50000       486.6030    
   59.75000       468.1091    
   60.00000       449.3160    
   60.25000       430.2787    
   60.50000       411.2694    
   60.75000       392.6147    
   61.00000       374.6411    
   61.25000       357.6154    
   61.50000       341.5656    
   61.75000       326.4598    
   62.00000       312.2661    
   62.25000       298.9407    
   62.50000       286.3925    
   62.75000       274.5186    
   63.00000       263.2160    
   63.25000       252.4518    
   63.50000       242.4731    
   63.75000       233.5971    
   64.00000       226.1410    
   64.25000       220.3510    
   64.50000       216.1894    
   64.75000       213.5473    
   65.00000       212.3160    
   65.25000       212.3434    
   65.50000       213.3031    
   65.75000       214.8256    
   66.00000       216.5410    
   66.25000       218.1748    
   66.50000       219.8318    
   66.75000       221.7122    
   67.00000       224.0161    
   67.25000       226.9401    
   67.50000       230.6689    
   67.75000       235.3838    
   68.00000       241.2661    
   68.25000       248.4470    
   68.50000       256.8575    
   68.75000       266.3786    
   69.00000       276.8911    
   69.25000       288.3671    
   69.50000       301.1441    
   69.75000       315.6508    
   70.00000       332.3160    
   70.25000       351.5494    
   70.50000       373.6843    
   70.75000       399.0351    
   71.00000       427.9160    
   71.25000       460.4902    
   71.50000       496.3150    
   71.75000       534.7966    
   72.00000       575.3410    
   72.25000       617.3801    
   72.50000       660.4488    
   72.75000       704.1072    
   73.00000       747.9160    
   73.25000       791.4489    
   73.50000       834.3329    
   73.75000       876.2085    
   74.00000       916.7161    
   74.25000       955.5221    
   74.50000       992.3972    
   74.75000       1027.138    
   75.00000       1059.541    
   75.25000       1089.439    
   75.50000       1116.809    
   75.75000       1141.664    
   76.00000       1164.016    
   76.25000       1183.752    
   76.50000       1200.253    
   76.75000       1212.773    
   77.00000       1220.566    
   77.25000       1222.962    
   77.50000       1219.591    
   77.75000       1210.157    
   78.00000       1194.366    
   78.25000       1172.084    
   78.50000       1143.829    
   78.75000       1110.280    
   79.00000       1072.116    
   79.25000       1029.992    
   79.50000       984.4579    
   79.75000       936.0407    
   80.00000       885.2660    
   80.25000       832.6674    
   80.50000       778.8105    
   80.75000       724.2690    
   81.00000       669.6160    
   81.25000       615.4083    
   81.50000       562.1335    
   81.75000       510.2625    
   82.00000       460.2661    
   82.25000       412.6652    
   82.50000       368.1828    
   82.75000       327.5920    
   83.00000       291.6660    
   83.25000       261.1529    
   83.50000       236.7002    
   83.75000       218.9304    
   84.00000       208.4660    
   84.25000       205.9265    
   84.50000       211.9189    
   84.75000       227.0474    
   85.00000       251.9160    
   85.25000       287.0335    
   85.50000       332.5267    
   85.75000       388.4271    
   86.00000       454.7661    
   86.25000       531.4244    
   86.50000       617.6800    
   86.75000       712.6599    
   87.00000       815.4910    
   87.25000       925.3994    
   87.50000       1042.006    
   87.75000       1165.030    
   88.00000       1294.191    
   88.25000       1429.090    
   88.50000       1568.849    
   88.75000       1712.473    
   89.00000       1858.966    
   89.25000       2007.208    
   89.50000       2155.587    
   89.75000       2302.368    
   90.00000       2445.816    
   90.25000       2584.529    
   90.50000       2718.440    
   90.75000       2847.814    
   91.00000       2972.916    
   91.25000       3094.057    
   91.50000       3211.729    
   91.75000       3326.469    
   92.00000       3438.816    
   92.25000       3549.044    
   92.50000       3656.386    
   92.75000       3759.812    
   93.00000       3858.291    
   93.25000       3950.914    
   93.50000       4037.245    
   93.75000       4116.968    
   94.00000       4189.766    
   94.25000       4255.338    
   94.50000       4313.442    
   94.75000       4363.852    
   95.00000       4406.341    
   95.25000       4440.754    
   95.50000       4467.223    
   95.75000       4485.951    
   96.00000       4497.141    
   96.25000       4501.036    
   96.50000       4498.024    
   96.75000       4488.534    
   97.00000       4472.991    
   97.25000       4451.663    
   97.50000       4424.169    
   97.75000       4389.967    
   98.00000       4348.516    
   98.25000       4299.397    
   98.50000       4242.688    
   98.75000       4178.585    
   99.00000       4107.292    
   99.25000       4029.272    
   99.50000       3946.067    
   99.75000       3859.479    
   100.0000       3771.316    
   100.2500       3683.207    
   100.5000       3596.083    
   100.7500       3510.700    
   101.0000       3427.816    
   101.2500       3347.962    
   101.5000       3270.771    
   101.7500       3195.653    
   102.0000       3122.016    
   102.2500       3049.344    
   102.5000       2977.410    
   102.7500       2906.060    
   103.0000       2835.141    
   103.2500       2764.544    
   103.5000       2694.336    
   103.7500       2624.631    
   104.0000       2555.541    
   104.2500       2487.206    
   104.5000       2419.881    
   104.7500       2353.849    
   105.0000       2289.391    
   105.2500       2226.763    
   105.5000       2166.104    
   105.7500       2107.527    
   106.0000       2051.141    
   106.2500       1997.056    
   106.5000       1945.367    
   106.7500       1896.165    
   107.0000       1849.541    
   107.2500       1805.666    
   107.5000       1765.021    
   107.7500       1728.168    
   108.0000       1695.666    
   108.2500       1668.017    
   108.5000       1645.487    
   108.7500       1628.284    
   109.0000       1616.616    
   109.2500       1610.381    
   109.5000       1608.241    
   109.7500       1608.552    
   110.0000       1609.666    
   110.2500       1610.247    
   110.5000       1610.196    
   110.7500       1609.724    
 
 "IV theory
   21.25000       2304.052    
   21.50000       2384.917    
   21.75000       2466.051    
   22.00000       2547.484    
   22.25000       2629.228    
   22.50000       2711.219    
   22.75000       2793.372    
   23.00000       2875.604    
   23.25000       2957.802    
   23.50000       3039.719    
   23.75000       3121.083    
   24.00000       3201.615    
   24.25000       3281.026    
   24.50000       3358.966    
   24.75000       3435.068    
   25.00000       3508.968    
   25.25000       3580.301    
   25.50000       3648.705    
   25.75000       3713.820    
   26.00000       3775.286    
   26.25000       3832.754    
   26.50000       3885.927    
   26.75000       3934.520    
   27.00000       3978.246    
   27.25000       4016.845    
   27.50000       4050.148    
   27.75000       4078.008    
   28.00000       4100.281    
   28.25000       4116.830    
   28.50000       4127.561    
   28.75000       4132.392    
   29.00000       4131.238    
   29.25000       4124.018    
   29.50000       4110.648    
   29.75000       4091.048    
   30.00000       4065.138    
   30.25000       4032.862    
   30.50000       3994.266    
   30.75000       3949.421    
   31.00000       3898.400    
   31.25000       3841.319    
   31.50000       3778.482    
   31.75000       3710.237    
   32.00000       3636.931    
   32.25000       3558.936    
   32.50000       3476.704    
   32.75000       3390.711    
   33.00000       3301.435    
   33.25000       3209.347    
   33.50000       3114.920    
   33.75000       3018.624    
   34.00000       2920.927    
   34.25000       2822.287    
   34.50000       2723.108    
   34.75000       2623.783    
   35.00000       2524.704    
   35.25000       2426.239    
   35.50000       2328.660    
   35.75000       2232.215    
   36.00000       2137.152    
   36.25000       2043.709    
   36.50000       1952.080    
   36.75000       1862.448    
   37.00000       1774.996    
   37.25000       1689.909    
   37.50000       1607.369    
   37.75000       1527.558    
   38.00000       1450.659    
   38.25000       1376.839    
   38.50000       1306.198    
   38.75000       1238.823    
   39.00000       1174.800    
   39.25000       1114.185    
   39.50000       1056.917    
   39.75000       1002.907    
   40.00000       952.0660    
   40.25000       904.2896    
   40.50000       859.4216    
   40.75000       817.2911    
   41.00000       777.7278    
   41.25000       740.5621    
   41.50000       705.6275    
   41.75000       672.7584    
   42.00000       641.7891    
   42.25000       612.5691    
   42.50000       585.0084    
   42.75000       559.0321    
   43.00000       534.5652    
   43.25000       511.5606    
   43.50000       490.0818    
   43.75000       470.2202    
   44.00000       452.0668    
   44.25000       435.7260    
   44.50000       421.3534    
   44.75000       409.1174    
   45.00000       399.1867    
   45.25000       391.7284    
   45.50000       386.9050    
   45.75000       384.8777    
   46.00000       385.8078    
   46.25000       389.8264    
   46.50000       396.9444    
   46.75000       407.1429    
   47.00000       420.4026    
   47.25000       436.6497    
   47.50000       455.5905    
   47.75000       476.8766    
   48.00000       500.1594    
   48.25000       525.0652    
   48.50000       551.1187    
   48.75000       577.8196    
   49.00000       604.6677    
   49.25000       631.1639    
   49.50000       656.8163    
   49.75000       681.1348    
   50.00000       703.6289    
   50.25000       723.8425    
   50.50000       741.4557    
   50.75000       756.1830    
   51.00000       767.7385    
   51.25000       775.8994    
   51.50000       780.6927    
   51.75000       782.2085    
   52.00000       780.5364    
   52.25000       775.7950    
   52.50000       768.2167    
   52.75000       758.0630    
   53.00000       745.5948    
   53.25000       731.0724    
   53.50000       714.7524    
   53.75000       696.8901    
   54.00000       677.7413    
   54.25000       657.5563    
   54.50000       636.5663    
   54.75000       614.9967    
   55.00000       593.0736    
   55.25000       571.0133    
   55.50000       548.9940    
   55.75000       527.1844    
   56.00000       505.7533    
   56.25000       484.8652    
   56.50000       464.6681    
   56.75000       445.3058    
   57.00000       426.9218    
   57.25000       409.6597    
   57.50000       393.6616    
   57.75000       379.0690    
   58.00000       366.0239    
   58.25000       354.6522    
   58.50000       345.0173    
   58.75000       337.1670    
   59.00000       331.1489    
   59.25000       326.9823    
   59.50000       324.5725    
   59.75000       323.7963    
   60.00000       324.5305    
   60.25000       326.6389    
   60.50000       329.9327    
   60.75000       334.2102    
   61.00000       339.2696    
   61.25000       344.9099    
   61.50000       350.9327    
   61.75000       357.1405    
   62.00000       363.3358    
   62.25000       369.3326    
   62.50000       374.9915    
   62.75000       380.1849    
   63.00000       384.7849    
   63.25000       388.6853    
   63.50000       391.8656    
   63.75000       394.3268    
   64.00000       396.0698    
   64.25000       397.1053    
   64.50000       397.4828    
   64.75000       397.2616    
   65.00000       396.5008    
   65.25000       395.2598    
   65.50000       393.5971    
   65.75000       391.5714    
   66.00000       389.2415    
   66.25000       386.6717    
   66.50000       383.9503    
   66.75000       381.1715    
   67.00000       378.4295    
   67.25000       375.8290    
   67.50000       373.5172    
   67.75000       371.6516    
   68.00000       370.3901    
   68.25000       369.8953    
   68.50000       370.3502    
   68.75000       371.9423    
   69.00000       374.8596    
   69.25000       379.2892    
   69.50000       385.4152    
   69.75000       393.4212    
   70.00000       403.4907    
   70.25000       415.7873    
   70.50000       430.3941    
   70.75000       447.3747    
   71.00000       466.7924    
   71.25000       488.6739    
   71.50000       512.8996    
   71.75000       539.3132    
   72.00000       567.7584    
   72.25000       598.0623    
   72.50000       629.9851    
   72.75000       663.2703    
   73.00000       697.6619    
   73.25000       732.9036    
   73.50000       768.7413    
   73.75000       804.9216    
   74.00000       841.1905    
   74.25000       877.2939    
   74.50000       912.9751    
   74.75000       947.9766    
   75.00000       982.0413    
   75.25000       1014.911    
   75.50000       1046.324    
   75.75000       1076.020    
   76.00000       1103.736    
   76.25000       1129.210    
   76.50000       1152.177    
   76.75000       1172.370    
   77.00000       1189.524    
   77.25000       1203.374    
   77.50000       1213.659    
   77.75000       1220.121    
   78.00000       1222.502    
   78.25000       1220.587    
   78.50000       1214.334    
   78.75000       1203.745    
   79.00000       1188.822    
   79.25000       1169.647    
   79.50000       1146.617    
   79.75000       1120.208    
   80.00000       1090.898    
   80.25000       1059.199    
   80.50000       1025.770    
   80.75000       991.3054    
   81.00000       956.5015    
   81.25000       922.0507    
   81.50000       888.6378    
   81.75000       856.9453    
   82.00000       827.6554    
   82.25000       801.4136    
   82.50000       778.7153    
   82.75000       760.0185    
   83.00000       745.7812    
   83.25000       736.3929    
   83.50000       731.9675    
   83.75000       732.5502    
   84.00000       738.1865    
   84.25000       748.8901    
   84.50000       764.5497    
   84.75000       785.0225    
   85.00000       810.1659    
   85.25000       839.8380    
   85.50000       873.9003    
   85.75000       912.2156    
   86.00000       954.6460    
   86.25000       1001.054    
   86.50000       1051.302    
   86.75000       1105.251    
   87.00000       1162.764    
   87.25000       1223.702    
   87.50000       1287.928    
   87.75000       1355.307    
   88.00000       1425.701    
   88.25000       1498.974    
   88.50000       1574.990    
   88.75000       1653.614    
   89.00000       1734.711    
   89.25000       1818.145    
   89.50000       1903.777    
   89.75000       1991.471    
   90.00000       2081.087    
   90.25000       2172.472    
   90.50000       2265.409    
   90.75000       2359.665    
   91.00000       2455.006    
   91.25000       2551.169    
   91.50000       2647.779    
   91.75000       2744.428    
   92.00000       2840.710    
   92.25000       2936.207    
   92.50000       3030.444    
   92.75000       3122.936    
   93.00000       3213.197    
   93.25000       3300.740    
   93.50000       3385.085    
   93.75000       3465.752    
   94.00000       3542.261    
   94.25000       3614.155    
   94.50000       3681.067    
   94.75000       3742.657    
   95.00000       3798.582    
   95.25000       3848.540    
   95.50000       3892.402    
   95.75000       3930.077    
   96.00000       3961.476    
   96.25000       3986.529    
   96.50000       4005.240    
   96.75000       4017.635    
   97.00000       4023.739    
   97.25000       4023.575    
   97.50000       4017.170    
   97.75000       4004.549    
   98.00000       3985.736    
   98.25000       3960.781    
   98.50000       3929.826    
   98.75000       3893.034    
   99.00000       3850.570    
   99.25000       3802.641    
   99.50000       3749.620    
   99.75000       3691.925    
   100.0000       3629.970    
   100.2500       3564.194    
   100.5000       3495.106    
   100.7500       3423.240    
   101.0000       3349.128    
   101.2500       3273.302    
   101.5000       3196.287    
   101.7500       3118.609    
   102.0000       3040.794    
   102.2500       2963.347    
   102.5000       2886.692    
   102.7500       2811.235    
   103.0000       2737.378    
   103.2500       2665.490    
   103.5000       2595.788    
   103.7500       2528.455    
   104.0000       2463.672    
   104.2500       2401.602    
   104.5000       2342.344    
   104.7500       2285.979    
   105.0000       2232.585    
   105.2500       2182.245    
   105.5000       2135.039    
   105.7500       2091.049    
   106.0000       2050.355    
   106.2500       2013.030    
   106.5000       1979.099    
   106.7500       1948.579    
   107.0000       1921.486    
   107.2500       1897.817    
   107.5000       1877.490    
   107.7500       1860.405    
   108.0000       1846.460    
   108.2500       1835.545    
   108.5000       1827.514    
   108.7500       1822.214    
   109.0000       1819.489    
   109.2500       1819.185    
   109.5000       1821.149    
   109.7500       1825.226    
   110.0000       1831.262    
   110.2500       1839.097    
   110.5000       1848.546    
   110.7500       1859.417    
 
