TitleText: Ni(001)-(5x5)-Li     Beam (1/5,1/5)            Rfac10=0.1658
 "IV exp
   60.25000       349.4365    
   60.50000       383.8241    
   60.75000       418.5365    
   61.00000       453.7363    
   61.25000       489.6178    
   61.50000       526.5040    
   61.75000       564.7502    
   62.00000       604.7113    
   62.25000       646.6495    
   62.50000       690.4554    
   62.75000       735.9268    
   63.00000       782.8613    
   63.25000       831.0032    
   63.50000       879.8826    
   63.75000       928.9763    
   64.00000       977.7612    
   64.25000       1025.843    
   64.50000       1073.341    
   64.75000       1120.506    
   65.00000       1167.586    
   65.25000       1214.775    
   65.50000       1262.036    
   65.75000       1309.279    
   66.00000       1356.411    
   66.25000       1403.406    
   66.50000       1450.490    
   66.75000       1497.953    
   67.00000       1546.086    
   67.25000       1595.137    
   67.50000       1645.177    
   67.75000       1696.234    
   68.00000       1748.336    
   68.25000       1801.350    
   68.50000       1854.487    
   68.75000       1906.799    
   69.00000       1957.336    
   69.25000       2005.360    
   69.50000       2050.977    
   69.75000       2094.504    
   70.00000       2136.261    
   70.25000       2176.534    
   70.50000       2215.480    
   70.75000       2253.230    
   71.00000       2289.911    
   71.25000       2325.514    
   71.50000       2359.482    
   71.75000       2391.121    
   72.00000       2419.736    
   72.25000       2444.581    
   72.50000       2464.691    
   72.75000       2479.048    
   73.00000       2486.636    
   73.25000       2486.555    
   73.50000       2478.381    
   73.75000       2461.810    
   74.00000       2436.536    
   74.25000       2402.547    
   74.50000       2361.004    
   74.75000       2313.357    
   75.00000       2261.062    
   75.25000       2205.337    
   75.50000       2146.484    
   75.75000       2084.569    
   76.00000       2019.661    
   76.25000       1951.937    
   76.50000       1882.007    
   76.75000       1810.592    
   77.00000       1738.411    
   77.25000       1666.430    
   77.50000       1596.591    
   77.75000       1531.081    
   78.00000       1472.086    
   78.25000       1421.238    
   78.50000       1377.937    
   78.75000       1341.030    
   79.00000       1309.361    
   79.25000       1281.732    
   79.50000       1256.763    
   79.75000       1233.030    
   80.00000       1209.111    
   80.25000       1183.990    
   80.50000       1158.289    
   80.75000       1133.036    
   81.00000       1109.261    
   81.25000       1087.852    
   81.50000       1069.125    
   81.75000       1053.254    
   82.00000       1040.411    
   82.25000       1030.609    
   82.50000       1023.209    
   82.75000       1017.410    
 
 "IV theory
   60.25000       273.5274    
   60.50000       259.7801    
   60.75000       248.8883    
   61.00000       240.8662    
   61.25000       235.7283    
   61.50000       233.4896    
   61.75000       234.1652    
   62.00000       237.7702    
   62.25000       244.3183    
   62.50000       253.8166    
   62.75000       266.2707    
   63.00000       281.6864    
   63.25000       300.0664    
   63.50000       321.4024    
   63.75000       345.6828    
   64.00000       372.8965    
   64.25000       403.0309    
   64.50000       436.0688    
   64.75000       471.9919    
   65.00000       510.7818    
   65.25000       552.4197    
   65.50000       596.8856    
   65.75000       644.1586    
   66.00000       694.2184    
   66.25000       747.0305    
   66.50000       802.5053    
   66.75000       860.5393    
   67.00000       921.0289    
   67.25000       983.8455    
   67.50000       1048.760    
   67.75000       1115.517    
   68.00000       1183.862    
   68.25000       1253.530    
   68.50000       1324.207    
   68.75000       1395.571    
   69.00000       1467.297    
   69.25000       1539.064    
   69.50000       1610.547    
   69.75000       1681.427    
   70.00000       1751.380    
   70.25000       1820.086    
   70.50000       1887.222    
   70.75000       1952.466    
   71.00000       2015.495    
   71.25000       2075.986    
   71.50000       2133.617    
   71.75000       2188.067    
   72.00000       2239.013    
   72.25000       2286.133    
   72.50000       2329.102    
   72.75000       2367.596    
   73.00000       2401.291    
   73.25000       2429.863    
   73.50000       2452.995    
   73.75000       2470.371    
   74.00000       2481.674    
   74.25000       2486.636    
   74.50000       2485.182    
   74.75000       2477.284    
   75.00000       2462.913    
   75.25000       2442.130    
   75.50000       2415.345    
   75.75000       2383.054    
   76.00000       2345.756    
   76.25000       2303.988    
   76.50000       2258.450    
   76.75000       2209.879    
   77.00000       2159.015    
   77.25000       2106.596    
   77.50000       2053.349    
   77.75000       1999.999    
   78.00000       1947.272    
   78.25000       1895.853    
   78.50000       1846.269    
   78.75000       1799.005    
   79.00000       1754.548    
   79.25000       1713.310    
   79.50000       1675.409    
   79.75000       1640.892    
   80.00000       1609.804    
   80.25000       1582.156    
   80.50000       1557.826    
   80.75000       1536.661    
   81.00000       1518.505    
   81.25000       1503.203    
   81.50000       1490.606    
   81.75000       1480.560    
   82.00000       1472.917    
   82.25000       1467.518    
   82.50000       1464.174    
   82.75000       1462.689    
 
