TitleText: Ni(001)-(5x5)-Li     Beam (2/5,2/5)            Rfac10=0.4628
 "IV exp
   40.25000       93.06882    
   40.50000       88.10547    
   40.75000       83.37659    
   41.00000       78.99940    
   41.25000       75.06609    
   41.50000       71.56866    
   41.75000       68.47412    
   42.00000       65.74940    
   42.25000       63.36284    
   42.50000       61.28813    
   42.75000       59.50030    
   43.00000       57.97440    
   43.25000       56.68911    
   43.50000       55.63772    
   43.75000       54.81717    
   44.00000       54.22440    
   44.25000       53.84159    
   44.50000       53.59179    
   44.75000       53.38330    
   45.00000       53.12440    
   45.25000       52.77415    
   45.50000       52.49466    
   45.75000       52.49879    
   46.00000       52.99940    
   46.25000       54.19297    
   46.50000       56.21035    
   46.75000       59.16600    
   47.00000       63.17440    
   47.25000       68.29023    
   47.50000       74.32910    
   47.75000       81.04688    
   48.00000       88.19940    
   48.25000       95.56988    
   48.50000       103.0509    
   48.75000       110.5624    
   49.00000       118.0244    
   49.25000       125.3689    
   49.50000       132.5762    
   49.75000       139.6389    
   50.00000       146.5494    
   50.25000       153.2971    
   50.50000       159.8593    
   50.75000       166.2103    
   51.00000       172.3244    
   51.25000       178.1680    
   51.50000       183.6767    
   51.75000       188.7779    
   52.00000       193.3994    
   52.25000       197.4737    
   52.50000       200.9524    
   52.75000       203.7921    
   53.00000       205.9494    
   53.25000       207.4192    
   53.50000       208.3508    
   53.75000       208.9316    
   54.00000       209.3494    
   54.25000       209.7622    
   54.50000       210.2098    
   54.75000       210.7021    
   55.00000       211.2494    
   55.25000       211.8502    
   55.50000       212.4566    
   55.75000       213.0095    
   56.00000       213.4494    
   56.25000       213.7214    
   56.50000       213.7882    
   56.75000       213.6168    
   57.00000       213.1744    
   57.25000       212.4322    
   57.50000       211.3777    
   57.75000       210.0029    
   58.00000       208.2994    
   58.25000       206.2979    
   58.50000       204.1848    
   58.75000       202.1852    
   59.00000       200.5244    
   59.25000       199.3636    
   59.50000       198.6076    
   59.75000       198.0976    
   60.00000       197.6744    
   60.25000       197.1705    
   60.50000       196.3842    
   60.75000       195.1055    
   61.00000       193.1244    
   61.25000       190.3299    
   61.50000       187.0082    
   61.75000       183.5446    
   62.00000       180.3244    
   62.25000       177.6660    
   62.50000       175.6199    
   62.75000       174.1699    
   63.00000       173.2994    
   63.25000       172.9545    
   63.50000       172.9304    
   63.75000       172.9845    
   64.00000       172.8744    
   64.25000       172.4191    
   64.50000       171.6832    
   64.75000       170.7930    
   65.00000       169.8744    
   65.25000       169.0258    
   65.50000       168.2333    
   65.75000       167.4550    
   66.00000       166.6494    
   66.25000       165.7399    
   66.50000       164.5115    
   66.75000       162.7145    
   67.00000       160.0994    
   67.25000       156.4779    
   67.50000       151.9079    
   67.75000       146.5086    
   68.00000       140.3994    
   68.25000       133.7359    
   68.50000       126.8190    
   68.75000       119.9861    
   69.00000       113.5744    
   69.25000       107.8425    
   69.50000       102.7343    
   69.75000       98.11491    
   70.00000       93.84940    
   70.25000       89.82906    
   70.50000       86.04947    
   70.75000       82.53234    
   71.00000       79.29940    
   71.25000       76.32750    
   71.50000       73.41422    
   71.75000       70.31227    
   72.00000       66.77441    
   72.25000       62.60423    
   72.50000       57.80885    
   72.75000       52.44625    
   73.00000       46.57440    
   73.25000       40.35707    
   73.50000       34.38117    
   73.75000       29.33938    
   74.00000       25.92440    
   74.25000       24.62755    
   74.50000       25.13474    
   74.75000       26.93051    
   75.00000       29.49940    
   75.25000       32.34162    
   75.50000       35.02002    
   75.75000       37.11311    
   76.00000       38.19940    
   76.25000       37.97971    
   76.50000       36.64409    
   76.75000       34.50487    
   77.00000       31.87440    
   77.25000       29.04374    
   77.50000       26.21878    
   77.75000       23.58413    
   78.00000       21.32440    
   78.25000       19.60111    
   78.50000       18.48344    
   78.75000       18.01750    
   79.00000       18.24940    
   79.25000       19.17480    
   79.50000       20.58762    
   79.75000       22.23133    
   80.00000       23.84940    
   80.25000       25.22930    
   80.50000       26.33438    
   80.75000       27.17197    
   81.00000       27.74940    
   81.25000       28.10637    
   81.50000       28.41191    
   81.75000       28.86746    
   82.00000       29.67440    
   82.25000       30.98150    
   82.50000       32.72688    
   82.75000       34.79602    
   83.00000       37.07440    
   83.25000       39.43787    
   83.50000       41.72384    
   83.75000       43.76009    
   84.00000       45.37440    
   84.25000       46.44193    
   84.50000       47.02728    
   84.75000       47.24244    
   85.00000       47.19940    
   85.25000       46.97716    
   85.50000       46.52283    
   85.75000       45.75053    
   86.00000       44.57440    
   86.25000       42.93177    
   86.50000       40.85281    
   86.75000       38.39090    
   87.00000       35.59940    
   87.25000       32.57301    
   87.50000       29.57170    
   87.75000       26.89673    
   88.00000       24.84940    
   88.25000       23.63821    
   88.50000       23.10056    
   88.75000       22.98108    
   89.00000       23.02440    
   89.25000       23.01119    
   89.50000       22.86624    
   89.75000       22.55037    
   90.00000       22.02440    
   90.25000       21.32828    
   90.50000       20.81840    
   90.75000       20.93027    
   91.00000       22.09940    
   91.25000       24.62209    
   91.50000       28.23781    
   91.75000       32.54683    
   92.00000       37.14940    
   92.25000       41.71296    
   92.50000       46.17363    
   92.75000       50.53468    
   93.00000       54.79940    
   93.25000       59.08574    
   93.50000       63.97033    
   93.75000       70.14445    
   94.00000       78.29940    
   94.25000       88.92173    
   94.50000       101.6790    
   94.75000       116.0339    
   95.00000       131.4494    
   95.25000       147.4401    
   95.50000       163.7289    
   95.75000       180.0904    
   96.00000       196.2994    
   96.25000       212.1532    
   96.50000       227.5393    
   96.75000       242.3680    
   97.00000       256.5494    
   97.25000       269.9780    
   97.50000       282.4853    
   97.75000       293.8872    
   98.00000       303.9994    
   98.25000       312.6477    
   98.50000       319.6972    
   98.75000       325.0228    
   99.00000       328.4994    
   99.25000       330.0526    
   99.50000       329.8098    
   99.75000       327.9493    
   100.0000       324.6494    
   100.2500       320.1683    
   100.5000       315.0851    
   100.7500       310.0591    
   101.0000       305.7494    
   101.2500       302.6324    
   101.5000       300.4524    
   101.7500       298.7709    
   102.0000       297.1494    
   102.2500       295.2190    
   102.5000       292.8893    
   102.7500       290.1396    
   103.0000       286.9494    
   103.2500       283.3246    
   103.5000       279.3776    
   103.7500       275.2478    
   104.0000       271.0744    
   104.2500       266.9574    
   104.5000       262.8405    
   104.7500       258.6280    
   105.0000       254.2244    
   105.2500       249.5848    
   105.5000       244.8665    
   105.7500       240.2771    
   106.0000       236.0244    
   106.2500       232.2665    
   106.5000       228.9621    
   106.7500       226.0201    
   107.0000       223.3494    
   107.2500       220.8667    
   107.5000       218.5191    
   107.7500       216.2617    
 
 "IV theory
   40.25000       45.65619    
   40.50000       43.17423    
   40.75000       40.80255    
   41.00000       38.54262    
   41.25000       36.39590    
   41.50000       34.36390    
   41.75000       32.44807    
   42.00000       30.64990    
   42.25000       28.97036    
   42.50000       27.40828    
   42.75000       25.96200    
   43.00000       24.62985    
   43.25000       23.40920    
   43.50000       22.29365    
   43.75000       21.27583    
   44.00000       20.34839    
   44.25000       19.50354    
   44.50000       18.73171    
   44.75000       18.02290    
   45.00000       17.36712    
   45.25000       16.75438    
   45.50000       16.17491    
   45.75000       15.61891    
   46.00000       15.07662    
   46.25000       14.53920    
   46.50000       14.00144    
   46.75000       13.45906    
   47.00000       12.90779    
   47.25000       12.34503    
   47.50000       11.77487    
   47.75000       11.20309    
   48.00000       10.63547    
   48.25000       10.07856    
   48.50000       9.541935    
   48.75000       9.035974    
   49.00000       8.571033    
   49.25000       8.157452    
   49.50000       7.805480    
   49.75000       7.525345    
   50.00000       7.327272    
   50.25000       7.221454    
   50.50000       7.217953    
   50.75000       7.326796    
   51.00000       7.558012    
   51.25000       7.921553    
   51.50000       8.427057    
   51.75000       9.084087    
   52.00000       9.902206    
   52.25000       10.89096    
   52.50000       12.05981    
   52.75000       13.41822    
   53.00000       14.97563    
   53.25000       16.74143    
   53.50000       18.72484    
   53.75000       20.93497    
   54.00000       23.38098    
   54.25000       26.07016    
   54.50000       29.00249    
   54.75000       32.17612    
   55.00000       35.58920    
   55.25000       39.23651    
   55.50000       43.09952    
   55.75000       47.15633    
   56.00000       51.38505    
   56.25000       55.76226    
   56.50000       60.25841    
   56.75000       64.84240    
   57.00000       69.48316    
   57.25000       74.14967    
   57.50000       78.81123    
   57.75000       83.43718    
   58.00000       87.99690    
   58.25000       92.46083    
   58.50000       96.80376    
   58.75000       101.0016    
   59.00000       105.0302    
   59.25000       108.8675    
   59.50000       112.4994    
   59.75000       115.9138    
   60.00000       119.0988    
   60.25000       122.0432    
   60.50000       124.7394    
   60.75000       127.1808    
   61.00000       129.3609    
   61.25000       131.2730    
   61.50000       132.9105    
   61.75000       134.2669    
   62.00000       135.3356    
   62.25000       136.1112    
   62.50000       136.5928    
   62.75000       136.7808    
   63.00000       136.6756    
   63.25000       136.2796    
   63.50000       135.6036    
   63.75000       134.6604    
   64.00000       133.4628    
   64.25000       132.0247    
   64.50000       130.3638    
   64.75000       128.4986    
   65.00000       126.4478    
   65.25000       124.2298    
   65.50000       121.8631    
   65.75000       119.3661    
   66.00000       116.7572    
   66.25000       114.0546    
   66.50000       111.2757    
   66.75000       108.4378    
   67.00000       105.5580    
   67.25000       102.6533    
   67.50000       99.73901    
   67.75000       96.83007    
   68.00000       93.94154    
   68.25000       91.08822    
   68.50000       88.28431    
   68.75000       85.54387    
   69.00000       82.88095    
   69.25000       80.30955    
   69.50000       77.84355    
   69.75000       75.49680    
   70.00000       73.28311    
   70.25000       71.21499    
   70.50000       69.29946    
   70.75000       67.54221    
   71.00000       65.94888    
   71.25000       64.52271    
   71.50000       63.25696    
   71.75000       62.14245    
   72.00000       61.17001    
   72.25000       60.32930    
   72.50000       59.60545    
   72.75000       58.98245    
   73.00000       58.44427    
   73.25000       57.97496    
   73.50000       57.55881    
   73.75000       57.18015    
   74.00000       56.82331    
   74.25000       56.47362    
   74.50000       56.12015    
   74.75000       55.75299    
   75.00000       55.36221    
   75.25000       54.93961    
   75.50000       54.48406    
   75.75000       53.99615    
   76.00000       53.47651    
   76.25000       52.92654    
   76.50000       52.35086    
   76.75000       51.75490    
   77.00000       51.14410    
   77.25000       50.52384    
   77.50000       49.89938    
   77.75000       49.27594    
   78.00000       48.65875    
   78.25000       48.05260    
   78.50000       47.46058    
   78.75000       46.88540    
   79.00000       46.32970    
   79.25000       45.79539    
   79.50000       45.28122    
   79.75000       44.78516    
   80.00000       44.30518    
   80.25000       43.83889    
   80.50000       43.38244    
   80.75000       42.93166    
   81.00000       42.48232    
   81.25000       42.03025    
   81.50000       41.57140    
   81.75000       41.10171    
   82.00000       40.61715    
   82.25000       40.11420    
   82.50000       39.59158    
   82.75000       39.04853    
   83.00000       38.48431    
   83.25000       37.89917    
   83.50000       37.29739    
   83.75000       36.68427    
   84.00000       36.06509    
   84.25000       35.44559    
   84.50000       34.83338    
   84.75000       34.23650    
   85.00000       33.66301    
   85.25000       33.12095    
   85.50000       32.61825    
   85.75000       32.16286    
   86.00000       31.76269    
   86.25000       31.42538    
   86.50000       31.15742    
   86.75000       30.96500    
   87.00000       30.85432    
   87.25000       30.83103    
   87.50000       30.89866    
   87.75000       31.06021    
   88.00000       31.31866    
   88.25000       31.67677    
   88.50000       32.13630    
   88.75000       32.69878    
   89.00000       33.36575    
   89.25000       34.13874    
   89.50000       35.01934    
   89.75000       36.00913    
   90.00000       37.10971    
   90.25000       38.32283    
   90.50000       39.65086    
   90.75000       41.09632    
   91.00000       42.66174    
   91.25000       44.34990    
   91.50000       46.16473    
   91.75000       48.11043    
   92.00000       50.19119    
   92.25000       52.41135    
   92.50000       54.77586    
   92.75000       57.28979    
   93.00000       59.95826    
   93.25000       62.78624    
   93.50000       65.77846    
   93.75000       68.93951    
   94.00000       72.27401    
   94.25000       75.78394    
   94.50000       79.46075    
   94.75000       83.29320    
   95.00000       87.27010    
   95.25000       91.37546    
   95.50000       95.57405    
   95.75000       99.82592    
   96.00000       104.0911    
   96.25000       108.3272    
   96.50000       112.4833    
   96.75000       116.5060    
   97.00000       120.3419    
   97.25000       123.9378    
   97.50000       127.2413    
   97.75000       130.2004    
   98.00000       132.7626    
   98.25000       134.8806    
   98.50000       136.5249    
   98.75000       137.6709    
   99.00000       138.2941    
   99.25000       138.3779    
   99.50000       137.9399    
   99.75000       137.0057    
   100.0000       135.6010    
   100.2500       133.7553    
   100.5000       131.5136    
   100.7500       128.9247    
   101.0000       126.0373    
   101.2500       122.9000    
   101.5000       119.5607    
   101.7500       116.0674    
   102.0000       112.4678    
   102.2500       108.8080    
   102.5000       105.1269    
   102.7500       101.4619    
   103.0000       97.85014    
   103.2500       94.32565    
   103.5000       90.90932    
   103.7500       87.61874    
   104.0000       84.47152    
   104.2500       81.48379    
   104.5000       78.66576    
   104.7500       76.02618    
   105.0000       73.57380    
   105.2500       71.31735    
   105.5000       69.26561    
   105.7500       67.42737    
   106.0000       65.81140    
   106.2500       64.42529    
   106.5000       63.27190    
   106.7500       62.35286    
   107.0000       61.66982    
   107.2500       61.22229    
   107.5000       61.00119    
   107.7500       60.99530    
 
