TitleText: Ni(001)-(5x5)-Li     Beam (3/5,3/5)            Rfac10=0.4735
 "IV exp
   66.25000       56.26020    
   66.50000       56.63723    
   66.75000       57.11155    
   67.00000       57.73181    
   67.25000       58.55816    
   67.50000       59.69681    
   67.75000       61.26546    
   68.00000       63.38181    
   68.25000       66.10349    
   68.50000       69.24767    
   68.75000       72.57141    
   69.00000       75.83181    
   69.25000       78.81523    
   69.50000       81.42528    
   69.75000       83.59484    
   70.00000       85.25681    
   70.25000       86.37605    
   70.50000       87.04522    
   70.75000       87.38894    
   71.00000       87.53181    
   71.25000       87.58199    
   71.50000       87.58160    
   71.75000       87.55633    
   72.00000       87.53181    
   72.25000       87.54041    
   72.50000       87.64113    
   72.75000       87.89970    
   73.00000       88.38181    
   73.25000       89.12971    
   73.50000       90.09164    
   73.75000       91.19241    
   74.00000       92.35681    
   74.25000       93.50666    
   74.50000       94.55194    
   74.75000       95.39964    
   75.00000       95.95681    
   75.25000       96.16187    
   75.50000       96.07899    
   75.75000       95.80377    
   76.00000       95.43182    
   76.25000       95.03908    
   76.50000       94.62299    
   76.75000       94.16131    
   77.00000       93.63181    
   77.25000       92.97504    
   77.50000       91.98245    
   77.75000       90.40830    
   78.00000       88.00681    
   78.25000       84.61378    
   78.50000       80.39120    
   78.75000       75.58269    
   79.00000       70.43181    
   79.25000       65.17444    
   79.50000       60.01550    
   79.75000       55.15222    
   80.00000       50.78181    
   80.25000       47.03834    
   80.50000       43.80330    
   80.75000       40.89501    
   81.00000       38.13181    
   81.25000       35.37126    
   81.50000       32.62780    
   81.75000       29.95510    
   82.00000       27.40681    
   82.25000       25.03037    
   82.50000       22.84824    
   82.75000       20.87664    
   83.00000       19.13181    
   83.25000       17.62352    
   83.50000       16.33575    
   83.75000       15.24601    
   84.00000       14.33181    
   84.25000       13.57539    
   84.50000       12.97777    
   84.75000       12.54466    
   85.00000       12.28181    
   85.25000       12.19352    
   85.50000       12.27844    
   85.75000       12.53379    
   86.00000       12.95681    
   86.25000       13.54179    
   86.50000       14.27123    
   86.75000       15.12471    
   87.00000       16.08181    
   87.25000       17.11537    
   87.50000       18.17127    
   87.75000       19.18870    
   88.00000       20.10681    
   88.25000       20.88528    
   88.50000       21.56581    
   88.75000       22.21058    
   89.00000       22.88181    
   89.25000       23.63478    
   89.50000       24.49701    
   89.75000       25.48915    
   90.00000       26.63181    
   90.25000       27.94697    
   90.50000       29.46202    
   90.75000       31.20572    
   91.00000       33.20681    
   91.25000       35.48775    
   91.50000       38.04576    
   91.75000       40.87181    
   92.00000       43.95681    
   92.25000       47.28431    
   92.50000       50.80828    
   92.75000       54.47526    
   93.00000       58.23181    
   93.25000       62.02875    
   93.50000       65.83387    
   93.75000       69.61921    
   94.00000       73.35681    
   94.25000       77.00600    
   94.50000       80.47525    
   94.75000       83.66026    
   95.00000       86.45681    
   95.25000       88.80997    
   95.50000       90.86227    
   95.75000       92.80560    
   96.00000       94.83182    
   96.25000       97.09069    
   96.50000       99.56342    
   96.75000       102.1891    
   97.00000       104.9068    
   97.25000       107.6279    
   97.50000       110.1531    
   97.75000       112.2551    
   98.00000       113.7068    
   98.25000       114.3603    
   98.50000       114.3840    
   98.75000       114.0253    
   99.00000       113.5318    
   99.25000       113.1028    
   99.50000       112.7455    
   99.75000       112.4188    
   100.0000       112.0818    
   100.2500       111.6934    
   100.5000       111.2124    
   100.7500       110.5973    
   101.0000       109.8068    
   101.2500       108.8326    
   101.5000       107.7989    
   101.7500       106.8629    
   102.0000       106.1818    
   102.2500       105.8828    
   102.5000       105.9733    
   102.7500       106.4305    
   103.0000       107.2318    
   103.2500       108.3557    
   103.5000       109.7861    
   103.7500       111.5081    
   104.0000       113.5068    
   104.2500       115.7589    
   104.5000       118.2075    
   104.7500       120.7869    
 
 "IV theory
   66.25000       10.30582    
   66.50000       10.70664    
   66.75000       11.15391    
   67.00000       11.64971    
   67.25000       12.19553    
   67.50000       12.79042    
   67.75000       13.43284    
   68.00000       14.12123    
   68.25000       14.85376    
   68.50000       15.62752    
   68.75000       16.43930    
   69.00000       17.28591    
   69.25000       18.16414    
   69.50000       19.07081    
   69.75000       20.00273    
   70.00000       20.95671    
   70.25000       21.92938    
   70.50000       22.91653    
   70.75000       23.91381    
   71.00000       24.91682    
   71.25000       25.92082    
   71.50000       26.91965    
   71.75000       27.90679    
   72.00000       28.87572    
   72.25000       29.81975    
   72.50000       30.73151    
   72.75000       31.60346    
   73.00000       32.42805    
   73.25000       33.19779    
   73.50000       33.90526    
   73.75000       34.54309    
   74.00000       35.10391    
   74.25000       35.58112    
   74.50000       35.97129    
   74.75000       36.27176    
   75.00000       36.47989    
   75.25000       36.59446    
   75.50000       36.62000    
   75.75000       36.56249    
   76.00000       36.42790    
   76.25000       36.22286    
   76.50000       35.95665    
   76.75000       35.63918    
   77.00000       35.28036    
   77.25000       34.89012    
   77.50000       34.47822    
   77.75000       34.05442    
   78.00000       33.62849    
   78.25000       33.20985    
   78.50000       32.80665    
   78.75000       32.42673    
   79.00000       32.07790    
   79.25000       31.76740    
   79.50000       31.50007    
   79.75000       31.28013    
   80.00000       31.11184    
   80.25000       30.99916    
   80.50000       30.94498    
   80.75000       30.95192    
   81.00000       31.02260    
   81.25000       31.15964    
   81.50000       31.36566    
   81.75000       31.64330    
   82.00000       31.99519    
   82.25000       32.42373    
   82.50000       32.93051    
   82.75000       33.51688    
   83.00000       34.18420    
   83.25000       34.93346    
   83.50000       35.76411    
   83.75000       36.67521    
   84.00000       37.66586    
   84.25000       38.73494    
   84.50000       39.88066    
   84.75000       41.10105    
   85.00000       42.39414    
   85.25000       43.75795    
   85.50000       45.19056    
   85.75000       46.69001    
   86.00000       48.25437    
   86.25000       49.88169    
   86.50000       51.57008    
   86.75000       53.31760    
   87.00000       55.12234    
   87.25000       56.98242    
   87.50000       58.89597    
   87.75000       60.86116    
   88.00000       62.87614    
   88.25000       64.93907    
   88.50000       67.04815    
   88.75000       69.20157    
   89.00000       71.39748    
   89.25000       73.63412    
   89.50000       75.90965    
   89.75000       78.22226    
   90.00000       80.57015    
   90.25000       82.95152    
   90.50000       85.36462    
   90.75000       87.80771    
   91.00000       90.27907    
   91.25000       92.77697    
   91.50000       95.29981    
   91.75000       97.84595    
   92.00000       100.4138    
   92.25000       103.0018    
   92.50000       105.6084    
   92.75000       108.2320    
   93.00000       110.8712    
   93.25000       113.5244    
   93.50000       116.1901    
   93.75000       118.8665    
   94.00000       121.5521    
   94.25000       124.2444    
   94.50000       126.9379    
   94.75000       129.6266    
   95.00000       132.3043    
   95.25000       134.9633    
   95.50000       137.5907    
   95.75000       140.1719    
   96.00000       142.6925    
   96.25000       145.1374    
   96.50000       147.4891    
   96.75000       149.7292    
   97.00000       151.8396    
   97.25000       153.8018    
   97.50000       155.5980    
   97.75000       157.2102    
   98.00000       158.6203    
   98.25000       159.8114    
   98.50000       160.7708    
   98.75000       161.4865    
   99.00000       161.9467    
   99.25000       162.1417    
   99.50000       162.0689    
   99.75000       161.7280    
   100.0000       161.1185    
   100.2500       160.2406    
   100.5000       159.0984    
   100.7500       157.6964    
   101.0000       156.0393    
   101.2500       154.1318    
   101.5000       151.9785    
   101.7500       149.5839    
   102.0000       146.9529    
   102.2500       144.0905    
   102.5000       141.0045    
   102.7500       137.7033    
   103.0000       134.1950    
   103.2500       130.4893    
   103.5000       126.5998    
   103.7500       122.5417    
   104.0000       118.3297    
   104.2500       113.9795    
   104.5000       109.5085    
   104.7500       104.9347    
 
