
          COORDINATES AFTER SORTING

        -1.97329998      -3.03899980      -3.03899980
        -1.97329998      -3.03899980       3.03899980
        -1.97329998       3.03899980      -3.03899980
        -1.97329998       3.03899980       3.03899980
        -1.91900003       0.00000000       0.00000000
        -1.78160000      -3.22079992       0.00000000
        -1.78160000       3.22079992       0.00000000
        -1.78160000       0.00000000      -3.22079992
        -1.78160000       0.00000000       3.22079992
        -0.36739999       6.22499990      -4.01949978
        -0.36739999       6.22499990       4.01949978
        -0.36739999      -4.01949978       6.22499990
        -0.36739999       4.01949978       6.22499990
        -0.35730001       6.22499990      -1.36029994
        -0.35730001       6.22499990       1.36029994
        -0.35730001      -1.36029994       6.22499990
        -0.35730001       1.36029994       6.22499990
         0.07300000      -1.24919999      -1.24919999
         0.07300000      -1.24919999       1.24919999
         0.07300000       1.24919999      -1.24919999
         0.07300000       1.24919999       1.24919999
         0.18359999      -3.67589998      -3.67589998
         0.18359999      -3.67589998       3.67589998
         0.18359999       3.67589998      -3.67589998
         0.18359999       3.67589998       3.67589998
         0.18790001      -3.70320010      -1.34150004
         0.18790001      -3.70320010       1.34150004
         0.18790001       3.70320010      -1.34150004
         0.18790001       3.70320010       1.34150004
         0.18790001      -1.34150004      -3.70320010
         0.18790001      -1.34150004       3.70320010
         0.18790001       1.34150004      -3.70320010
         0.18790001       1.34150004       3.70320010
         1.71630001      -2.66989994       0.00000000
         1.71630001       2.66989994       0.00000000
         1.71630001       0.00000000      -2.66989994
         1.71630001       0.00000000       2.66989994
         1.71910000      -4.99989986      -4.99989986
         1.71910000      -4.99989986       4.99989986
         1.71910000       4.99989986      -4.99989986
         1.71910000       4.99989986       4.99989986
         1.74389994      -5.11119986       0.00000000
         1.74389994       5.11119986       0.00000000
         1.74389994       0.00000000      -5.11119986
         1.74389994       0.00000000       5.11119986
         1.75250018       0.00000000       0.00000000
         1.81930006      -5.12599993      -2.45460033
         1.81930006      -5.12599993       2.45460033
         1.81930006       5.12599993      -2.45460033
         1.81930006       5.12599993       2.45460033
         1.81930006      -2.45460033      -5.12599993
         1.81930006      -2.45460033       5.12599993
         1.81930006       2.45460033      -5.12599993
         1.81930006       2.45460033       5.12599993
         2.00799990      -2.37030005      -2.37030005
         2.00799990      -2.37030005       2.37030005
         2.00799990       2.37030005      -2.37030005
         2.00799990       2.37030005       2.37030005

 DIRECTION SET SEARCH COMPLETE 
 ======================= 
 RFAC10

 CONVERGENCE TOLERANCE ACHIEVED =.000255
 DIMENSIONALITY OF SEARCH=   29
 ISMOTH=    1

 COORDINATES AT MINIMUM;  LSFLAG

  0.00000000  0.04163829  0.04163829   1
  0.00000000  0.04163829 -0.04163829   1
  0.00000000 -0.04163829  0.04163829   1
  0.00000000 -0.04163829 -0.04163829   1
  0.00243259  0.00000000  0.00000000   2
  0.00000490  0.00000000  0.00000000   3
  0.00000490  0.00000000  0.00000000   3
  0.00000490  0.00000000  0.00000000   3
  0.00000490  0.00000000  0.00000000   3
 -0.00800289  0.00000000 -0.02006000   4
 -0.00800289  0.00000000  0.02006000   4
 -0.00800289 -0.02006000  0.00000000   4
 -0.00800289  0.02006000  0.00000000   4
 -0.00552709  0.00000000 -0.00655342   5
 -0.00552709  0.00000000  0.00655342   5
 -0.00552709 -0.00655342  0.00000000   5
 -0.00552709  0.00655342  0.00000000   5
  0.00000000 -0.00274602 -0.00274602   6
  0.00000000 -0.00274602  0.00274602   6
  0.00000000  0.00274602 -0.00274602   6
  0.00000000  0.00274602  0.00274602   6
  0.00001107  0.00000000  0.00000000   7
  0.00001107  0.00000000  0.00000000   7
  0.00001107  0.00000000  0.00000000   7
  0.00001107  0.00000000  0.00000000   7
  0.00000000 -0.00239059 -0.00053158   8
  0.00000000 -0.00239059  0.00053158   8
  0.00000000  0.00239059 -0.00053158   8
  0.00000000  0.00239059  0.00053158   8
  0.00000000 -0.00053158 -0.00239059   8
  0.00000000 -0.00053158  0.00239059   8
  0.00000000  0.00053158 -0.00239059   8
  0.00000000  0.00053158  0.00239059   8
 -0.00006225  0.00057355  0.00000000   9
 -0.00006225 -0.00057355  0.00000000   9
 -0.00006225  0.00000000  0.00057355   9
 -0.00006225  0.00000000 -0.00057355   9
  0.00010872  0.10424688  0.10424688  10
  0.00010872  0.10424688 -0.10424688  10
  0.00010872 -0.10424688  0.10424688  10
  0.00010872 -0.10424688 -0.10424688  10
  0.00000516 -0.00000749  0.00000000  11
  0.00000516  0.00000749  0.00000000  11
  0.00000516  0.00000000 -0.00000749  11
  0.00000516  0.00000000  0.00000749  11
  0.00000000  0.00000000  0.00000000  12
  0.00000000  0.00257081  0.00005212  13
  0.00000000  0.00257081 -0.00005212  13
  0.00000000 -0.00257081  0.00005212  13
  0.00000000 -0.00257081 -0.00005212  13
  0.00000000  0.00005212  0.00257081  13
  0.00000000  0.00005212 -0.00257081  13
  0.00000000 -0.00005212  0.00257081  13
  0.00000000 -0.00005212 -0.00257081  13
  0.00000000  0.00013662  0.00013662  14
  0.00000000  0.00013662 -0.00013662  14
  0.00000000 -0.00013662  0.00013662  14
  0.00000000 -0.00013662 -0.00013662  14

 NUMBER OF ITERATIONS =  2
 NUMBER OF FUNCTIONAL EVALUATIONS =  365

 OPTIMUM R-FACTOR = 0.2364
 OPTIMUM VALUE OF INNER POTENTIAL = 8.7060
