#TitleText:Ni(001)-(5x5)-Li     Beam (4/5,1/5)            Rfac10=       0.6066
 IV exp
   40.250000000000000        230.52602625380905     
   40.500000000000000        227.55468580037015     
   40.750000000000000        224.41179928484979     
   41.000000000000000        221.01159367620713     
   41.250000000000000        217.28610022444218     
   41.500000000000000        213.23856730371801     
   41.750000000000000        208.89004756923839     
   42.000000000000000        204.26159367620713     
   42.250000000000000        199.39718178066497     
   42.500000000000000        194.43248204200060     
   42.750000000000000        189.52608812043948     
   43.000000000000000        184.83659367620714     
   43.250000000000000        180.50137533514064     
   43.500000000000000        176.57294158552247     
   43.750000000000000        173.08258388124665     
   44.000000000000000        170.06159367620714     
   44.250000000000000        167.53133206101535     
   44.500000000000000        165.47343867315237     
   44.750000000000000        163.85962278681680     
   45.000000000000000        162.66159367620716     
   45.250000000000000        161.86004597804092     
   45.500000000000000        161.47161577911095     
   45.750000000000000        161.52192452872907     
   46.000000000000000        162.03659367620713     
   46.250000000000000        163.04882733406393     
   46.500000000000000        164.62216026764671     
   46.750000000000000        166.82770990550969     
   47.000000000000000        169.73659367620715     
   47.250000000000000        173.42123799294612     
   47.500000000000000        177.95930520754501     
   47.750000000000000        183.42976665647498     
   48.000000000000000        189.91159367620716     
   48.250000000000000        197.45687650139445     
   48.500000000000000        206.01018095941618     
   48.750000000000000        215.48919177583340     
   49.000000000000000        225.81159367620714     
   49.250000000000000        236.91066180871903     
   49.500000000000000        248.78203301203320     
   49.750000000000000        261.43693454743430     
   50.000000000000000        274.88659367620716     
   50.250000000000000        289.15285082097228     
   50.500000000000000        304.29999904969395     
   50.750000000000000        320.40294459167228     
   51.000000000000000        337.53659367620708     
   51.250000000000000        355.76624696463455     
   51.500000000000000        375.11878284643365     
   51.750000000000000        395.61147414311949     
   52.000000000000000        417.26159367620710     
   52.250000000000000        440.04820775273220     
   52.500000000000000        463.79755662181401     
   52.750000000000000        488.29767401809227     
   53.000000000000000        513.33659367620714     
   53.250000000000000        538.64837470667942     
   53.500000000000000        563.75117772355338     
   53.750000000000000        588.10918871675426     
   54.000000000000000        611.18659367620717     
   54.250000000000000        632.48332422779299     
   54.500000000000000        651.64229454121551     
   54.750000000000000        668.34216442213381     
   55.000000000000000        682.26159367620721     
   55.250000000000000        693.04570293939150     
   55.500000000000000        700.20545616882782     
   55.750000000000000        703.21827815195377     
   56.000000000000000        701.56159367620717     
   56.250000000000000        694.88584794688427     
   56.500000000000000        683.53356784071639     
   56.750000000000000        668.02030065229394     
   57.000000000000000        648.86159367620712     
   57.250000000000000        626.69218608031463     
   57.500000000000000        602.62358452554940     
   57.750000000000000        577.88648754611313     
   58.000000000000000        553.71159367620714     
   58.250000000000000        531.09856353910004     
   58.500000000000000        510.12290611432866     
   58.750000000000000        490.62909247049640     
   59.000000000000000        472.46159367620714     
   59.250000000000000        455.44601244552780     
   59.500000000000000        439.33247807437886     
   59.750000000000000        423.85225150414408     
   60.000000000000000        408.73659367620712     
   60.250000000000000        393.78226123603167     
   60.500000000000000        379.04799364539906     
   60.750000000000000        364.65802607017054     
   61.000000000000000        350.73659367620712     
   61.250000000000000        337.37497341758854     
   61.500000000000000        324.53260940126791     
   61.750000000000000        312.13598752241694     
   62.000000000000000        300.11159367620712     
   62.250000000000000        288.40654777585712     
   62.500000000000000        277.05050580677221     
   62.750000000000000        266.09375777240484     
   63.000000000000000        255.58659367620712     
   63.250000000000000        245.56566316122593     
   63.500000000000000        236.01305442888599     
   63.750000000000000        226.89721532020661     
   64.000000000000000        218.18659367620711     
   64.250000000000000        209.85387726148195     
   64.500000000000000        201.88871353492652     
   64.750000000000000        194.28498987901139     
   65.000000000000000        187.03659367620713     
   65.250000000000000        180.15987422508897     
   65.500000000000000        173.76102848865068     
   65.750000000000000        167.96871534599060     
   66.000000000000000        162.91159367620716     
   66.250000000000000        158.67618789540501     
   66.500000000000000        155.18048456771371     
   66.750000000000000        152.30033579426913     
   67.000000000000000        149.91159367620713     
   67.250000000000000        147.91704562553394     
   67.500000000000000        146.32722029773740     
   67.750000000000000        145.17958165917571     
   68.000000000000000        144.51159367620713     
   68.250000000000000        144.36151978470201     
   68.500000000000000        144.77082129857948     
   68.750000000000000        145.78175900127076     
   69.000000000000000        147.43659367620714     
   69.250000000000000        149.74745291790077     
   69.500000000000000        152.60593156518746     
   69.750000000000000        155.87349126798401     
   70.000000000000000        159.41159367620716     
   70.250000000000000        163.10651185093781     
   70.500000000000000        166.94376449791352     
   70.750000000000000        170.93368173403607     
   71.000000000000000        175.08659367620714     
   71.250000000000000        179.41715548559091     
   71.500000000000000        183.95732250040126     
   71.750000000000000        188.74337510311457     
   72.000000000000000        193.81159367620714     
   72.250000000000000        199.18817826394138     
   72.500000000000000        204.85900755772420     
   72.750000000000000        210.79987991074847     
   73.000000000000000        216.98659367620715     
   73.250000000000000        223.38797476588636     
   73.500000000000000        229.94495932594478     
   73.750000000000000        236.59151106113438     
   74.000000000000000        243.26159367620713     
   74.250000000000000        249.89198472975610     
   74.500000000000000        256.43071719573948     
   74.750000000000000        262.82863790195671     
   75.000000000000000        269.03659367620713     
   75.250000000000000        275.00388274733200     
   75.500000000000000        280.67360894833996     
   75.750000000000000        285.98732751328146     
   76.000000000000000        290.88659367620710     
   76.250000000000000        295.29837446315855     
   76.500000000000000        299.09128406814330     
   76.750000000000000        302.11934847715997     
   77.000000000000000        304.23659367620712     
   77.250000000000000        305.32413458227643     
   77.500000000000000        305.37144183632961     
   77.750000000000000        304.39507501032165     
   78.000000000000000        302.41159367620708     
   78.250000000000000        299.47074301497867     
   78.500000000000000        295.75501064378079     
   78.750000000000000        291.48006978879619     
   79.000000000000000        286.86159367620712     
   79.250000000000000        282.09175229005177     
   79.500000000000000        277.26870264578974     
   79.750000000000000        272.46709851673643     
   80.000000000000000        267.76159367620710     
   80.250000000000000        263.22243488205726     
   80.500000000000000        258.90224083030307     
   80.750000000000000        254.84922320150088     
   81.000000000000000        251.11159367620712     
   81.250000000000000        247.74314836396192     
   81.500000000000000        244.82002109024074     
   81.750000000000000        242.42393010950269     
   82.000000000000000        240.63659367620713     
   82.250000000000000        239.53429934433771     
   82.500000000000000        239.17161186597679     
   82.750000000000000        239.59766529273102     
   83.000000000000000        240.86159367620715     
   83.250000000000000        242.98609131592988     
   83.500000000000000        245.88809350309504     
   83.750000000000000        249.45809577681621     
   84.000000000000000        253.58659367620714     
   84.250000000000000        258.17370994918565     
   84.500000000000000        263.15807617888606     
   84.750000000000000        268.48795115724704     
   85.000000000000000        274.11159367620712     
   85.250000000000000        280.00230281957050     
   85.500000000000000        286.23353883860352     
   85.750000000000000        292.90380227643846     
   86.000000000000000        300.11159367620712     
   86.250000000000000        307.89992207977514     
   86.500000000000000        316.08983052394240     
   86.750000000000000        324.44687054424196     
   87.000000000000000        332.73659367620712     
   87.250000000000000        340.72694591857146     
   87.500000000000000        348.19545112286960     
   87.750000000000000        354.92202760383645     
   88.000000000000000        360.68659367620717     
   88.250000000000000        365.31849692818184     
   88.500000000000000        368.84480204182205     
   88.750000000000000        371.34200297265488     
   89.000000000000000        372.88659367620710     
   89.250000000000000        373.54167530094423     
   89.500000000000000        373.31677776708500     
   89.750000000000000        372.20803818778688     
   90.000000000000000        370.21159367620714     
   90.250000000000000        367.31170767528420     
   90.500000000000000        363.44514894708072     
   90.750000000000000        358.53681258344045     
   91.000000000000000        352.51159367620721     
   91.250000000000000        345.35097793016189     
   91.500000000000000        337.26281350183490     
   91.750000000000000        328.51153916069416     
   92.000000000000000        319.36159367620712     
   92.250000000000000        310.06292703631129     
   92.500000000000000        300.80753410282239     
   92.750000000000000        291.77292095602581     
   93.000000000000000        283.13659367620710     
   93.250000000000000        275.01140723183585     
   93.500000000000000        267.25161214411844     
   93.750000000000000        259.64680782244540     
   94.000000000000000        251.98659367620715     
   94.250000000000000        244.10905296858800     
   94.500000000000000        236.04620437794662     
   94.750000000000000        227.87855043643552     
   95.000000000000000        219.68659367620714     
   95.250000000000000        211.56998982605506     
   95.500000000000000        203.70500740133789     
   95.750000000000000        196.28706811405530     
   96.000000000000000        189.51159367620716     
   96.250000000000000        183.52000290943462     
   96.500000000000000        178.23770307394474     
   96.750000000000000        173.53609853958608     
   97.000000000000000        169.28659367620713     
   97.250000000000000        165.36643559344935     
   97.500000000000000        161.67624236012600     
   97.750000000000000        158.12247478484321     
   98.000000000000000        154.61159367620715     
   98.250000000000000        151.09241052401075     
   98.500000000000000        147.68313954279407     
   98.750000000000000        144.54434562828391     
   99.000000000000000        141.83659367620714     
   99.250000000000000        139.69989061775053     
   99.500000000000000        138.19201152594064     
   99.750000000000000        137.35017350926398     
   100.00000000000000        137.21159367620714     
   100.25000000000000        137.82719843723004     
   100.50000000000000        139.30275141068628     
   100.75000000000000        141.75772551690295     
   101.00000000000000        145.31159367620714     
   101.25000000000000        150.06790894057218     
   101.50000000000000        156.06654488855705     
   101.75000000000000        163.33145523036691     
   102.00000000000000        171.88659367620713     
   102.25000000000000        181.70275910772401     
   102.50000000000000        192.53813109232831     
   102.75000000000000        204.09773436887204     
   103.00000000000000        216.08659367620712     
   103.25000000000000        228.26952293577460     
   103.50000000000000        240.65049279937239     
   103.75000000000000        253.29326310138754     
   104.00000000000000        266.26159367620716     
   104.25000000000000        279.60550808142040     
   104.50000000000000        293.32008476742499     
   104.75000000000000        307.38666590782054     
   105.00000000000000        321.78659367620719     
   105.25000000000000        336.47839742078668     
   105.50000000000000        351.32935518817067     
   105.75000000000000        366.18393219957284     
   106.00000000000000        380.88659367620710     
   106.25000000000000        395.33054241767559     
   106.50000000000000        409.60393153713505     
   106.75000000000000        423.84365172613047     
   107.00000000000000        438.18659367620717     
   107.25000000000000        452.74047934075350     
   107.50000000000000        467.49635572053182     
   107.75000000000000        482.41610107814779     
   108.00000000000000        497.46159367620714     
   108.25000000000000        512.61772727655307     
   108.50000000000000        527.96145763798017     
   108.75000000000000        543.59275601852073     
   109.00000000000000        559.61159367620712     
   109.25000000000000        576.12301736027689     
   109.50000000000000        593.25237578479005     
   109.75000000000000        611.13009315501165     
   110.00000000000000        629.88659367620721     
   110.25000000000000        649.57929658958210     
   110.50000000000000        669.97360128010280     
   110.75000000000000        690.76190216867565     
   111.00000000000000        711.63659367620721     
   111.25000000000000        732.33170208863783     
   111.50000000000000        752.74778115204231     
   111.75000000000000        772.82701647752924     
   112.00000000000000        792.51159367620710     
   112.25000000000000        811.75212898810980     
   112.50000000000000        830.53296116897116     
   112.75000000000000        848.84685960345064     
   113.00000000000000        866.68659367620717     
   113.25000000000000        884.02660964116603     
   113.50000000000000        900.76806122931578     
   113.75000000000000        916.79377904091120     
   114.00000000000000        931.98659367620712     
   114.25000000000000        946.22974450446929     
   114.50000000000000        959.40810597100869     
   114.75000000000000        971.40696129014725     
   115.00000000000000        982.11159367620724     
   115.25000000000000        991.45170877319958     
   115.50000000000000        999.53470194389229     
   115.75000000000000        1006.5123909807426     
   116.00000000000000        1012.5365936762072     
   116.25000000000000        1017.7751699599755     
   116.50000000000000        1022.4601483106651     
   116.75000000000000        1026.8395993441256     
   117.00000000000000        1031.1615936762071     
   117.25000000000000        1035.5952984441412     
   117.50000000000000        1039.9942668706899     
   117.75000000000000        1044.1331486999970     
   118.00000000000000        1047.7865936762071     
   118.25000000000000        1050.8194483207019     
   118.50000000000000        1053.4573462638177     
   118.75000000000000        1056.0161179131283     
   119.00000000000000        1058.8115936762072     
   119.25000000000000        1062.0515484552932     
   119.50000000000000        1065.5115351312818     
   119.75000000000000        1068.8590510797333     
   120.00000000000000        1071.7615936762072     
   120.25000000000000        1073.8466542903680     
   120.50000000000000        1074.5817002682975     
   120.75000000000000        1073.3941929501818     
   121.00000000000000        1069.7115936762070     
   121.25000000000000        1063.1845214404777     
   121.50000000000000        1054.3562258527709     
   121.75000000000000        1043.9931141767820     
   122.00000000000000        1032.8615936762071     
   122.25000000000000        1021.6363845049640     
   122.50000000000000        1010.6254583778617     
   122.75000000000000        1000.0450998999322     
   123.00000000000000        990.11159367620712     
   123.25000000000000        980.93598697190919     
   123.50000000000000        972.20837769302500     
   123.75000000000000        963.51362640573188     
   124.00000000000000        954.43659367620717     
   124.25000000000000        944.61813591464193     
   124.50000000000000        933.92309290728110     
   124.75000000000000        922.27230028438316     
   125.00000000000000        909.58659367620714     
   125.25000000000000        895.79110955176623     
   125.50000000000000        880.82818773509393     
   125.75000000000000        864.64446888897817     
   126.00000000000000        847.18659367620717     
   126.25000000000000        828.43737856053599     
   126.50000000000000        808.52434320958650     
   126.75000000000000        787.61118309194728     
   127.00000000000000        765.86159367620724     
   127.25000000000000        743.46643826333298     
   127.50000000000000        720.72525148380339     
   127.75000000000000        697.96473580047586     
   128.00000000000000        675.51159367620721     
   128.25000000000000        653.61994606837550     
   128.50000000000000        632.25358791244287     
   128.75000000000000        611.30373263839249     
   129.00000000000000        590.66159367620708     
   129.25000000000000        570.20302702040783     
   129.50000000000000        549.74245892366775     
   129.75000000000000        529.07895820319720     
   130.00000000000000        508.01159367620710     
   130.25000000000000        486.42071103223543     
   130.50000000000000        464.51176345012891     
   130.75000000000000        442.57148098106143     
   131.00000000000000        420.88659367620721     
   131.25000000000000        399.72509715789329     
   131.50000000000000        379.28004933305988     
   131.75000000000000        359.72577367980011     
   132.00000000000000        341.23659367620712     
   132.25000000000000        323.87424364343440     
   132.50000000000000        307.25010127487462     
   132.75000000000000        290.86295510698119     
   133.00000000000000        274.21159367620714     
   133.25000000000000        256.93538095061234     
   133.50000000000000        239.23598262468437     
   133.75000000000000        221.45563982451782     
   134.00000000000000        203.93659367620714     
   134.25000000000000        187.02449773635925     
   134.50000000000000        171.07865528363067     
   134.75000000000000        156.46178202719028     
   135.00000000000000        143.53659367620713     
   135.25000000000000        132.53540891119354     
   135.50000000000000        123.16895829803586     
   135.75000000000000        115.01757537396379     
   136.00000000000000        107.66159367620715     
   136.25000000000000        100.80499117610935     
   136.50000000000000        94.646323581468721     
   136.75000000000000        89.507791034197311     
   137.00000000000000        85.711593676207144     
   137.25000000000000        83.503641566611918     
   137.50000000000000        82.824684433332081     
   137.75000000000000        83.539181921489785     
   138.00000000000000        85.511593676207141     
   138.25000000000000        88.505082739685861     
   138.50000000000000        91.877625742445801     
   138.75000000000000        94.885902712086406     
   139.00000000000000        96.786593676207133     
   139.25000000000000        97.037386406887521     
   139.50000000000000        95.899999654127583     
   139.75000000000000        93.837159912407429     

