#TitleText:Ni(001)-(5x5)-Li     Beam (4/5,2/5)            Rfac10=       0.6464
 IV exp
   48.250000000000000        4073.0561833637021     
   48.500000000000000        4090.0154724885515     
   48.750000000000000        4116.6457094469351     
   49.000000000000000        4157.7823681556201     
   49.250000000000000        4219.1613861146070     
   49.500000000000000        4310.1205551568264     
   49.750000000000000        4440.8981306984433     
   50.000000000000000        4621.7323681556209     
   50.250000000000000        4864.5190436115918     
   50.500000000000000        5187.7840158178633     
   50.750000000000000        5611.7106641930150     
   51.000000000000000        6156.4823681556209     
   51.250000000000000        6841.9168046227496     
   51.500000000000000        7686.3688405054418     
   51.750000000000000        8707.8276402132233     
   52.000000000000000        9924.2823681556201     
   52.250000000000000        11344.381380424880     
   52.500000000000000        12939.409799844092     
   52.750000000000000        14671.311940919069     
   53.000000000000000        16502.032118155621     
   53.250000000000000        18395.656866986454     
   53.500000000000000        20324.841606551909     
   53.750000000000000        22264.383976919216     
   54.000000000000000        24189.081618155622     
   54.250000000000000        26077.603321500526     
   54.500000000000000        27924.102482881997     
   54.750000000000000        29726.603649400284     
   55.000000000000000        31483.131368155620     
   55.250000000000000        33184.827891882684     
   55.500000000000000        34795.306295853836     
   55.750000000000000        36271.297360975877     
   56.000000000000000        37569.531868155624     
   56.250000000000000        38648.524386308738     
   56.500000000000000        39473.924636386408     
   56.750000000000000        40013.166127348682     
   57.000000000000000        40233.682368155620     
   57.250000000000000        40112.997760097358     
   57.500000000000000        39669.000273784288     
   57.750000000000000        38929.668772156881     
   58.000000000000000        37922.982118155618     
   58.250000000000000        36676.449969735557     
   58.500000000000000        35215.705164910163     
   58.750000000000000        33565.911336707504     
   59.000000000000000        31752.232118155618     
   59.250000000000000        29796.428773019117     
   59.500000000000000        27706.653088008759     
   59.750000000000000        25487.654480571829     
   60.000000000000000        23144.182368155620     
   60.250000000000000        20692.030467434171     
   60.500000000000000        18191.169691988503     
   60.750000000000000        15712.615254626400     
   61.000000000000000        13327.382368155620     
   61.250000000000000        11104.904007584168     
   61.500000000000000        9108.2841967209333     
   61.750000000000000        7399.0447215750446     
   62.000000000000000        6038.7073681556194     
   62.250000000000000        5067.9727111628872     
   62.500000000000000        4444.2564800614819     
   62.750000000000000        4104.1531930071469     
   63.000000000000000        3984.2573681556200     
   63.250000000000000        4036.3184973230054     
   63.500000000000000        4272.7059669668561     
   63.750000000000000        4720.9441372050896     
   64.000000000000000        5408.5573681556198     
   64.250000000000000        6364.4295436350621     
   64.500000000000000        7622.8826422548118     
   64.750000000000000        9219.5981663249659     
   65.000000000000000        11190.257618155620     
   65.250000000000000        13547.786533164221     
   65.500000000000000        16214.086579197618     
   65.750000000000000        19088.303457210015     
   66.000000000000000        22069.582868155620     
   66.250000000000000        25076.143833423026     
   66.500000000000000        28102.498656138432     
   66.750000000000000        31162.232959862431     
   67.000000000000000        34268.932368155620     
   67.250000000000000        37430.657326452398     
   67.500000000000000        40633.367567682377     
   67.750000000000000        43857.497646648968     
   68.000000000000000        47083.482118155618     
   68.250000000000000        50280.001280638608     
   68.500000000000000        53368.718407065797     
   68.750000000000000        56259.542514037894     
   69.000000000000000        58862.382618155621     
   69.250000000000000        61105.016486489381     
   69.500000000000000        62986.696887988175     
   69.750000000000000        64524.545342070698     
   70.000000000000000        65735.683368155631     
   70.250000000000000        66635.883619056374     
   70.500000000000000        67235.523281165253     
   70.750000000000000        67543.630674269327     
   71.000000000000000        67569.234118155626     
   71.250000000000000        67315.449179812626     
   71.500000000000000        66761.740415034539     
   71.750000000000000        65881.659626816996     
   72.000000000000000        64648.758618155618     
   72.250000000000000        63050.085585470610     
   72.500000000000000        61126.674298880323     
   72.750000000000000        58933.054921927695     
   73.000000000000000        56523.757618155621     
   73.250000000000000        53951.524113019928     
   73.500000000000000        51261.942379627901     
   73.750000000000000        48498.811952999742     
   74.000000000000000        45705.932368155620     
   74.250000000000000        42915.830022945920     
   74.500000000000000        40115.938766541789     
   74.750000000000000        37282.419310944570     
   75.000000000000000        34391.432368155620     
   75.250000000000000        31428.307922098877     
   75.500000000000000        28415.053044388675     
   75.750000000000000        25382.844078561942     
   76.000000000000000        22362.857368155619     
   76.250000000000000        19393.614919467298     
   76.500000000000000        16543.021389837242     
   76.750000000000000        13886.327099366374     
   77.000000000000000        11498.782368155620     
   77.250000000000000        9446.2184058406492     
   77.500000000000000        7756.7899801960848     
   77.750000000000000        6449.2327485312871     
   78.000000000000000        5542.2823681556201     
   78.250000000000000        5035.4416036038247     
   78.500000000000000        4851.2816483121442     
   78.750000000000000        4893.1408029422018     
   79.000000000000000        5064.3573681556209     
   79.250000000000000        5275.9222793027757     
   79.500000000000000        5469.4370104890613     
   79.750000000000000        5594.1556705086268     
   80.000000000000000        5599.3323681556194     
   80.250000000000000        5453.2255974937962     
   80.500000000000000        5200.1113936653319     
   80.750000000000000        4903.2701770820131     
   81.000000000000000        4625.9823681556209     
   81.250000000000000        4420.9128990307627     
   81.500000000000000        4298.2647487833319     
   81.750000000000000        4257.6254082220457     
   82.000000000000000        4298.5823681556194     
   82.250000000000000        4411.3771715668763     
   82.500000000000000        4548.8675701350603     
   82.750000000000000        4654.5653677135251     
   83.000000000000000        4671.9823681556200     
   83.250000000000000        4560.3827798854518     
   83.500000000000000        4342.0404296101442     
   83.750000000000000        4054.9815486075740     
   84.000000000000000        3737.2323681556200     
   84.250000000000000        3425.4218553250366     
   84.500000000000000        3150.5899203580839     
   84.750000000000000        2942.3792092898993     
   85.000000000000000        2830.4323681556202     
   85.250000000000000        2832.0052577481229     
   85.500000000000000        2914.8065978912414     
   85.750000000000000        3034.1583231665495     
   86.000000000000000        3145.3823681556205     
   86.250000000000000        3213.3829632411935     
   86.500000000000000        3241.3935220106723     
   86.750000000000000        3242.2297538526245     
   87.000000000000000        3228.7073681556203     
   87.250000000000000        3211.6797544708252     
   87.500000000000000        3194.1510229997930     
   87.750000000000000        3177.1629641066738     
   88.000000000000000        3161.7573681556205     
   88.250000000000000        3149.7887121842282     
   88.500000000000000        3146.3622199238789     
   88.750000000000000        3157.3958017794002     
   89.000000000000000        3188.8073681556202     
   89.250000000000000        3254.4471057259843     
   89.500000000000000        3399.8943062384133     
   89.750000000000000        3678.6605377094452     
   90.000000000000000        4144.2573681556205     
   90.250000000000000        4844.8451988455563     
   90.500000000000000        5807.1797640561890     
   90.750000000000000        7052.6656313165386     
   91.000000000000000        8602.7073681556194     
   91.250000000000000        10477.165132044262     
   91.500000000000000        12689.721440220548     
   91.750000000000000        15252.514399864371     
   92.000000000000000        18177.682118155622     
   92.250000000000000        21475.185657692367     
   92.500000000000000        25146.277902745343     
   92.750000000000000        29190.034693003461     
   93.000000000000000        33605.531868155624     
   93.250000000000000        38372.246297682497     
   93.500000000000000        43391.258970231800     
   93.750000000000000        48544.051904243017     
   94.000000000000000        53712.107118155618     
   94.250000000000000        58779.676426917620     
   94.500000000000000        63642.090831511166     
   94.750000000000000        68197.451129426947     
   95.000000000000000        72343.858118155622     
   95.250000000000000        76012.377293424492     
   95.500000000000000        79265.932943907232     
   95.750000000000000        82200.414056514186     
   96.000000000000000        84911.709618155626     
   96.250000000000000        87476.691327068169     
   96.500000000000000        89896.161726793609     
   96.750000000000000        92151.906072200058     
   97.000000000000000        94225.709618155626     
   97.250000000000000        96092.251548642875     
   97.500000000000000        97697.786764102100     
   97.750000000000000        98981.464094088093     
   98.000000000000000        99882.432368155627     
   98.250000000000000        100358.05078495038     
   98.500000000000000        100438.52001948173     
   98.750000000000000        100172.25111585006     
   99.000000000000000        99607.655118155642     
   99.250000000000000        98786.690075176943     
   99.500000000000000        97725.502054404758     
   99.750000000000000        96433.784128008017     
   100.00000000000000        94921.229368155633     
   100.25000000000000        93196.496900619459     
   100.50000000000000        91264.110065583067     
   100.75000000000000        89127.558256832941     
   101.00000000000000        86790.330868155623     
   101.25000000000000        84251.698230497757     
   101.50000000000000        81494.054423446782     
   101.75000000000000        78495.574463750207     
   102.00000000000000        75234.433368155616     
   102.25000000000000        71699.245616791944     
   102.50000000000000        67920.383543313568     
   102.75000000000000        63938.658944756215     
   103.00000000000000        59794.883618155618     
   103.25000000000000        55538.972823768141     
   103.50000000000000        51257.255674732660     
   103.75000000000000        47045.164747408657     
   104.00000000000000        42998.132618155621     
   104.25000000000000        39192.188562694202     
   104.50000000000000        35625.748654189527     
   104.75000000000000        32277.825665167908     
   105.00000000000000        29127.432368155620     
   105.25000000000000        26156.502954701293     
   105.50000000000000        23358.657292442942     
   105.75000000000000        20730.436668040933     
   106.00000000000000        18268.382368155620     
   106.25000000000000        15979.663464153104     
   106.50000000000000        13913.960166222414     
   106.75000000000000        12131.580469258330     
   107.00000000000000        10692.832368155619     
   107.25000000000000        9634.9877882450164     
   107.50000000000000        8903.1743766011132     
   107.75000000000000        8419.4837107344629     
   108.00000000000000        8106.0073681556205     
   108.25000000000000        7892.3893574255471     
   108.50000000000000        7738.4834113068500     
   108.75000000000000        7611.6956936125353     
   109.00000000000000        7479.4323681556198     
   109.25000000000000        7316.1181316115126     
   109.50000000000000        7124.2518121052108     
   109.75000000000000        6913.3507706241144     

