#TitleText:Ni(001)-(5x5)-Li     Beam (3/5,0)              Rfac10=       1.0752
 IV exp
   35.250000000000000        499.35486319677824     
   35.500000000000000        481.59650822463539     
   35.750000000000000        462.20762654868292     
   36.000000000000000        440.37295481701625     
   36.250000000000000        415.56280552963506     
   36.500000000000000        388.38979459415879     
   36.750000000000000        359.75211377011118     
   37.000000000000000        330.54795481701620     
   37.250000000000000        301.60742483677870     
   37.500000000000000        273.48829230082686     
   37.750000000000000        246.68024102296965     
   38.000000000000000        221.67295481701615     
   38.250000000000000        198.85733340034722     
   38.500000000000000        178.22914010463097     
   38.750000000000000        159.68535416510730     
   39.000000000000000        143.12295481701616     
   39.250000000000000        128.44862671392937     
   39.500000000000000        115.60787618274627     
   39.750000000000000        104.55591496869812     
   40.000000000000000        95.247954817016165     
   40.250000000000000        87.605810521032282     
   40.500000000000000        81.417709066480938     
   40.750000000000000        76.438480487197211     
   41.000000000000000        72.422954817016176     
   41.250000000000000        69.172110104038495     
   41.500000000000000        66.671516453426989     
   41.750000000000000        64.952891984610091     
   42.000000000000000        64.047954817016162     
   42.250000000000000        63.966524839910775     
   42.500000000000000        64.630829021908099     
   42.750000000000000        65.941196101459454     
   43.000000000000000        67.797954817016176     
   43.250000000000000        70.129206938415422     
   43.500000000000000        72.974146361037640     
   43.750000000000000        76.399740011649129     
   44.000000000000000        80.472954817016173     
   44.250000000000000        85.257110683524587     
   44.500000000000000        90.800939436038362     
   44.750000000000000        97.149525879041050     
   45.000000000000000        104.34795481701617     
   45.250000000000000        112.48867297958330     
   45.500000000000000        121.85357479690595     
   45.750000000000000        132.77191662428370     
   46.000000000000000        145.57295481701618     
   46.250000000000000        160.60131692523930     
   46.500000000000000        178.26311527843490     
   46.750000000000000        198.97983340092111     
   47.000000000000000        223.17295481701615     
   47.250000000000000        251.13285072155645     
   47.500000000000000        282.62544299145145     
   47.750000000000000        317.28554117412875     
   48.000000000000000        354.74795481701614     
   48.250000000000000        394.66985284063173     
   48.500000000000000        436.79784165785617     
   48.750000000000000        480.90088705466064     
   49.000000000000000        526.74795481701619     
   49.250000000000000        574.05202931801341     
   49.500000000000000        622.30216927922072     
   49.750000000000000        670.93145200932565     
   50.000000000000000        719.37295481701608     
   50.250000000000000        767.10311816441128     
   50.500000000000000        813.77183512735769     
   50.750000000000000        859.07236193513336     
   51.000000000000000        902.69795481701613     
   51.250000000000000        944.41619567643784     
   51.500000000000000        984.29196911344502     
   51.750000000000000        1022.4644854022378     
   52.000000000000000        1059.0729548170161     
   52.250000000000000        1094.2237342819340     
   52.500000000000000        1127.8917673209587     
   52.750000000000000        1160.0191441080124     
   53.000000000000000        1190.5479548170160     
   53.250000000000000        1219.3926117229232     
   53.500000000000000        1246.3568155048160     
   53.750000000000000        1271.2165889428090     
   54.000000000000000        1293.7479548170161     
   54.250000000000000        1313.6728446034695     
   54.500000000000000        1330.4968245618729     
   54.750000000000000        1343.6713696478480     
   55.000000000000000        1352.6479548170159     
   55.250000000000000        1356.8459262652950     
   55.500000000000000        1355.5561151497884     
   55.750000000000000        1348.0372238678956     
   56.000000000000000        1333.5479548170160     
   56.250000000000000        1311.5175073624462     
   56.500000000000000        1282.0570687410695     
   56.750000000000000        1245.4483231576662     
   57.000000000000000        1201.9729548170162     
   57.250000000000000        1152.1596638120166     
   57.500000000000000        1097.5252137880302     
   57.750000000000000        1039.8333842785369     
   58.000000000000000        980.84795481701622     
   58.250000000000000        922.20539441658491     
   58.500000000000000        865.03293000890710     
   58.750000000000000        810.33047800528368     
   59.000000000000000        759.09795481701610     
   59.250000000000000        712.20140929874094     
   59.500000000000000        669.97142007843865     
   59.750000000000000        632.60469822742505     
   60.000000000000000        600.29795481701615     
   60.250000000000000        573.16419729054792     
   60.500000000000000        550.98161857943524     
   60.750000000000000        533.44470798711302     
   61.000000000000000        520.24795481701619     
   61.250000000000000        511.01898356616459     
   61.500000000000000        505.11795950591767     
   61.750000000000000        501.83818310122001     
   62.000000000000000        500.47295481701616     
   62.250000000000000        500.39290984689097     
   62.500000000000000        501.27802229899123     
   62.750000000000000        502.88560101010393     
   63.000000000000000        504.97295481701616     
   63.250000000000000        507.31194969836838     
   63.500000000000000        509.73268020021442     
   63.750000000000000        512.07979801046133     
   64.000000000000000        514.19795481701613     
   64.250000000000000        515.93764526173231     
   64.500000000000000        517.17273580224798     
   64.750000000000000        517.78293585014785     
   65.000000000000000        517.64795481701617     
   65.250000000000000        516.65058878179946     
   65.500000000000000        514.68598049289051     
   65.750000000000000        511.65235936604455     
   66.000000000000000        507.44795481701618     
   66.250000000000000        501.95671288816726     
   66.500000000000000        495.00544612828685     
   66.750000000000000        486.40668371277110     
   67.000000000000000        475.97295481701616     
   67.250000000000000        463.54466356762873     
   67.500000000000000        449.07371389605908     
   67.750000000000000        432.53988468496800     
   68.000000000000000        413.92295481701620     
   68.250000000000000        393.28400236841469     
   68.500000000000000        371.00930218957387     
   68.750000000000000        347.56642832445425     
   69.000000000000000        323.42295481701615     
   69.250000000000000        299.04807148580960     
   69.500000000000000        274.91743124774257     
   69.750000000000000        251.50830279431227     
   70.000000000000000        229.29795481701615     
   70.250000000000000        208.67940934044367     
   70.500000000000000        189.70870172155276     
   70.750000000000000        172.35762065039359     
   71.000000000000000        156.59795481701616     
   71.250000000000000        142.39077005451259     
   71.500000000000000        129.65424076814315     
   71.750000000000000        118.29581850621025     
   72.000000000000000        108.22295481701616     
   72.250000000000000        99.372583093602955     
   72.500000000000000        91.799564107971491     
   72.750000000000000        85.588240476862381     
   73.000000000000000        80.822954817016168     
   73.250000000000000        77.523813973172594     
   73.500000000000000        75.453981702067850     
   73.750000000000000        74.312385988437271     
   74.000000000000000        73.797954817016176     
   74.250000000000000        73.653874290803685     
   74.500000000000000        73.800362985854107     
   74.750000000000000        74.201897596485566     
   75.000000000000000        74.822954817016168     
   75.250000000000000        75.631230265709718     
   75.500000000000000        76.607295256612730     
   75.750000000000000        77.734940027717485     
   76.000000000000000        78.997954817016165     
   76.250000000000000        80.336667923454485     
   76.500000000000000        81.517559889791954     
   76.750000000000000        82.263649319741518     
   77.000000000000000        82.297954817016176     
   77.250000000000000        81.457873817569350     
   77.500000000000000        80.038319086316463     
   77.750000000000000        78.448582220413428     
   78.000000000000000        77.097954817016159     
   78.250000000000000        76.301987583365147     
   78.500000000000000        76.001267667039201     
   78.750000000000000        76.042641325701737     
   79.000000000000000        76.272954817016171     
   79.250000000000000        76.551592251067063     
   79.500000000000000        76.788089147623708     
   79.750000000000000        76.904518878876601     
   80.000000000000000        76.822954817016168     
   80.250000000000000        76.532497314463612     
   80.500000000000000        76.290354644562939     
   80.750000000000000        76.420762060888876     
   81.000000000000000        77.247954817016165     
   81.250000000000000        78.995209893175513     
   81.500000000000000        81.481971176221549     
   81.750000000000000        84.426724279664896     
   82.000000000000000        87.547954817016176     
   82.250000000000000        90.591579514931368     
   82.500000000000000        93.413239552647894     
   82.750000000000000        95.896007222548576     
   83.000000000000000        97.922954817016176     
   83.250000000000000        99.439482199196050     
   83.500000000000000        100.64029951528386     
   83.750000000000000        101.78244448223782     
   84.000000000000000        103.12295481701616     
   84.250000000000000        104.94603309038146     
   84.500000000000000        107.64454128831369     
   84.750000000000000        111.63850625059715     
   85.000000000000000        117.34795481701617     
   85.250000000000000        125.10161434137510     
   85.500000000000000        134.86301423355843     
   85.750000000000000        146.50438441747059     
   86.000000000000000        159.89795481701617     
   86.250000000000000        174.87195719621511     
   86.500000000000000        191.07863067954963     
   86.750000000000000        208.12621623161743     
   87.000000000000000        225.62295481701619     
   87.250000000000000        243.25453577586148     
   87.500000000000000        261.01644195034009     
   87.750000000000000        278.98160455815673     
   88.000000000000000        297.22295481701616     
   88.250000000000000        315.80036297743612     
   88.500000000000000        334.72145542118710     
   88.750000000000000        353.98079756285262     
   89.000000000000000        373.57295481701618     
   89.250000000000000        393.49580371649103     
   89.500000000000000        413.76046526700856     
   89.750000000000000        434.38137159252994     
   90.000000000000000        455.37295481701619     
   90.250000000000000        476.75297918369688     
   90.500000000000000        498.55253741287572     
   90.750000000000000        520.80605434412473     
   91.000000000000000        543.54795481701615     
   91.250000000000000        566.76711782581856     
   91.500000000000000        590.27023898358584     
   91.750000000000000        613.81846805806822     
   92.000000000000000        637.17295481701615     
   92.250000000000000        660.16159091512577     
   92.500000000000000        682.87923555487794     
   92.750000000000000        705.48748982569919     
   93.000000000000000        728.14795481701617     
   93.250000000000000        750.98401304077504     
   93.500000000000000        773.96617269899934     
   93.750000000000000        797.02672341623202     
   94.000000000000000        820.09795481701610     
   94.250000000000000        843.08735144887066     
   94.500000000000000        865.80317755122121     
   94.750000000000000        888.02889228646927     
   95.000000000000000        909.54795481701615     
   95.250000000000000        930.18829444083860     
   95.500000000000000        949.95572099821231     
   95.750000000000000        968.90051446498796     
   96.000000000000000        987.07295481701613     
   96.250000000000000        1004.4573559398717     
   96.500000000000000        1020.7741673580263     
   96.750000000000000        1035.6778725056759     
   97.000000000000000        1048.8229548170161     
   97.250000000000000        1059.9180575767716     
   97.500000000000000        1068.8884634717792     
   97.750000000000000        1075.7136150394056     
   98.000000000000000        1080.3729548170161     
   98.250000000000000        1082.8909551551392     
   98.500000000000000        1083.4722076569533     
   98.750000000000000        1082.3663337387986     
   99.000000000000000        1079.8229548170161     
   99.250000000000000        1076.0703038297681     
   99.500000000000000        1071.2510598025046     
   99.750000000000000        1065.4865132824968     
   100.00000000000000        1058.8979548170162     
   100.25000000000000        1051.5725896778847     
   100.50000000000000        1043.4612820351254     
   100.75000000000000        1034.4808107833114     
   101.00000000000000        1024.5479548170163     
   101.25000000000000        1013.6079257357901     
   101.50000000000000        1001.7196659590911     
   101.75000000000000        988.97055061135484     
   102.00000000000000        975.44795481701613     
   102.25000000000000        961.25921753105195     
   102.50000000000000        946.59153303060668     
   102.75000000000000        931.65205942336615     
   103.00000000000000        916.64795481701617     
   103.25000000000000        901.77926116709875     
   103.50000000000000        887.21755582057881     
   103.75000000000000        873.12729997227768     
   104.00000000000000        859.67295481701603     
   104.25000000000000        847.01029482764989     
   104.50000000000000        835.26034758917444     
   104.75000000000000        824.53545396461982     
   105.00000000000000        814.94795481701613     
   105.25000000000000        806.55517904939813     
   105.50000000000000        799.19440772481971     
   105.75000000000000        792.64790994633961     
   106.00000000000000        786.69795481701613     
   106.25000000000000        781.16765537685421     
   106.50000000000000        776.04350041364319     
   106.75000000000000        771.35282265211856     
   107.00000000000000        767.12295481701608     
   107.25000000000000        763.39591272028167     
   107.50000000000000        760.27244452270406     
   107.75000000000000        757.86798147228239     
   108.00000000000000        756.29795481701603     
   108.25000000000000        755.58720389411542     
   108.50000000000000        755.39820039763697     
   108.75000000000000        755.30282411084795     
   109.00000000000000        754.87295481701608     
   109.25000000000000        753.69221935535268     
   109.50000000000000        751.39123278884438     
   109.75000000000000        747.61235723642199     
   110.00000000000000        741.99795481701608     
   110.25000000000000        734.28360071157044     
   110.50000000000000        724.57772234908191     
   110.75000000000000        713.08196022056040     
   111.00000000000000        699.99795481701608     
   111.25000000000000        685.54430982546205     
   111.50000000000000        670.00748171692442     
   111.75000000000000        653.69089015843269     
   112.00000000000000        636.89795481701617     
   112.25000000000000        619.82727951367804     
   112.50000000000000        602.25820468531697     
   112.75000000000000        583.86525492280543     
   113.00000000000000        564.32295481701613     
   113.25000000000000        543.42414477192278     
   113.50000000000000        521.43492844390460     
   113.75000000000000        498.73972530244220     
   114.00000000000000        475.72295481701622     
   114.25000000000000        452.74355780072796     
   114.50000000000000        430.05856044116183     
   114.75000000000000        407.89951026952292     
   115.00000000000000        386.49795481701619     
   115.25000000000000        366.08700917726253     
   115.50000000000000        346.90605869354522     
   115.75000000000000        329.19605627156346     
   116.00000000000000        313.19795481701618     
   116.25000000000000        299.21136876731907     
   116.50000000000000        287.77055868675421     
   116.75000000000000        279.46844667132035     
   117.00000000000000        274.89795481701617     
   117.25000000000000        274.22360403055836     
   117.50000000000000        275.89631046153499     
   117.75000000000000        277.93858907025231     
   118.00000000000000        278.37295481701619     
   118.25000000000000        275.60108463754466     
   118.50000000000000        269.54130336920281     
   118.75000000000000        260.49109782476768     
   119.00000000000000        248.74795481701619     
   119.25000000000000        234.90548944636015     
   119.50000000000000        220.74182996375072     
   119.75000000000000        208.33123290777405     
   120.00000000000000        199.74795481701619     
   120.25000000000000        196.36195210411194     
   120.50000000000000        196.72598067789130     
   120.75000000000000        198.68849632123306     
   121.00000000000000        200.09795481701616     
   121.25000000000000        199.11372791428931     
   121.50000000000000        195.13885122678118     
   121.75000000000000        187.88727633439061     
   122.00000000000000        177.07295481701618     
   122.25000000000000        163.02984951582789     
   122.50000000000000        148.57196831708089     
   122.75000000000000        137.13333036830153     
   123.00000000000000        132.14795481701617     
   123.25000000000000        136.30577479949611     
   123.50000000000000        149.32037940699223     
   123.75000000000000        170.16127171950029     
   124.00000000000000        197.79795481701615     
   124.25000000000000        231.06603018828469     
   124.50000000000000        268.26549295704723     
   124.75000000000000        307.56243665579422     
   125.00000000000000        347.12295481701614     
   125.25000000000000        385.69127084946206     
   125.50000000000000        424.32412766691573     
   125.75000000000000        464.65639805941959     
   126.00000000000000        508.32295481701613     
   126.25000000000000        556.66794344096400     
   126.50000000000000        609.87260027738671     
   126.75000000000000        667.82743438362422     
   127.00000000000000        730.42295481701615     
   127.25000000000000        797.40593428877889     
   127.50000000000000        867.94820012563412     
   127.75000000000000        941.07784330818049     
   128.00000000000000        1015.8229548170161     
   128.25000000000000        1091.4448764310175     
   128.50000000000000        1168.1379531221735     
   128.75000000000000        1246.3297806607507     
   129.00000000000000        1326.4479548170161     
   129.25000000000000        1408.8421326392477     
   129.50000000000000        1493.5502162877688     
   129.75000000000000        1580.5321692009134     
   130.00000000000000        1669.7479548170161     
   130.25000000000000        1761.0223687890882     
   130.50000000000000        1853.6395356288485     
   130.75000000000000        1946.7484120626925     
   131.00000000000000        2039.4979548170161     
   131.25000000000000        2130.9963554814954     
   131.50000000000000        2220.1887450989339     
   131.75000000000000        2305.9794895754126     
   132.00000000000000        2387.2729548170159     
   132.25000000000000        2463.1494694370244     
   132.50000000000000        2533.3932128775127     
   132.75000000000000        2597.9643272877529     
   133.00000000000000        2656.8229548170161     
   133.25000000000000        2710.1204487975019     
   133.50000000000000        2758.7730072931117     
   133.75000000000000        2803.8880395506735     
   134.00000000000000        2846.5729548170161     
   134.25000000000000        2887.8013861500649     
   134.50000000000000        2928.0118618521374     
   134.75000000000000        2967.5091340366494     
   135.00000000000000        3006.5979548170167     
   135.25000000000000        3045.4867355043361     
   135.50000000000000        3083.9985242004363     
   135.75000000000000        3121.8600282048264     
   136.00000000000000        3158.7979548170165     
   136.25000000000000        3194.5401819846888     
   136.50000000000000        3228.8192702482156     
   136.75000000000000        3261.3689507961431     
   137.00000000000000        3291.9229548170156     
   137.25000000000000        3320.1769842090071     
   137.50000000000000        3345.6746237087973     
   137.75000000000000        3367.9214287626974     
   138.00000000000000        3386.4229548170160     
   138.25000000000000        3400.8282819563801     
   138.50000000000000        3411.3605888186889     
   138.75000000000000        3418.3865786801616     
   139.00000000000000        3422.2729548170159     
   139.25000000000000        3423.4909762425696     
   139.50000000000000        3422.9301249185419     
   139.75000000000000        3421.5844385437513     
   140.00000000000000        3420.4479548170161     
   140.25000000000000        3419.5674169754370     
   140.50000000000000        3415.2003904092398     
   140.75000000000000        3402.6571460469308     
   141.00000000000000        3377.2479548170163     
   141.25000000000000        3335.1423191327785     
   141.50000000000000        3275.9466673465954     
   141.75000000000000        3200.1266592956240     
   142.00000000000000        3108.1479548170164     
   142.25000000000000        3001.9498635205482     
   142.50000000000000        2889.3662941064749     
   142.75000000000000        2779.7048050476724     
   143.00000000000000        2682.2729548170159     
   143.25000000000000        2604.4951744371256     
   143.50000000000000        2546.2633851296000     
   143.75000000000000        2505.5863806657821     
   144.00000000000000        2480.4729548170158     
   144.25000000000000        2468.5157613830452     
   144.50000000000000        2465.6428942772204     
   144.75000000000000        2467.3663074412934     
   145.00000000000000        2469.1979548170161     
   145.25000000000000        2467.5802901827901     
   145.50000000000000        2462.6777666636149     
   145.75000000000000        2455.5853372211400     

