#TitleText:Ni(001)-(5x5)-Li     Beam (2/5,2/5)            Rfac10=       0.7810
 IV exp
   40.250000000000000        93.068825383090044     
   40.500000000000000        88.105479519348762     
   40.750000000000000        83.376594807262506     
   41.000000000000000        78.999401822658854     
   41.250000000000000        75.066088065537755     
   41.500000000000000        71.568668732589146     
   41.750000000000000        68.474115944675390     
   42.000000000000000        65.749401822658868     
   42.250000000000000        63.362842665712066     
   42.500000000000000        61.288131486247821     
   42.750000000000000        59.500305474989098     
   43.000000000000000        57.974401822658862     
   43.250000000000000        56.689108457567194     
   43.500000000000000        55.637716258372762     
   43.750000000000000        54.817166841321381     
   44.000000000000000        54.224401822658869     
   44.250000000000000        53.841587564972357     
   44.500000000000000        53.591789416214311     
   44.750000000000000        53.383297470678556     
   45.000000000000000        53.124401822658868     
   45.250000000000000        52.774155343496588     
   45.500000000000000        52.494662012723175     
   45.750000000000000        52.498788586917605     
   46.000000000000000        52.999401822658868     
   46.250000000000000        54.192967621994491     
   46.500000000000000        56.210348468846185     
   46.750000000000000        59.166005992604219     
   47.000000000000000        63.174401822658865     
   47.250000000000000        68.290228854478656     
   47.500000000000000        74.329105047845275     
   47.750000000000000        81.046879628618697     
   48.000000000000000        88.199401822658871     
   48.250000000000000        95.569871646044092     
   48.500000000000000        103.05089227572593     
   48.750000000000000        110.56241767887421     
   49.000000000000000        118.02440182265886     
   49.250000000000000        125.36888299729814     
   49.500000000000000        132.57623678520423     
   49.750000000000000        139.63892309183760     
   50.000000000000000        146.54940182265887     
   50.250000000000000        153.29710105071646     
   50.500000000000000        159.85932151941040     
   50.750000000000000        166.21033213972859     
   51.000000000000000        172.32440182265887     
   51.250000000000000        178.16802998578919     
   51.500000000000000        183.67663807310737     
   51.750000000000000        188.77787803520133     
   52.000000000000000        193.39940182265889     
   52.250000000000000        197.47367431708005     
   52.500000000000000        200.95241212411335     
   52.750000000000000        203.79214478041942     
   53.000000000000000        205.94940182265887     
   53.250000000000000        207.41923055684384     
   53.500000000000000        208.35074936639248     
   53.750000000000000        208.93159440407427     
   54.000000000000000        209.34940182265888     
   54.250000000000000        209.76222064149778     
   54.500000000000000        210.20975134627000     
   54.750000000000000        210.70210728923666     
   55.000000000000000        211.24940182265885     
   55.250000000000000        211.85017281311838     
   55.500000000000000        212.45665618448069     
   55.750000000000000        213.00951237493206     
   56.000000000000000        213.44940182265884     
   56.250000000000000        213.72138966698185     
   56.500000000000000        213.78815985176030     
   56.750000000000000        213.61680102198807     
   57.000000000000000        213.17440182265889     
   57.250000000000000        212.43216382990741     
   57.500000000000000        211.37774034443123     
   57.750000000000000        210.00289759806893     
   58.000000000000000        208.29940182265887     
   58.250000000000000        206.29792844934184     
   58.500000000000000        204.18478970646791     
   58.750000000000000        202.18520702168948     
   59.000000000000000        200.52440182265889     
   59.250000000000000        199.36354893367846     
   59.500000000000000        198.60763676565031     
   59.750000000000000        198.09760712612643     
   60.000000000000000        197.67440182265887     
   60.250000000000000        197.17045862689756     
   60.500000000000000        196.38419916688409     
   60.750000000000000        195.10554103475801     
   61.000000000000000        193.12440182265885     
   61.250000000000000        190.32993374468452     
   61.500000000000000        187.00822750276652     
   61.750000000000000        183.54460842079465     
   62.000000000000000        180.32440182265884     
   62.250000000000000        177.66598295531742     
   62.500000000000000        175.61992675800292     
   62.750000000000000        174.16985809301639     
   63.000000000000000        173.29940182265887     
   63.250000000000000        172.95449849499892     
   63.500000000000000        172.93035140117493     
   63.750000000000000        172.98447951809291     
   64.000000000000000        172.87440182265885     
   64.250000000000000        172.41907462564018     
   64.500000000000000        171.68320357325049     
   64.750000000000000        170.79293164556501     
   65.000000000000000        169.87440182265885     
   65.250000000000000        169.02577018839355     
   65.500000000000000        168.23324524177616     
   65.750000000000000        167.45504858560014     
   66.000000000000000        166.64940182265886     
   66.250000000000000        165.73988055673874     
   66.500000000000000        164.51147639559795     
   66.750000000000000        162.71453494798763     
   67.000000000000000        160.09940182265888     
   67.250000000000000        156.47791539560464     
   67.500000000000000        151.90788511178516     
   67.750000000000000        146.50861318340253     
   68.000000000000000        140.39940182265886     
   68.250000000000000        133.73588442179590     
   68.500000000000000        126.81901909321456     
   68.750000000000000        119.98609512935533     
   69.000000000000000        113.57440182265886     
   69.250000000000000        107.84253597816486     
   69.500000000000000        102.73432445130976     
   69.750000000000000        98.114901610129223     
   70.000000000000000        93.849401822658862     
   70.250000000000000        89.829054476497845     
   70.500000000000000        86.049469037499563     
   70.750000000000000        82.532349991080920     
   71.000000000000000        79.299401822658865     
   71.250000000000000        76.327500801796958     
   71.500000000000000        73.414210334645219     
   71.750000000000000        70.312265611500308     
   72.000000000000000        66.774401822658859     
   72.250000000000000        62.604228252267511     
   72.500000000000000        57.808850559872745     
   72.750000000000000        52.446248498871036     
   73.000000000000000        46.574401822658857     
   73.250000000000000        40.357075250086162     
   73.500000000000000        34.381173361816941     
   73.750000000000000        29.339385703968681     
   74.000000000000000        25.924401822658865     
   74.250000000000000        24.627553558341006     
   74.500000000000000        25.134741928812666     
   74.750000000000000        26.930510246207426     
   75.000000000000000        29.499401822658868     
   75.250000000000000        32.341621452503013     
   75.500000000000000        35.020019858885604     
   75.750000000000000        37.113109247154824     
   76.000000000000000        38.199401822658864     
   76.250000000000000        37.979715317600153     
   76.500000000000000        36.644089571598130     
   76.750000000000000        34.504869951126473     
   77.000000000000000        31.874401822658868     
   77.250000000000000        29.043740713049559     
   77.500000000000000        26.218782790675071     
   77.750000000000000        23.584134384292483     
   78.000000000000000        21.324401822658867     
   78.250000000000000        19.601107766154804     
   78.500000000000000        18.483440201654787     
   78.750000000000000        18.017503447656814     
   79.000000000000000        18.249401822658868     
   79.250000000000000        19.174801658284430     
   79.500000000000000        20.587617338658973     
   79.750000000000000        22.231325261033469     
   80.000000000000000        23.849401822658869     
   80.250000000000000        25.229299661660676     
   80.500000000000000        26.334376379662508     
   80.750000000000000        27.171965819162523     
   81.000000000000000        27.749401822658868     
   81.250000000000000        28.106363756026077     
   81.500000000000000        28.411913078644190     
   81.750000000000000        28.867456773269645     
   82.000000000000000        29.674401822658865     
   82.250000000000000        30.981500000188234     
   82.500000000000000        32.726882241713938     
   82.750000000000000        34.796024273712099     
   83.000000000000000        37.074401822658871     
   83.250000000000000        39.437875304174185     
   83.500000000000000        41.723843890453267     
   83.750000000000000        43.760091442835154     
   84.000000000000000        45.374401822658861     
   84.250000000000000        46.441925344068224     
   84.500000000000000        47.027278132426176     
   84.750000000000000        47.242442765900478     
   85.000000000000000        47.199401822658864     
   85.250000000000000        46.977162380506108     
   85.500000000000000        46.522829515795195     
   85.750000000000000        45.750532804516112     
   86.000000000000000        44.574401822658871     
   86.250000000000000        42.931773569860518     
   86.500000000000000        40.852814740346254     
   86.750000000000000        38.390899451988297     
   87.000000000000000        35.599401822658862     
   87.250000000000000        32.573013651004999     
   87.500000000000000        29.571697458772981     
   87.750000000000000        26.896733448483907     
   88.000000000000000        24.849401822658862     
   88.250000000000000        23.638207762072668     
   88.500000000000000        23.100556360515007     
   88.750000000000000        22.981077690029274     
   89.000000000000000        23.024401822658866     
   89.250000000000000        23.011191236657503     
   89.500000000000000        22.866238035120176     
   89.750000000000000        22.550366727352191     
   90.000000000000000        22.024401822658866     
   90.250000000000000        21.328281977250509     
   90.500000000000000        20.818402434957481     
   90.750000000000000        20.930272586515144     
   91.000000000000000        22.099401822658869     
   91.250000000000000        24.622091790293652     
   91.500000000000000        28.237813161003096     
   91.750000000000000        32.546828862540423     
   92.000000000000000        37.149401822658866     
   92.250000000000000        41.712964922528073     
   92.500000000000000        46.173630856983337     
   92.750000000000000        50.534682274276364     
   93.000000000000000        54.799401822658865     
   93.250000000000000        59.085740705547245     
   93.500000000000000        63.970324347016749     
   93.750000000000000        70.144446726307308     
   94.000000000000000        78.299401822658865     
   94.250000000000000        88.921733191236115     
   94.500000000000000        101.67898269090286     
   94.750000000000000        116.03394175644760     
   95.000000000000000        131.44940182265887     
   95.250000000000000        147.44014371546146     
   95.500000000000000        163.72890582532500     
   95.750000000000000        180.09041593385552     
   96.000000000000000        196.29940182265887     
   96.250000000000000        212.15316538287129     
   96.500000000000000        227.53930494375027     
   96.750000000000000        242.36799294408354     
   97.000000000000000        256.54940182265887     
   97.250000000000000        269.97798068900659     
   97.500000000000000        282.48528533562717     
   97.750000000000000        293.88714822576355     
   98.000000000000000        303.99940182265891     
   98.250000000000000        312.64772904705569     
   98.500000000000000        319.69721464969450     
   98.750000000000000        325.02279383881552     
   99.000000000000000        328.49940182265891     
   99.250000000000000        330.05251405872417     
   99.500000000000000        329.80976700154827     
   99.750000000000000        327.94933735492771     
   100.00000000000000        324.64940182265889     
   100.25000000000000        320.16831315400111     
   100.50000000000000        315.08512828006570     
   100.75000000000000        310.05908017742684     
   101.00000000000000        305.74940182265885     
   101.25000000000000        302.63236301122458     
   101.50000000000000        300.45238081414203     
   101.75000000000000        298.77090912131791     
   102.00000000000000        297.14940182265889     
   102.25000000000000        295.21895823705364     
   102.50000000000000        292.88925939931914     
   102.75000000000000        290.13963177325456     
   103.00000000000000        286.94940182265884     
   103.25000000000000        283.32454310151411     
   103.50000000000000        279.37761752453446     
   103.75000000000000        275.24783409661700     
   104.00000000000000        271.07440182265884     
   104.25000000000000        266.95740529284302     
   104.50000000000000        262.84043143849613     
   104.75000000000000        258.62794277623061     
   105.00000000000000        254.22440182265888     
   105.25000000000000        249.58482478806692     
   105.50000000000000        244.86644265743422     
   105.75000000000000        240.27704010941386     
   106.00000000000000        236.02440182265886     
   106.25000000000000        232.26650336584254     
   106.50000000000000        228.96208386772011     
   106.75000000000000        226.02007334706707     
   107.00000000000000        223.34940182265888     
   107.25000000000000        220.86666643451602     
   107.50000000000000        218.51913280763844     
   107.75000000000000        216.26173368827111     

