#TitleText:Ni(001)-(5x5)-Li     Beam (2/5,1/5)            Rfac10=       1.1677
 IV exp
   40.250000000000000        39.864184154335227     
   40.500000000000000        33.317013842096515     
   40.750000000000000        27.441070612842754     
   41.000000000000000        22.571968008066428     
   41.250000000000000        18.961659152767528     
   41.500000000000000        16.527455505976157     
   41.750000000000000        15.103008110229917     
   42.000000000000000        14.521968008066427     
   42.250000000000000        14.604581032993206     
   42.500000000000000        15.117472182397419     
   42.750000000000000        15.813861244636135     
   43.000000000000000        16.446968008066428     
   43.250000000000000        16.823699763658198     
   43.500000000000000        16.965713812832725     
   43.750000000000000        16.948354959624098     
   44.000000000000000        16.846968008066426     
   44.250000000000000        16.739068585772550     
   44.500000000000000        16.710855614670244     
   44.750000000000000        16.850698840266034     
   45.000000000000000        17.246968008066425     
   45.250000000000000        17.988943316650165     
   45.500000000000000        19.169546776884854     
   45.750000000000000        20.882610852710329     
   46.000000000000000        23.221968008066426     
   46.250000000000000        26.278763071025359     
   46.500000000000000        30.133390326188898     
   46.750000000000000        34.863556422291197     
   47.000000000000000        40.546968008066429     
   47.250000000000000        47.214140572646961     
   47.500000000000000        54.706824966758113     
   47.750000000000000        62.819580881523422     
   48.000000000000000        71.346968008066426     
   48.250000000000000        80.103123311785353     
   48.500000000000000        88.980492855177204     
   48.750000000000000        97.891099975013674     
   49.000000000000000        106.74696800806643     
   49.250000000000000        115.46454922861020     
   49.500000000000000        123.97801166093164     
   49.750000000000000        132.22595226682049     
   50.000000000000000        140.14696800806641     
   50.250000000000000        147.67322219717244     
   50.500000000000000        154.71114354949478     
   50.750000000000000        161.16072713110293     
   51.000000000000000        166.92196800806641     
   51.250000000000000        171.92124503109855     
   51.500000000000000        176.19047218948779     
   51.750000000000000        179.78794725716637     
   52.000000000000000        182.77196800806644     
   52.250000000000000        185.20251197683186     
   52.500000000000000        187.14627574095260     
   52.750000000000000        188.67163563863025     
   53.000000000000000        189.84696800806643     
   53.250000000000000        190.72512448497264     
   53.500000000000000        191.29685789510037     
   53.750000000000000        191.53739636171113     
   54.000000000000000        191.42196800806641     
   54.250000000000000        190.94911063167615     
   54.500000000000000        190.21060072704444     
   54.750000000000000        189.32152446292372     
   55.000000000000000        188.39696800806644     
   55.250000000000000        187.53641291172119     
   55.500000000000000        186.77692224512043     
   55.750000000000000        186.13995445999268     
   56.000000000000000        185.64696800806644     
   56.250000000000000        185.27454576983774     
   56.500000000000000        184.81976834087249     
   56.750000000000000        184.03484074550423     
   57.000000000000000        182.67196800806641     
   57.250000000000000        180.53197768232650     
   57.500000000000000        177.61018743978815     
   57.750000000000000        173.95053748138892     
   58.000000000000000        169.59696800806643     
   58.250000000000000        164.62583592425474     
   58.500000000000000        159.24316494837348     
   58.750000000000000        153.68739550233866     
   59.000000000000000        148.19696800806642     
   59.250000000000000        142.96289291905308     
   59.500000000000000        137.98646081511654     
   59.750000000000000        133.22153230765494     
   60.000000000000000        128.62196800806643     
   60.250000000000000        124.14346294793144     
   60.500000000000000        119.74904983955894     
   60.750000000000000        115.40359581544018     
   61.000000000000000        111.07196800806642     
   61.250000000000000        106.75443833761979     
   61.500000000000000        102.59289787504628     
   61.750000000000000        98.764642478982836     
   62.000000000000000        95.446968008066435     
   62.250000000000000        92.769810499987983     
   62.500000000000000        90.673666708654508     
   62.750000000000000        89.051673567026981     
   63.000000000000000        87.796968008066415     
   63.250000000000000        86.814533960826822     
   63.500000000000000        86.056743338734279     
   63.750000000000000        85.487815051307791     
   64.000000000000000        85.071968008066420     
   64.250000000000000        84.780033580103179     
   64.500000000000000        84.609292984806913     
   64.750000000000000        84.563639901140405     
   65.000000000000000        84.646968008066423     
   65.250000000000000        84.845967892158939     
   65.500000000000000        85.078517770436591     
   65.750000000000000        85.245292767529165     
   66.000000000000000        85.246968008066432     
   66.250000000000000        85.010871649659563     
   66.500000000000000        84.570943981845247     
   66.750000000000000        83.987778327141513     
   67.000000000000000        83.321968008066420     
   67.250000000000000        82.600166057601342     
   67.500000000000000        81.713264350580971     
   67.750000000000000        80.518214472303328     
   68.000000000000000        78.871968008066432     
   68.250000000000000        76.645272168333619     
   68.500000000000000        73.764056664229429     
   68.750000000000000        70.168046832043743     
   69.000000000000000        65.796968008066429     
   69.250000000000000        60.664225192462801     
   69.500000000000000        55.077942040899927     
   69.750000000000000        49.419921872920291     
   70.000000000000000        44.071968008066428     
   70.250000000000000        39.356197610213762     
   70.500000000000000        35.355983220569463     
   70.750000000000000        32.095011224673648     
   71.000000000000000        29.596968008066426     
   71.250000000000000        27.845917415080727     
   71.500000000000000        26.667433125220786     
   71.750000000000000        25.847466276783663     
   72.000000000000000        25.171968008066429     
   72.250000000000000        24.491159527861896     
   72.500000000000000        23.912342326945961     
   72.750000000000000        23.607087966590257     
   73.000000000000000        23.746968008066425     
   73.250000000000000        24.490783771870241     
   73.500000000000000        25.946255615393937     
   73.750000000000000        28.208333655253881     
   74.000000000000000        31.371968008066425     
   74.250000000000000        35.520091558055697     
   74.500000000000000        40.687568259876841     
   74.750000000000000        46.897244835792783     
   75.000000000000000        54.171968008066429     
   75.250000000000000        62.502845544305558     
   75.500000000000000        71.754029393497277     
   75.750000000000000        81.757932549973575     
   76.000000000000000        92.346968008066426     
   76.250000000000000        103.34877181312068     
   76.500000000000000        114.57187221453263     
   76.750000000000000        125.82002051271148     
   77.000000000000000        136.89696800806644     
   77.250000000000000        147.61785962661031     
   77.500000000000000        157.84341479677076     
   77.750000000000000        167.44574657257903     
   78.000000000000000        176.29696800806641     
   78.250000000000000        184.26003522883659     
   78.500000000000000        191.16127664678285     
   78.750000000000000        196.81786374537089     
   79.000000000000000        201.04696800806641     
   79.250000000000000        203.71833875644180     
   79.500000000000000        204.91203666449633     
   79.750000000000000        204.76070024433594     
   80.000000000000000        203.39696800806644     
   80.250000000000000        200.93357404379469     
   80.500000000000000        197.40363474363033     
   80.750000000000000        192.82036207568407     
   81.000000000000000        187.19696800806642     
   81.250000000000000        180.57018874177811     
   81.500000000000000        173.07085740938078     
   81.750000000000000        164.85333137632628     
   82.000000000000000        156.07196800806642     
   82.250000000000000        146.94091653749140     
   82.500000000000000        137.91349366724501     
   82.750000000000000        129.50280796740930     
   83.000000000000000        122.22196800806643     
   83.250000000000000        116.50029690665475     
   83.500000000000000        112.43197597003773     
   83.750000000000000        110.02740105243504     
   84.000000000000000        109.29696800806641     
   84.250000000000000        110.25415700928811     
   84.500000000000000        112.92478550100263     
   84.750000000000000        117.33775524624903     
   85.000000000000000        123.52196800806642     
   85.250000000000000        131.50980497959131     
   85.500000000000000        141.34756507435029     
   85.750000000000000        153.08502663596732     
   86.000000000000000        166.77196800806644     
   86.250000000000000        182.39507174574516     
   86.500000000000000        199.68863724999480     
   86.750000000000000        218.32386813328026     
   87.000000000000000        237.97196800806643     
   87.250000000000000        258.33702858582672     
   87.500000000000000        279.25469397406914     
   87.750000000000000        300.59349637931018     
   88.000000000000000        322.22196800806643     
   88.250000000000000        344.02143445934649     
   88.500000000000000        365.92439490212729     
   88.750000000000000        387.87614189787763     
   89.000000000000000        409.82196800806645     
   89.250000000000000        431.70396350018586     
   89.500000000000000        453.45140946582035     
   89.750000000000000        474.99038470257790     
   90.000000000000000        496.24696800806640     
   90.250000000000000        517.13123833830878     
   90.500000000000000        537.48927528298987     
   90.750000000000000        557.15115859020921     
   91.000000000000000        575.94696800806651     
   91.250000000000000        593.71812556997725     
   91.500000000000000        610.35142245061888     
   91.750000000000000        625.74499210998442     
   92.000000000000000        639.79696800806641     
   92.250000000000000        652.40931743018086     
   92.500000000000000        663.49934296293327     
   92.750000000000000        672.98818101825236     
   93.000000000000000        680.79696800806641     
   93.250000000000000        686.82524088269838     
   93.500000000000000        690.88613874604698     
   93.750000000000000        692.77120124040539     
   94.000000000000000        692.27196800806632     
   94.250000000000000        689.22387083742433     
   94.500000000000000        683.63791010127738     
   94.750000000000000        675.56897831852507     
   95.000000000000000        665.07196800806651     
   95.250000000000000        652.22514631600302     
   95.500000000000000        637.20027889724224     
   95.750000000000000        620.19250603389355     
   96.000000000000000        601.39696800806655     
   96.250000000000000        581.02961757196249     
   96.500000000000000        559.38965735815236     
   96.750000000000000        536.79710246929949     
   97.000000000000000        513.57196800806651     
   97.250000000000000        490.00733206954584     
   97.500000000000000        466.28852471854674     
   97.750000000000000        442.57393901230745     
   98.000000000000000        419.02196800806638     
   98.250000000000000        395.79239344825277     
   98.500000000000000        373.05055181605917     
   98.750000000000000        350.96316827986919     
   99.000000000000000        329.69696800806645     
   99.250000000000000        309.44591781084165     
   99.500000000000000        290.51295106561503     
   99.750000000000000        273.22824279161409     
   100.00000000000000        257.92196800806641     
   100.25000000000000        244.85027460677918     
   100.50000000000000        233.97320196987911     
   100.75000000000000        225.17676235207273     
   101.00000000000000        218.34696800806643     
   101.25000000000000        213.33440118544007     
   101.50000000000000        209.84792410326696     
   101.75000000000000        207.56096897349354     
   102.00000000000000        206.14696800806644     
   102.25000000000000        205.29666307485900     
   102.50000000000000        204.77003466545165     
   102.75000000000000        204.34437292735174     
   103.00000000000000        203.79696800806644     
   103.25000000000000        202.95216081352257     
   103.50000000000000        201.82249528332503     
   103.75000000000000        200.46756611549819     
   104.00000000000000        198.94696800806645     
   104.25000000000000        197.31478296944934     
   104.50000000000000        195.60304224964690     
   104.75000000000000        193.83826440905420     

