#TitleText:Ni(001)-(5x5)-Li     Beam (3/5,3/5)            Rfac10=       0.8959
 IV exp
   66.250000000000000        56.260199192715270     
   66.500000000000000        56.637231128641318     
   66.750000000000000        57.111553816665960     
   67.000000000000000        57.731812632838512     
   67.250000000000000        58.558163827158957     
   67.500000000000000        59.696807145430107     
   67.750000000000000        61.265453207405450     
   68.000000000000000        63.381812632838511     
   68.250000000000000        66.103490045679976     
   68.500000000000000        69.247666086669341     
   68.750000000000000        72.571415400743291     
   69.000000000000000        75.831812632838506     
   69.250000000000000        78.815236162152203     
   69.500000000000000        81.425279304923592     
   69.750000000000000        83.594839111652462     
   70.000000000000000        85.256812632838518     
   70.250000000000000        86.376050477742282     
   70.500000000000000        87.045217490667341     
   70.750000000000000        87.388932074677982     
   71.000000000000000        87.531812632838523     
   71.250000000000000        87.581984598909742     
   71.500000000000000        87.581601529438160     
   71.750000000000000        87.556324011666746     
   72.000000000000000        87.531812632838509     
   72.250000000000000        87.540402548649865     
   72.500000000000000        87.641127188611136     
   72.750000000000000        87.899694550686107     
   73.000000000000000        88.381812632838518     
   73.250000000000000        89.129702878521854     
   73.500000000000000        90.091640513148349     
   73.750000000000000        91.192414207619919     
   74.000000000000000        92.356812632838512     
   74.250000000000000        93.506661734293814     
   74.500000000000000        94.551936555826558     
   74.750000000000000        95.399649415865269     
   75.000000000000000        95.956812632838506     
   75.250000000000000        96.161869731333979     
   75.500000000000000        96.078989060576490     
   75.750000000000000        95.803770175949978     
   76.000000000000000        95.431812632838501     
   76.250000000000000        95.039078887401274     
   76.500000000000000        94.622982998898522     
   76.750000000000000        94.161301927365784     
   77.000000000000000        93.631812632838518     
   77.250000000000000        92.975034266091996     
   77.500000000000000        91.982454740860476     
   77.750000000000000        90.408304161617977     
   78.000000000000000        88.006812632838503     
   78.250000000000000        84.613769220261844     
   78.500000000000000        80.391198834690670     
   78.750000000000000        75.582685348193422     
   79.000000000000000        70.431812632838515     
   79.250000000000000        65.174436524891689     
   79.500000000000000        60.015500717407889     
   79.750000000000000        55.152220867639400     
   80.000000000000000        50.781812632838509     
   80.250000000000000        47.038344852202499     
   80.500000000000000        43.803299092708826     
   80.750000000000000        40.895010103280008     
   81.000000000000000        38.131812632838511     
   81.250000000000000        35.371262988329384     
   81.500000000000000        32.627803708787845     
   81.750000000000000        29.955098891271632     
   82.000000000000000        27.406812632838509     
   82.250000000000000        25.030369616511024     
   82.500000000000000        22.848236869170869     
   82.750000000000000        20.876642003664529     
   83.000000000000000        19.131812632838511     
   83.250000000000000        17.623524967657591     
   83.500000000000000        16.335749611559763     
   83.750000000000000        15.246005766101304     
   84.000000000000000        14.331812632838510     
   84.250000000000000        13.575390684889674     
   84.500000000000000        12.977765481621153     
   84.750000000000000        12.544663853961310     
   85.000000000000000        12.281812632838511     
   85.250000000000000        12.193522464814766     
   85.500000000000000        12.278439258986682     
   85.750000000000000        12.533792740084515     
   86.000000000000000        12.956812632838512     
   86.250000000000000        13.541785877882328     
   86.500000000000000        14.271228279463186     
   86.750000000000000        15.124712857731705     
   87.000000000000000        16.081812632838510     
   87.250000000000000        17.115366070686989     
   87.500000000000000        18.171273420191643     
   87.750000000000000        19.188700376019728     
   88.000000000000000        20.106812632838512     
   88.250000000000000        20.885281886400769     
   88.500000000000000        21.565803836801308     
   88.750000000000000        22.210580185220451     
   89.000000000000000        22.881812632838511     
   89.250000000000000        23.634772805740994     
   89.500000000000000        24.497012029634178     
   89.750000000000000        25.489151555129531     
   90.000000000000000        26.631812632838511     
   90.250000000000000        27.946971437666306     
   90.500000000000000        29.462023841693025     
   90.750000000000000        31.205720641292480     
   91.000000000000000        33.206812632838506     
   91.250000000000000        35.487748490624824     
   91.500000000000000        38.045768400624773     
   91.750000000000000        40.871810426731585     
   92.000000000000000        43.956812632838513     
   92.250000000000000        47.284316646865456     
   92.500000000000000        50.808278352838954     
   92.750000000000000        54.475257198812237     
   93.000000000000000        58.231812632838512     
   93.250000000000000        62.028751343944442     
   93.500000000000000        65.833868985050486     
   93.750000000000000        69.619208450050536     
   94.000000000000000        73.356812632838512     
   94.250000000000000        77.006006899387856     
   94.500000000000000        80.475246503990178     
   94.750000000000000        83.660269173016673     
   95.000000000000000        86.456812632838506     
   95.250000000000000        88.809971855535224     
   95.500000000000000        90.862270796019857     
   95.750000000000000        92.805590654913814     
   96.000000000000000        94.831812632838520     
   96.250000000000000        97.090684600502328     
   96.500000000000000        99.563421108961464     
   96.750000000000000        102.18910337935912     
   97.000000000000000        104.90681263283851     
   97.250000000000000        107.62793116448658     
   97.500000000000000        110.15304556516539     
   97.750000000000000        112.25504349968075     
   98.000000000000000        113.70681263283851     
   98.250000000000000        114.36034153858240     
   98.500000000000000        114.38402242740804     
   98.750000000000000        114.02534841894889     
   99.000000000000000        113.53181263283852     
   99.250000000000000        113.10282847821483     
   99.500000000000000        112.74549052223354     
   99.750000000000000        112.41881362155472     
   100.00000000000000        112.08181263283851     
   100.25000000000000        111.69343909558930     
   100.50000000000000        111.21239128068889     
   100.75000000000000        110.59730414186328     
   101.00000000000000        109.80681263283851     
   101.25000000000000        108.83265031145896     
   101.50000000000000        107.79894515204199     
   101.75000000000000        106.86292373302329     
   102.00000000000000        106.18181263283850     
   102.25000000000000        105.88285108060589     
   102.50000000000000        105.97332890817415     
   102.75000000000000        106.43054859807459     
   103.00000000000000        107.23181263283851     
   103.25000000000000        108.35572741314851     
   103.50000000000000        109.78611501229241     
   103.75000000000000        111.50810142170938     
   104.00000000000000        113.50681263283850     
   104.25000000000000        115.75894318883111     
   104.50000000000000        118.20746183968720     
   104.75000000000000        120.78690588711895     

