#TitleText:Ni(001)-(5x5)-Li     Beam (3/5,2/5)            Rfac10=       1.0538
 IV exp
   40.250000000000000        3386.0916891565907     
   40.500000000000000        2995.8636899524845     
   40.750000000000000        2632.9480230205199     
   41.000000000000000        2311.0008544967682     
   41.250000000000000        2040.6651531312289     
   41.500000000000000        1820.5310981296188     
   41.750000000000000        1646.1756713115831     
   42.000000000000000        1513.1758544967681     
   42.250000000000000        1416.5688409241027     
   42.500000000000000        1349.2326695096497     
   42.750000000000000        1303.5055905887559     
   43.000000000000000        1271.7258544967681     
   43.250000000000000        1247.7552351529694     
   43.500000000000000        1231.5496008123910     
   43.750000000000000        1224.5883433140013     
   44.000000000000000        1228.3508544967681     
   44.250000000000000        1243.4465954446282     
   44.500000000000000        1267.0053042213945     
   44.750000000000000        1295.2867881358472     
   45.000000000000000        1324.5508544967681     
   45.250000000000000        1350.9021819241261     
   45.500000000000000        1369.8249342826402     
   45.750000000000000        1376.6481467482186     
   46.000000000000000        1366.7008544967680     
   46.250000000000000        1338.9486319644764     
   46.500000000000000        1306.9032106286529     
   46.750000000000000        1287.7128612268871     
   47.000000000000000        1298.5258544967680     
   47.250000000000000        1356.5310734485765     
   47.500000000000000        1479.0798501833560     
   47.750000000000000        1683.5641290748420     
   48.000000000000000        1987.3758544967679     
   48.250000000000000        2402.5177480968255     
   48.500000000000000        2919.4356406185302     
   48.750000000000000        3523.1861400793537     
   49.000000000000000        4198.8258544967684     
   49.250000000000000        4937.5417330197288     
   49.500000000000000        5755.0420893231303     
   49.750000000000000        6673.1655782133503     
   50.000000000000000        7713.7508544967677     
   50.250000000000000        8894.8618530548665     
   50.500000000000000        10219.463629069554     
   50.750000000000000        11686.746517797850     
   51.000000000000000        13295.900854496767     
   51.250000000000000        15039.020278616412     
   51.500000000000000        16879.811646379254     
   51.750000000000000        18774.885118200851     
   52.000000000000000        20680.850854496770     
   52.250000000000000        22562.935600866338     
   52.500000000000000        24420.832443644031     
   52.750000000000000        26262.851054348095     
   53.000000000000000        28097.301104496772     
   53.250000000000000        29928.632382398842     
   53.500000000000000        31745.855143525230     
   53.750000000000000        33534.119760137393     
   54.000000000000000        35278.576604496768     
   54.250000000000000        36961.448203550157     
   54.500000000000000        38553.245702985660     
   54.750000000000000        40021.552403176720     
   55.000000000000000        41333.951604496768     
   55.250000000000000        42461.147496787395     
   55.500000000000000        43386.327827762740     
   55.750000000000000        44095.801234605104     
   56.000000000000000        44575.876354496773     
   56.250000000000000        44813.022131593389     
   56.500000000000000        44794.348737943998     
   56.750000000000000        44507.126652570994     
   57.000000000000000        43938.626354496773     
   57.250000000000000        43082.305404600935     
   57.500000000000000        41956.369691191896     
   57.750000000000000        40585.212184435295     
   58.000000000000000        38993.225854496770     
   58.250000000000000        37210.135291046012     
   58.500000000000000        35286.991561769035     
   58.750000000000000        33280.177353855928     
   59.000000000000000        31246.075354496767     
   59.250000000000000        29236.128909758139     
   59.500000000000000        27282.024001212572     
   59.750000000000000        25410.507269309106     
   60.000000000000000        23648.325354496767     
   60.250000000000000        22014.090079714537     
   60.500000000000000        20493.873997861265     
   60.750000000000000        19065.614844325741     
   61.000000000000000        17707.250354496769     
   61.250000000000000        16398.309386645560     
   61.500000000000000        15124.685290572974     
   61.750000000000000        13873.862538962287     
   62.000000000000000        12633.325604496769     
   62.250000000000000        11398.446856152586     
   62.500000000000000        10196.150248077454     
   62.750000000000000        9061.2476307119778     
   63.000000000000000        8028.5508544967688     
   63.250000000000000        7125.5357024434616     
   63.500000000000000        6350.3336878478249     
   63.750000000000000        5693.7402565766597     
   64.000000000000000        5146.5508544967679     
   64.250000000000000        4694.2227774604307     
   64.500000000000000        4300.8607212618581     
   64.750000000000000        3925.2312316807402     
   65.000000000000000        3526.1008544967681     
   65.250000000000000        3076.3525334454234     
   65.500000000000000        2605.3348040853516     
   65.750000000000000        2156.5125999309876     
   66.000000000000000        1773.3508544967681     
   66.250000000000000        1492.2390126134837     
   66.500000000000000        1321.2645643773449     
   66.750000000000000        1261.4395112009179     
   67.000000000000000        1313.7758544967680     
   67.250000000000000        1471.1094337062505     
   67.500000000000000        1693.5714403858769     
   67.750000000000000        1933.1169041209491     
   68.000000000000000        2141.7008544967680     
   68.250000000000000        2282.5830670421228     
   68.500000000000000        2364.2423010597545     
   68.750000000000000        2406.4620617958935     
   69.000000000000000        2429.0258544967683     
   69.250000000000000        2446.9333469808671     
   69.500000000000000        2456.0488573557132     
   69.750000000000000        2447.4528663010865     
   70.000000000000000        2412.2258544967681     
   70.250000000000000        2344.0703126400167     
   70.500000000000000        2247.1767714980015     
   70.750000000000000        2128.3577718553697     
   71.000000000000000        1994.4258544967681     
   71.250000000000000        1854.7659200646742     
   71.500000000000000        1729.0523086328885     
   71.750000000000000        1639.5317201330427     
   72.000000000000000        1608.4508544967680     
   72.250000000000000        1652.3973059568953     
   72.500000000000000        1765.3222459510528     
   72.750000000000000        1935.5177402180680     
   73.000000000000000        2151.2758544967683     
   73.250000000000000        2399.6659987133526     
   73.500000000000000        2662.8669595435085     
   73.750000000000000        2921.8348678502939     
   74.000000000000000        3157.5258544967683     
   74.250000000000000        3355.6625761703026     
   74.500000000000000        3521.0337928555227     
   74.750000000000000        3663.1947903613654     
   75.000000000000000        3791.7008544967684     
   75.250000000000000        3916.4384329610452     
   75.500000000000000        4048.6186210150104     
   75.750000000000000        4199.7836758098547     
   76.000000000000000        4381.4758544967681     
   76.250000000000000        4595.7173345911260     
   76.500000000000000        4806.4499750650448     
   76.750000000000000        4968.0955552548257     
   77.000000000000000        5035.0758544967684     
   77.250000000000000        4972.3446212800600     
   77.500000000000000        4786.9834807054203     
   77.750000000000000        4496.6060270264552     
   78.000000000000000        4118.8258544967684     
   78.250000000000000        3671.2288385192451     
   78.500000000000000        3171.2899790938841     
   78.750000000000000        2636.4565573699656     

