#TitleText:Ni(001)-(5x5)-Li     Beam (2/5,0)              Rfac10=       0.7233
 IV exp
   21.250000000000000        235.97251483137600     
   21.500000000000000        255.60390183004267     
   21.750000000000000        277.23510616382043     
   22.000000000000000        301.86603650026495     
   22.250000000000000        330.24747408937611     
   22.500000000000000        362.13369051093173     
   22.750000000000000        397.02982992715397     
   23.000000000000000        434.44103650026489     
   23.250000000000000        474.23146406270905     
   23.500000000000000        517.70130512781986     
   23.750000000000000        566.50976187915319     
   24.000000000000000        622.31603650026489     
   24.250000000000000        686.41663866137708     
   24.500000000000000        758.65730797937817     
   24.750000000000000        838.52109155782273     
   25.000000000000000        925.49103650026495     
   25.250000000000000        1018.5185127933717     
   25.500000000000000        1114.4281819562568     
   25.750000000000000        1209.5130283911460     
   26.000000000000000        1300.0660365002650     
   26.250000000000000        1383.1891229167259     
   26.500000000000000        1459.2199331971847     
   26.750000000000000        1529.3050451291836     
   27.000000000000000        1594.5910365002649     
   27.250000000000000        1656.5161364163141     
   27.500000000000000        1717.6851792565933     
   27.750000000000000        1780.9946507187083     
   28.000000000000000        1849.3410365002649     
   28.250000000000000        1924.2898160446068     
   28.500000000000000        2002.0824437780309     
   28.750000000000000        2077.6293678725719     
   29.000000000000000        2145.8410365002651     
   29.250000000000000        2201.7571465318474     
   29.500000000000000        2240.9343896328719     
   29.750000000000000        2259.0587061675928     
   30.000000000000000        2251.8160365002650     
   30.250000000000000        2216.2243012045919     
   30.500000000000000        2154.6293416920703     
   30.750000000000000        2070.7089795836459     
   31.000000000000000        1968.1410365002648     
   31.250000000000000        1850.8946020263745     
   31.500000000000000        1724.1038376004358     
   31.750000000000000        1593.1941726244115     
   32.000000000000000        1463.5910365002649     
   32.250000000000000        1340.2333534414986     
   32.500000000000000        1226.1140269077753     
   32.750000000000000        1123.7394551702969     
   33.000000000000000        1035.6160365002650     
   33.250000000000000        963.47367195922004     
   33.500000000000000        905.93627377005259     
   33.750000000000000        860.85125694599151     
   34.000000000000000        826.06603650026500     
   34.250000000000000        799.38302147321110     
   34.500000000000000        778.42459701360406     
   34.750000000000000        760.76814229732736     
   35.000000000000000        743.99103650026495     
   35.250000000000000        726.14475802452569     
   35.500000000000000        707.17718217712115     
   35.750000000000000        687.51028349128842     
   36.000000000000000        667.56603650026489     
   36.250000000000000        647.82713418027583     
   36.500000000000000        629.01914327950090     
   36.750000000000000        611.92834898910803     
   37.000000000000000        597.34103650026498     
   37.250000000000000        585.78042425596038     
   37.500000000000000        576.71746370646486     
   37.750000000000000        569.36003955386934     
   38.000000000000000        562.91603650026491     
   38.250000000000000        556.64660654747217     
   38.500000000000000        550.02597089622941     
   38.750000000000000        542.58161804700433     
   39.000000000000000        533.84103650026486     
   39.250000000000000        523.43249355574039     
   39.500000000000000        511.38737171020705     
   39.750000000000000        497.83783225970262     
   40.000000000000000        482.91603650026491     
   40.250000000000000        466.69034135615573     
   40.500000000000000        448.97388626453198     
   40.750000000000000        429.51600629077473     
   41.000000000000000        408.06603650026489     
   41.250000000000000        384.50743814622626     
   41.500000000000000        359.26017723325458     
   41.750000000000000        332.87834595378791     
   42.000000000000000        305.91603650026491     
   42.250000000000000        278.93198443552853     
   42.500000000000000        252.50349880403945     
   42.750000000000000        227.21253202066313     
   43.000000000000000        203.64103650026493     
   43.250000000000000        182.35068686324931     
   43.500000000000000        163.82204655217731     
   43.750000000000000        148.51540121514913     
   44.000000000000000        136.89103650026493     
   44.250000000000000        129.32164336306391     
   44.500000000000000        125.82953398884098     
   44.750000000000000        126.34942587033001     
   45.000000000000000        130.81603650026494     
   45.250000000000000        139.22770868608467     
   45.500000000000000        151.83728649404841     
   45.750000000000000        168.96123930512042     
   46.000000000000000        190.91603650026494     
   46.250000000000000        217.98483464418703     
   46.500000000000000        250.31753903655499     
   46.750000000000000        288.03074216077789     
   47.000000000000000        331.24103650026495     
   47.250000000000000        379.77253111375683     
   47.500000000000000        432.27940136132122     
   47.750000000000000        487.12333917835747     
   48.000000000000000        542.66603650026491     
   48.250000000000000        597.40602552737528     
   48.500000000000000        650.38919951974970     
   48.750000000000000        700.79829200238169     
   49.000000000000000        747.81603650026489     
   49.250000000000000        790.72810140333172     
   49.500000000000000        829.23189456126966     
   49.750000000000000        863.12775868870517     
   50.000000000000000        892.21603650026486     
   50.250000000000000        916.35552223588729     
   50.500000000000000        935.63881623676104     
   50.750000000000000        950.21697036938656     
   51.000000000000000        960.24103650026484     
   51.250000000000000        965.90149740470815     
   51.500000000000000        967.54655949327559     
   51.750000000000000        965.56386008533752     
   52.000000000000000        960.34103650026486     
   52.250000000000000        952.24798839686900     
   52.500000000000000        941.58366479172594     
   52.750000000000000        928.62927704085234     
   53.000000000000000        913.66603650026491     
   53.250000000000000        897.01097113440483     
   53.500000000000000        879.12437534141009     
   53.750000000000000        860.50236012784273     
   54.000000000000000        841.64103650026493     
   54.250000000000000        822.97778356710103     
   54.500000000000000        804.71505284422324     
   54.750000000000000        786.99656394936630     
   55.000000000000000        769.96603650026486     
   55.250000000000000        753.72762922378104     
   55.500000000000000        738.22725728328658     
   55.750000000000000        723.37127495128141     
   56.000000000000000        709.06603650026500     
   56.250000000000000        695.18682478936478     
   56.500000000000000        681.48463702421986     
   56.750000000000000        667.67939899709756     
   57.000000000000000        653.49103650026484     
   57.250000000000000        638.69980624534969     
   57.500000000000000        623.32728862142324     
   57.750000000000000        607.45539493691763     
   58.000000000000000        591.16603650026491     
   58.250000000000000        574.52891923082586     
   58.500000000000000        557.56492749167637     
   58.750000000000000        540.28274025682106     
   59.000000000000000        522.69103650026489     
   59.250000000000000        504.79714208293649     
   59.500000000000000        486.60297041346098     
   59.750000000000000        468.10908178738737     
   60.000000000000000        449.31603650026489     
   60.250000000000000        430.27873143901752     
   60.500000000000000        411.26940985606927     
   60.750000000000000        392.61465159521879     
   61.000000000000000        374.64103650026493     
   61.250000000000000        357.61540116258266     
   61.500000000000000        341.56560916385138     
   61.750000000000000        326.45978083332693     
   62.000000000000000        312.26603650026493     
   62.250000000000000        298.94064853724160     
   62.500000000000000        286.39249749011486     
   62.750000000000000        274.51861594806314     
   63.000000000000000        263.21603650026498     
   63.250000000000000        252.45181744004060     
   63.500000000000000        242.47311987727875     
   63.750000000000000        233.59713062600997     
   64.000000000000000        226.14103650026493     
   64.250000000000000        220.35103507918558     
   64.500000000000000        216.18936700235975     
   64.750000000000000        213.54728367448644     
   65.000000000000000        212.31603650026494     
   65.250000000000000        212.34338624480660     
   65.500000000000000        213.30313111487192     
   65.750000000000000        214.82557867763376     
   66.000000000000000        216.54103650026494     
   66.250000000000000        218.17476394317771     
   66.500000000000000        219.83182753974216     
   66.750000000000000        221.71224561656805     
   67.000000000000000        224.01603650026493     
   67.250000000000000        226.94010510907231     
   67.500000000000000        230.66890272774899     
   67.750000000000000        235.38376723268365     
   68.000000000000000        241.26603650026493     
   68.250000000000000        248.44697212212267     
   68.500000000000000        256.85753055085149     
   68.750000000000000        266.37859195428695     
   69.000000000000000        276.89103650026493     
   69.250000000000000        288.36705352902652     
   69.500000000000000        301.14406907043480     
   69.750000000000000        315.65081832675810     
   70.000000000000000        332.31603650026489     
   70.250000000000000        351.54939213836064     
   70.500000000000000        373.68428716899894     
   70.750000000000000        399.03505686527023     
   71.000000000000000        427.91603650026491     
   71.250000000000000        460.49019066912024     
   71.500000000000000        496.31500125515902     
   71.750000000000000        534.79657946375085     
   72.000000000000000        575.34103650026498     
   72.250000000000000        617.38020481174794     
   72.500000000000000        660.44880181195447     
   72.750000000000000        704.10726615631631     
   73.000000000000000        747.91603650026491     
   73.250000000000000        791.44888096047748     
   73.500000000000000        834.33288549861243     
   73.750000000000000        876.20846553757360     
   74.000000000000000        916.71603650026498     
   74.250000000000000        955.52205284793183     
   74.500000000000000        992.39712519518571     
   74.750000000000000        1027.1379031949791     
   75.000000000000000        1059.5410365002649     
   75.250000000000000        1089.4392047743847     
   75.500000000000000        1116.8092077222348     
   75.750000000000000        1141.6638750590996     
   76.000000000000000        1164.0160365002648     
   76.250000000000000        1183.7521126811187     
   76.500000000000000        1200.2528879174649     
   76.750000000000000        1212.7727374452111     
   77.000000000000000        1220.5660365002648     
   77.250000000000000        1222.9622353777297     
   77.500000000000000        1219.5910846094948     
   77.750000000000000        1210.1574097866448     
   78.000000000000000        1194.3660365002650     
   78.250000000000000        1172.0842273095514     
   78.500000000000000        1143.8289926461450     
   78.750000000000000        1110.2797799097989     
   79.000000000000000        1072.1160365002650     
   79.250000000000000        1029.9916056356549     
   79.500000000000000        984.45791380751450     
   79.750000000000000        936.04078332574954     
   80.000000000000000        885.26603650026482     
   80.250000000000000        832.66744414941945     
   80.500000000000000        778.81057112538645     
   80.750000000000000        724.26893078879255     
   81.000000000000000        669.61603650026495     
   81.250000000000000        615.40827426825695     
   81.500000000000000        562.13352069252926     
   81.750000000000000        510.26252502066950     
   82.000000000000000        460.26603650026493     
   82.250000000000000        412.66520902914272     
   82.500000000000000        368.18281510608642     
   82.750000000000000        327.59203188011941     
   83.000000000000000        291.66603650026491     
   83.250000000000000        261.15288986676228     
   83.500000000000000        236.70018788471495     
   83.750000000000000        218.93041021044263     
   84.000000000000000        208.46603650026495     
   84.250000000000000        205.92648175539796     
   84.500000000000000        211.91890235664351     
   84.750000000000000        227.04739002969973     
   85.000000000000000        251.91603650026494     
   85.250000000000000        287.03349586323549     
   85.500000000000000        332.52667169030070     
   85.750000000000000        388.42702992234808     
   86.000000000000000        454.76603650026493     
   86.250000000000000        531.42442566824980     
   86.500000000000000        617.68000488374344     
   86.750000000000000        712.65984990749791     
   87.000000000000000        815.49103650026495     
   87.250000000000000        925.39939546535538     
   87.500000000000000        1042.0057777763154     
   87.750000000000000        1165.0297894492503     
   88.000000000000000        1294.1910365002650     
   88.250000000000000        1429.0898364719185     
   88.500000000000000        1568.8493530125850     
   88.750000000000000        1712.4734612970915     
   89.000000000000000        1858.9660365002651     
   89.250000000000000        2007.2077901485602     
   89.500000000000000        2155.5867791749351     
   89.750000000000000        2302.3678968639747     
   90.000000000000000        2445.8160365002650     
   90.250000000000000        2584.5295188104319     
   90.500000000000000        2718.4403742892655     
   90.750000000000000        2847.8140608735994     
   91.000000000000000        2972.9160365002649     
   91.250000000000000        3094.0570723613032     
   91.500000000000000        3211.7291926695916     
   91.750000000000000        3326.4697348932173     
   92.000000000000000        3438.8160365002650     
   92.250000000000000        3549.0442701209449     
   92.500000000000000        3656.3859490339560     
   92.750000000000000        3759.8114216801218     
   93.000000000000000        3858.2910365002649     
   93.250000000000000        3950.9140192815071     
   93.500000000000000        4037.2451051961725     
   93.750000000000000        4116.9679067628840     
   94.000000000000000        4189.7660365002657     
   94.250000000000000        4255.3380592546173     
   94.500000000000000        4313.4423491829448     
   94.750000000000000        4363.8522327699329     
   95.000000000000000        4406.3410365002655     
   95.250000000000000        4440.7537908266186     
   95.500000000000000        4467.2223420736427     
   95.750000000000000        4485.9502405339772     
   96.000000000000000        4497.1410365002657     
   96.250000000000000        4501.0355745655006     
   96.500000000000000        4498.0238765240802     
   96.750000000000000        4488.5332584707530     
   97.000000000000000        4472.9910365002661     
   97.250000000000000        4451.6630205379734     
   97.500000000000000        4424.1689958316329     
   97.750000000000000        4389.9672414596089     
   98.000000000000000        4348.5160365002657     
   98.250000000000000        4299.3972341592053     
   98.500000000000000        4242.6869841509852     
   98.750000000000000        4178.5850103174052     
   99.000000000000000        4107.2910365002654     
   99.250000000000000        4029.2723868268026     
   99.500000000000000        3946.0667865660198     
   99.750000000000000        3859.4795612723601     
   100.00000000000000        3771.3160365002650     
   100.25000000000000        3683.2067031601755     
   100.50000000000000        3596.0827135865238     
   100.75000000000000        3510.7003854697432     
   101.00000000000000        3427.8160365002645     
   101.25000000000000        3347.9614726590858     
   101.50000000000000        3270.7704530894721     
   101.75000000000000        3195.6522252252539     
   102.00000000000000        3122.0160365002648     
   102.25000000000000        3049.3440158300700     
   102.50000000000000        2977.4098180571773     
   102.75000000000000        2906.0599795058283     
   103.00000000000000        2835.1410365002648     
   103.25000000000000        2764.5438392722222     
   103.50000000000000        2694.3364936834082     
   103.75000000000000        2624.6314195030222     
   104.00000000000000        2555.5410365002649     
   104.25000000000000        2487.2061429576293     
   104.50000000000000        2419.8810512107793     
   104.75000000000000        2353.8484521086721     
   105.00000000000000        2289.3910365002648     
   105.25000000000000        2226.7629641488497     
   105.50000000000000        2166.1042704750635     
   105.75000000000000        2107.5264598138779     
   106.00000000000000        2051.1410365002653     
   106.25000000000000        1997.0561881985602     
   106.50000000000000        1945.3668358905554     
   106.75000000000000        1896.1645838874051     
   107.00000000000000        1849.5410365002649     
   107.25000000000000        1805.6659239334986     
   107.50000000000000        1765.0214799643047     
   107.75000000000000        1728.1680642630911     
   108.00000000000000        1695.6660365002649     
   108.25000000000000        1668.0169600690351     
   108.50000000000000        1645.4872132538151     
   108.75000000000000        1628.2843780618200     
   109.00000000000000        1616.6160365002647     
   109.25000000000000        1610.3808141669504     
   109.50000000000000        1608.2415110220238     
   109.75000000000000        1608.5519706162177     
   110.00000000000000        1609.6660365002649     
   110.25000000000000        1610.2470178897520     
   110.50000000000000        1610.1960866596787     
   110.75000000000000        1609.7238803498985     

