#TitleText:Ni(001)-(5x5)-Li     Beam (3/5,1/5)            Rfac10=       0.9105
 IV exp
   40.250000000000000        270.65985779544417     
   40.500000000000000        271.34836267480392     
   40.750000000000000        271.98552771501733     
   41.000000000000000        272.54568299651112     
   41.250000000000000        273.00382851928538     
   41.500000000000000        273.33764396163286     
   41.750000000000000        273.52547892141951     
   42.000000000000000        273.54568299651118     
   42.250000000000000        273.38603548148114     
   42.500000000000000        273.07203445773149     
   42.750000000000000        272.63860770337169     
   43.000000000000000        272.12068299651116     
   43.250000000000000        271.56401815885704     
   43.500000000000000        271.05769118650801     
   43.750000000000000        270.70161011916053     
   44.000000000000000        270.59568299651119     
   44.250000000000000        270.81519298715767     
   44.500000000000000        271.33692377530343     
   44.750000000000000        272.11303417405304     
   45.000000000000000        273.09568299651113     
   45.250000000000000        274.25008912157915     
   45.500000000000000        275.59371169134522     
   45.750000000000000        277.15706991369427     
   46.000000000000000        278.97068299651113     
   46.250000000000000        281.07925163059252     
   46.500000000000000        283.58420243838248     
   46.750000000000000        286.60114352523675     
   47.000000000000000        290.24568299651116     
   47.250000000000000        294.60231483511751     
   47.500000000000000        299.63107653419172     
   47.750000000000000        305.26089146442564     
   48.000000000000000        311.42068299651112     
   48.250000000000000        318.04535263300426     
   48.500000000000000        325.09371440391749     
   48.750000000000000        332.53056047112750     
   49.000000000000000        340.32068299651110     
   49.250000000000000        348.44896636193232     
   49.500000000000000        356.98066382920507     
   49.750000000000000        366.00112088013088     
   50.000000000000000        375.59568299651107     
   50.250000000000000        385.83444239833318     
   50.500000000000000        396.72647825832877     
   50.750000000000000        408.26561648741551     
   51.000000000000000        420.44568299651110     
   51.250000000000000        433.22564327380155     
   51.500000000000000        446.42502111654647     
   51.750000000000000        459.82847989927370     
   52.000000000000000        473.22068299651119     
   52.250000000000000        486.39020748552724     
   52.500000000000000        499.14128525455214     
   52.750000000000000        511.28206189455659     
   53.000000000000000        522.62068299651116     
   53.250000000000000        532.98059351315635     
   53.500000000000000        542.24643584431169     
   53.750000000000000        550.31815175156692     
   54.000000000000000        557.09568299651119     
   54.250000000000000        562.50721956591440     
   54.500000000000000        566.59394434726778     
   54.750000000000000        569.42528845324284     
   55.000000000000000        571.07068299651110     
   55.250000000000000        571.60212620225298     
   55.500000000000000        571.10188474568395     
   55.750000000000000        569.65479241452852     
   56.000000000000000        567.34568299651119     
   56.250000000000000        564.24743610414055     
   56.500000000000000        560.38511464906321     
   56.750000000000000        555.77182736770976     
   57.000000000000000        550.42068299651112     
   57.250000000000000        544.34628986025155     
   57.500000000000000        537.56925463713003     
   57.750000000000000        530.11168359369913     
   58.000000000000000        521.99568299651116     
   58.250000000000000        513.24501805891998     
   58.500000000000000        503.89008978148343     
   58.750000000000000        493.96295811156079     
   59.000000000000000        483.49568299651116     
   59.250000000000000        472.53250150813568     
   59.500000000000000        461.16635921600323     
   59.750000000000000        449.50237881412471     
   60.000000000000000        437.64568299651114     
   60.250000000000000        425.70962076260440     
   60.500000000000000        413.84044633357064     
   60.750000000000000        402.19264023600709     
   61.000000000000000        390.92068299651112     
   61.250000000000000        380.17264467051359     
   61.500000000000000        370.07095342878102     
   61.750000000000000        360.73162697091345     
   62.000000000000000        352.27068299651114     
   62.250000000000000        344.74733603440791     
   62.500000000000000        337.99358793037209     
   62.750000000000000        331.78463735940585     
   63.000000000000000        325.89568299651114     
   63.250000000000000        320.15234354592167     
   63.500000000000000        314.58191782879737     
   63.750000000000000        309.26212469553002     
   64.000000000000000        304.27068299651114     
   64.250000000000000        299.66348151097236     
   64.500000000000000        295.40908873350520     
   64.750000000000000        291.45424308754104     
   65.000000000000000        287.74568299651116     
   65.250000000000000        284.22954713925571     
   65.500000000000000        280.84957521624870     
   65.750000000000000        277.54890718337293     
   66.000000000000000        274.27068299651114     
   66.250000000000000        271.02602166107181     
   66.500000000000000        268.09795838056687     
   66.750000000000000        265.83750740803401     
   67.000000000000000        264.59568299651113     
   67.250000000000000        264.61819857052404     
   67.500000000000000        265.72956424055081     
   67.750000000000000        267.64898928855780     
   68.000000000000000        270.09568299651113     
   68.250000000000000        272.82020391089901     
   68.500000000000000        275.69850763629671     
   68.750000000000000        278.63789904180169     
   69.000000000000000        281.54568299651112     
   69.250000000000000        284.37508376494685     
   69.500000000000000        287.26300319332898     
   69.750000000000000        290.39226252330218     
   70.000000000000000        293.94568299651115     
   70.250000000000000        298.05590275838051     
   70.500000000000000        302.65482756945431     
   70.750000000000000        307.62418009405656     
   71.000000000000000        312.84568299651119     
   71.250000000000000        318.21563755559811     
   71.500000000000000        323.68865950792082     
   71.750000000000000        329.23394320453866     
   72.000000000000000        334.82068299651110     
   72.250000000000000        340.39744187329399     
   72.500000000000000        345.83025737792934     
   72.750000000000000        350.96453569185553     
   73.000000000000000        355.64568299651114     
   73.250000000000000        359.74564605529258     
   73.500000000000000        363.24253395942861     
   73.750000000000000        366.14099638210593     
   74.000000000000000        368.44568299651115     
   74.250000000000000        370.17297813460237     
   74.500000000000000        371.38620476342294     
   74.750000000000000        372.16042050878764     
   75.000000000000000        372.57068299651115     
   75.250000000000000        372.63653938536487     
   75.500000000000000        372.15549496594645     
   75.750000000000000        370.86954456181041     
   76.000000000000000        368.52068299651114     
   76.250000000000000        364.92957167800517     
   76.500000000000000        360.23153835185809     
   76.750000000000000        354.64057734803754     
   77.000000000000000        348.37068299651116     
   77.250000000000000        341.64427188168122     
   77.500000000000000        334.71744960568805     
   77.750000000000000        327.85474402510636     
   78.000000000000000        321.32068299651115     
   78.250000000000000        315.31704814933687     
   78.500000000000000        309.79463620445682     
   78.750000000000000        304.64149765560393     
   79.000000000000000        299.74568299651116     
   79.250000000000000        295.02257100003823     
   79.500000000000000        290.49685355555170     
   79.750000000000000        286.22055083154493     
   80.000000000000000        282.24568299651116     
   80.250000000000000        278.61520332957724     
   80.500000000000000        275.33579755240339     
   80.750000000000000        272.40508449728350     
   81.000000000000000        269.82068299651115     
   81.250000000000000        267.57938553571995     
   81.500000000000000        265.67467921390170     
   81.750000000000000        264.09922478338819     
   82.000000000000000        262.84568299651113     
   82.250000000000000        261.89330563161008     
   82.500000000000000        261.16770857105672     
   82.750000000000000        260.58109872323053     
   83.000000000000000        260.04568299651112     
   83.250000000000000        259.49609929190649     
   83.500000000000000        258.95670948093834     
   83.750000000000000        258.47430642775652     
   84.000000000000000        258.09568299651113     
   84.250000000000000        257.87061392983060     
   84.500000000000000        257.86080148425685     
   84.750000000000000        258.13092979481024     
   85.000000000000000        258.74568299651116     
   85.250000000000000        259.72171484283803     
   85.500000000000000        260.88355756110121     
   85.750000000000000        262.00771299706940     
   86.000000000000000        262.87068299651116     
   86.250000000000000        263.30217155288443     
   86.500000000000000        263.34469125040522     
   86.750000000000000        263.09395682097897     
   87.000000000000000        262.64568299651114     
   87.250000000000000        262.10580629969121     
   87.500000000000000        261.62115041634479     
   87.750000000000000        261.34876082308159     
   88.000000000000000        261.44568299651115     
   88.250000000000000        262.04245122741764     
   88.500000000000000        263.16355506328244     
   88.750000000000000        264.80697286576162     
   89.000000000000000        266.97068299651113     
   89.250000000000000        269.65200239470528     
   89.500000000000000        272.84560230959221     
   89.750000000000000        276.54549256793865     
   90.000000000000000        280.74568299651116     
   90.250000000000000        285.44473092282823     
   90.500000000000000        290.65938367741552     
   90.750000000000000        296.41093609155064     
   91.000000000000000        302.72068299651113     
   91.250000000000000        309.59942189304877     
   91.500000000000000        317.01596095981245     
   91.750000000000000        324.92861104492550     
   92.000000000000000        333.29568299651112     
   92.250000000000000        342.03480448404355     
   92.500000000000000        350.90087046240126     
   92.750000000000000        359.60809270781402     
   93.000000000000000        367.87068299651116     
   93.250000000000000        375.42452064984400     
   93.500000000000000        382.09215516964929     
   93.750000000000000        387.71780360288551     
   94.000000000000000        392.14568299651114     
   94.250000000000000        395.28066402064758     
   94.500000000000000        397.27023183806858     
   94.750000000000000        398.32252523471084     
   95.000000000000000        398.64568299651114     
   95.250000000000000        398.39567124663256     
   95.500000000000000        397.51976545714331     
   95.750000000000000        395.91306843733798     
   96.000000000000000        393.47068299651113     
   96.250000000000000        390.11934272188904     
   96.500000000000000        385.91230431242508     
   96.750000000000000        380.93445524500407     
   97.000000000000000        375.27068299651114     
   97.250000000000000        369.09480584487801     
   97.500000000000000        362.93636527222338     
   97.750000000000000        357.41383356171258     
   98.000000000000000        353.14568299651114     
   98.250000000000000        350.56537562766573     
   98.500000000000000        349.36633257774838     
   98.750000000000000        349.05696473721241     
   99.000000000000000        349.14568299651114     
   99.250000000000000        349.16818024852591     
   99.500000000000000        348.76927739585000     
   99.750000000000000        347.62107734350468     
   100.00000000000000        345.39568299651114     
   100.25000000000000        341.89147010729738     
   100.50000000000000        337.41190581791841     
   100.75000000000000        332.38673011783578     
   101.00000000000000        327.24568299651116     
   101.25000000000000        322.33534980135130     
   101.50000000000000        317.66969731154325     
   101.75000000000000        313.17953766421914     
   102.00000000000000        308.79568299651112     
   102.25000000000000        304.42560366636422     
   102.50000000000000        299.88340291497542     
   102.75000000000000        294.95984220435446     
   103.00000000000000        289.44568299651115     
   103.25000000000000        283.17539601225860     
   103.50000000000000        276.15828900762205     
   103.75000000000000        268.44737899743012     
   104.00000000000000        260.09568299651119     
   104.25000000000000        251.21566026366838     
   104.50000000000000        242.15753903360337     
   104.75000000000000        233.33098978499225     
   105.00000000000000        225.14568299651114     
   105.25000000000000        217.96262341213475     
   105.50000000000000        211.94815283703139     
   105.75000000000000        207.21994734166793     
   106.00000000000000        203.89568299651114     
   106.25000000000000        202.04036594185953     
   106.50000000000000        201.50832259733795     
   106.75000000000000        202.10120945240294     
   107.00000000000000        203.62068299651116     
   107.25000000000000        205.83555767449411     
   107.50000000000000        208.38327975268379     
   107.75000000000000        210.86845345278715     
   108.00000000000000        212.89568299651114     
   108.25000000000000        214.13447008923089     
   108.50000000000000        214.51390637099377     
   108.75000000000000        214.02798096551533     
   109.00000000000000        212.67068299651112     
   109.25000000000000        210.54597244764921     
   109.50000000000000        208.19769274240798     
   109.75000000000000        206.27965816421835     
   110.00000000000000        205.44568299651115     
   110.25000000000000        206.19753497423903     
   110.50000000000000        208.42879563844110     
   110.75000000000000        211.88099998167820     
   111.00000000000000        216.29568299651118     
   111.25000000000000        221.28525125946163     
   111.50000000000000        225.94559768289452     
   111.75000000000000        229.24348676313576     
   112.00000000000000        230.14568299651114     
   112.25000000000000        227.91602671698149     
   112.50000000000000        223.00666160904768     
   112.75000000000000        216.16680719484560     
   113.00000000000000        208.14568299651114     
   113.25000000000000        199.68606797667928     
   113.50000000000000        191.50497885998163     
   113.75000000000000        184.31299181154867     
   114.00000000000000        178.82068299651115     
   114.25000000000000        175.49075248036820     
   114.50000000000000        173.79439593009283     
   114.75000000000000        172.95493291302665     
   115.00000000000000        172.19568299651115     
   115.25000000000000        170.88205133091486     
   115.50000000000000        168.94778539871396     
   115.75000000000000        166.46871826541167     
   116.00000000000000        163.52068299651114     
   116.25000000000000        160.27584330003936     
   116.50000000000000        157.29168545411818     
   116.75000000000000        155.22202637939353     
   117.00000000000000        154.72068299651113     
   117.25000000000000        156.30664219799473     
   117.50000000000000        159.95957076388015     
   117.75000000000000        165.52430544608103     
   118.00000000000000        172.84568299651113     
   118.25000000000000        181.65996713704851     
   118.50000000000000        191.26912946942815     
   118.75000000000000        200.86656856534927     
   119.00000000000000        209.64568299651114     
   119.25000000000000        216.93227473287800     
   119.50000000000000        222.58175933747413     
   119.75000000000000        226.58195577158875     
   120.00000000000000        228.92068299651118     
   120.25000000000000        229.62800066050630     
   120.50000000000000        228.90293115974220     
   120.75000000000000        226.98673757736253     
   121.00000000000000        224.12068299651116     
   121.25000000000000        220.62903935416364     
   121.50000000000000        217.16811400262395     
   121.75000000000000        214.47722314802786     
   122.00000000000000        213.29568299651118     
   122.25000000000000        214.36548677690593     
   122.50000000000000        218.43933580882884     
   122.75000000000000        226.27260843459294     
   123.00000000000000        238.62068299651116     
   123.25000000000000        255.88193964227969     
   123.50000000000000        277.02676574112763     
   123.75000000000000        300.66855046766733     
   124.00000000000000        325.42068299651112     
   124.25000000000000        350.00897763304221     
   124.50000000000000        373.60894920572741     
   124.75000000000000        395.50853767380454     
   125.00000000000000        414.99568299651116     
   125.25000000000000        431.65234155461837     
   125.50000000000000        446.23653541502961     
   125.75000000000000        459.80030306618158     
   126.00000000000000        473.39568299651114     
   126.25000000000000        487.91747287755129     
   126.50000000000000        503.63150711322106     
   126.75000000000000        520.64637929053583     
   127.00000000000000        539.07068299651110     
   127.25000000000000        558.94756803924327     
   127.50000000000000        580.05840911115286     
   127.75000000000000        602.11913712574164     
   128.00000000000000        624.84568299651119     
   128.25000000000000        647.96986856954254     
   128.50000000000000        671.28707942123435     
   128.75000000000000        694.60859206056443     
   129.00000000000000        717.74568299651116     
   129.25000000000000        740.53846191165371     
   129.50000000000000        762.94237118297701     
   129.75000000000000        784.94168636106735     
   130.00000000000000        806.52068299651114     
   130.25000000000000        827.68397551290957     
   130.50000000000000        848.51753382592449     
   130.75000000000000        869.12766672423277     
   131.00000000000000        889.62068299651116     
   131.25000000000000        909.98449964077486     
   131.50000000000000        929.73346649239193     
   131.75000000000000        948.26354159606854     
   132.00000000000000        964.97068299651119     
   132.25000000000000        979.34938952805817     
   132.50000000000000        991.28832318357502     
   132.75000000000000        1000.7746867455601     
   133.00000000000000        1007.7956829965111     
   133.25000000000000        1012.3525871010598     
   133.50000000000000        1014.5029637523746     
   133.75000000000000        1014.3184500257577     
   134.00000000000000        1011.8706829965112     
   134.25000000000000        1007.2674850467694     
   134.50000000000000        1000.7614197859933     
   134.75000000000000        992.64123613047605     
   135.00000000000000        983.19568299651110     
   135.25000000000000        972.69219569092991     
   135.50000000000000        961.31295508271933     
   135.75000000000000        949.21882843140452     
   136.00000000000000        936.57068299651110     
   136.25000000000000        923.43470516857758     
   136.50000000000000        909.49835786219626     
   136.75000000000000        894.35442312297221     
   137.00000000000000        877.59568299651107     
   137.25000000000000        859.01456598882601     
   137.50000000000000        839.20208644756224     
   137.75000000000000        818.94890518077295     
   138.00000000000000        799.04568299651123     
   138.25000000000000        780.16042573018512     
   138.50000000000000        762.47051932662168     
   138.75000000000000        746.03069475800305     
   139.00000000000000        730.89568299651114     
   139.25000000000000        717.06626656950084     
   139.50000000000000        704.32743422501812     
   139.75000000000000        692.41022626628182     
   140.00000000000000        681.04568299651112     
   140.25000000000000        670.05837159587850     
   140.50000000000000        659.64696675237280     
   140.75000000000000        650.10367003093631     
   141.00000000000000        641.72068299651119     
   141.25000000000000        634.68098565105151     
   141.50000000000000        628.73067174455730     
   141.75000000000000        623.50661346403990     

