#TitleText:Ni(001)-(5x5)-Li     Beam (4/5,0)              Rfac10=       1.1105
 IV exp
   40.250000000000000        181.39697260514583     
   40.500000000000000        203.04092568722609     
   40.750000000000000        225.95960799319937     
   41.000000000000000        250.79038413501206     
   41.250000000000000        277.95317598766422     
   41.500000000000000        306.99813447836988     
   41.750000000000000        337.25796779739665     
   42.000000000000000        368.06538413501204     
   42.250000000000000        398.76426887926965     
   42.500000000000000        428.74321620936672     
   42.750000000000000        457.40199750228641     
   43.000000000000000        484.14038413501203     
   43.250000000000000        508.33752205532949     
   43.500000000000000        529.29005549423562     
   43.750000000000000        546.27400325352994     
   44.000000000000000        558.56538413501198     
   44.250000000000000        565.58693208448460     
   44.500000000000000        567.34824162376310     
   44.750000000000000        564.00562241866601     
   45.000000000000000        555.71538413501207     
   45.250000000000000        542.78986691680439     
   45.500000000000000        526.16553282078439     
   45.750000000000000        506.93487438187833     
   46.000000000000000        486.19038413501204     
   46.250000000000000        464.97442068337023     
   46.500000000000000        444.12880690317149     
   46.750000000000000        424.44523173889303     
   47.000000000000000        406.71538413501207     
   47.250000000000000        391.69616140978707     
   47.500000000000000        380.00529437660197     
   47.750000000000000        372.22572222262187     
   48.000000000000000        368.94038413501204     
   48.250000000000000        370.65941036255379     
   48.500000000000000        377.60169540049304     
   48.750000000000000        389.91332480569179     
   49.000000000000000        407.74038413501199     
   49.250000000000000        431.25342382506983     
   49.500000000000000        460.72085383149789     
   49.750000000000000        496.43554898968301     
   50.000000000000000        538.69038413501198     
   50.250000000000000        587.76998039723901     
   50.500000000000000        643.92594408358741     
   50.750000000000000        707.40162779564821     
   51.000000000000000        778.44038413501198     
   51.250000000000000        857.29372502104638     
   51.500000000000000        944.24579964422446     
   51.750000000000000        1039.5889165127962     
   52.000000000000000        1143.6153841350119     
   52.250000000000000        1256.5118774536477     
   52.500000000000000        1378.0425371495869     
   52.750000000000000        1507.8658703382382     
   53.000000000000000        1645.6403841350118     
   53.250000000000000        1791.1526324744341     
   53.500000000000000        1944.7013565674999     
   53.750000000000000        2106.7133444443220     
   54.000000000000000        2277.6153841350124     
   54.250000000000000        2457.9066162086879     
   54.500000000000000        2648.3755913904852     
   54.750000000000000        2849.8832129445459     
   55.000000000000000        3063.2903841350121     
   55.250000000000000        3288.8807856258873     
   55.500000000000000        3524.6292076806312     
   55.750000000000000        3767.9332179625653     
   56.000000000000000        4016.1903841350122     
   56.250000000000000        4266.3016085978352     
   56.500000000000000        4513.1811326970628     
   56.750000000000000        4751.2465325152662     
   57.000000000000000        4974.9153841350126     
   57.250000000000000        5178.5836004178454     
   57.500000000000000        5356.5604413411902     
   57.750000000000000        5503.1335036614455     
   58.000000000000000        5612.5903841350118     
   58.250000000000000        5680.4207476658576     
   58.500000000000000        5706.9225317482496     
   58.750000000000000        5693.5957420240220     
   59.000000000000000        5641.9403841350122     
   59.250000000000000        5554.0569637287936     
   59.500000000000000        5434.4479864758841     
   59.750000000000000        5288.2164580525387     
   60.000000000000000        5120.4653841350118     
   60.250000000000000        4935.9913584790402     
   60.500000000000000        4738.3653271582862     
   60.750000000000000        4530.8518243258950     
   61.000000000000000        4316.7153841350118     
   61.250000000000000        4099.0312352901174     
   61.500000000000000        3880.1173847010423     
   61.750000000000000        3662.1025338289519     
   62.000000000000000        3447.1153841350124     
   62.250000000000000        3236.9435832955619     
   62.500000000000000        3032.0105638476180     
   62.750000000000000        2832.3987045433714     
   63.000000000000000        2638.1903841350122     
   63.250000000000000        2449.5949394627105     
   63.500000000000000        2267.3295397185598     
   63.750000000000000        2092.2383121826351     
   64.000000000000000        1925.1653841350119     
   64.250000000000000        1766.8693542886706     
   64.500000000000000        1617.7667070882164     
   64.750000000000000        1478.1883984111601     
   65.000000000000000        1348.4653841350121     
   65.250000000000000        1228.7324481926789     
   65.500000000000000        1118.3396867386466     
   65.750000000000000        1016.4410239827971     
   66.000000000000000        922.19038413501198     
   66.250000000000000        834.82870462568667     
   66.500000000000000        753.94497576726963     
   66.750000000000000        679.21520109272410     
   67.000000000000000        610.31538413501198     
   67.250000000000000        547.03995998964717     
   67.500000000000000        489.65709000234676     
   67.750000000000000        438.55336708137901     
   68.000000000000000        394.11538413501205     
   68.250000000000000        356.71860397579690     
   68.500000000000000        326.69396903341533     
   68.750000000000000        304.36129164183217     
   69.000000000000000        290.04038413501200     
   69.250000000000000        283.91035079223769     
   69.500000000000000        285.58746367406411     
   69.750000000000000        294.54728678636457     
   70.000000000000000        310.26538413501203     
   70.250000000000000        332.12565704032454     
   70.500000000000000        359.14535608040023     
   70.750000000000000        390.25006914778174     
   71.000000000000000        424.36538413501205     
   71.250000000000000        460.49768523153614     
   71.500000000000000        497.97654181440720     
   71.750000000000000        536.21231955758071     
   72.000000000000000        574.61538413501194     
   72.250000000000000        612.65285996860302     
   72.500000000000000        650.01890647204300     
   72.750000000000000        686.46444180696744     
   73.000000000000000        721.74038413501194     
   73.250000000000000        755.60427345412336     
   73.500000000000000        787.84013710749264     
   73.750000000000000        818.23862427462154     
   74.000000000000000        846.59038413501207     
   74.250000000000000        872.70477289997507     
   74.500000000000000        896.46597490805857     
   74.750000000000000        917.77688152961855     
   75.000000000000000        936.54038413501189     
   75.250000000000000        952.64706475604794     
   75.500000000000000        965.93826807034543     
   75.750000000000000        976.24302941697647     
   76.000000000000000        983.39038413501203     
   76.250000000000000        987.34419476090511     
   76.500000000000000        988.60763262063142     
   76.750000000000000        987.81869623754801     
   77.000000000000000        985.61538413501194     
   77.250000000000000        982.57549226040396     
   77.500000000000000        979.03600625720082     
   77.750000000000000        975.27370919290320     
   78.000000000000000        971.56538413501198     
   78.250000000000000        968.11918788255139     
   78.500000000000000        964.86877216063772     
   78.750000000000000        961.67916242591150     
   79.000000000000000        958.41538413501212     
   79.250000000000000        954.98732664446311     
   79.500000000000000        951.48433491032051     
   79.750000000000000        948.04061778852360     
   80.000000000000000        944.79038413501212     
   80.250000000000000        941.82459159966879     
   80.500000000000000        939.06119300815271     
   80.750000000000000        936.37488998006620     
   81.000000000000000        933.64038413501203     
   81.250000000000000        930.76168989193434     
   81.500000000000000        927.76007286714162     
   81.750000000000000        924.68611147628394     
   82.000000000000000        921.59038413501207     
   82.250000000000000        918.49204739266656     
   82.500000000000000        915.28457033335349     
   82.750000000000000        911.83000017486961     
   83.000000000000000        907.99038413501194     
   83.250000000000000        903.63781597247157     
   83.500000000000000        898.68457560951674     
   83.750000000000000        893.05298950930933     
   84.000000000000000        886.66538413501189     
   84.250000000000000        879.50602477751863     
   84.500000000000000        871.80693203865167     
   84.750000000000000        863.86206534796474     
   85.000000000000000        855.96538413501207     
   85.250000000000000        848.32609285252556     
   85.500000000000000        840.81437604594885     
   85.750000000000000        833.21566328390395     
   86.000000000000000        825.31538413501198     
   86.250000000000000        816.88933049745151     
   86.500000000000000        807.67474358762502     
   86.750000000000000        797.39922695149221     
   87.000000000000000        785.79038413501212     
   87.250000000000000        772.66865559274083     
   87.500000000000000        758.22582941362316     
   87.750000000000000        742.74653059519983     
   88.000000000000000        726.51538413501203     
   88.250000000000000        709.81428944165714     
   88.500000000000000        692.91424356795483     
   88.750000000000000        676.08351797778118     
   89.000000000000000        659.59038413501207     
   89.250000000000000        643.69852270070305     
   89.500000000000000        628.65325112463006     
   89.750000000000000        614.69529605374782     
   90.000000000000000        602.06538413501198     
   90.250000000000000        590.99525269060268     
   90.500000000000000        581.68068174359769     
   90.750000000000000        574.30846199229995     
   91.000000000000000        569.06538413501198     
   91.250000000000000        566.08034947195847     
   91.500000000000000        565.25070171105142     
   91.750000000000000        566.41589516212468     
   92.000000000000000        569.41538413501212     
   92.250000000000000        574.08112298163564     
   92.500000000000000        580.21506622226889     
   92.750000000000000        587.61166841927388     
   93.000000000000000        596.06538413501198     
   93.250000000000000        605.37574466157150     
   93.500000000000000        615.36258820994522     
   93.750000000000000        625.85082972085229     
   94.000000000000000        636.66538413501212     
   94.250000000000000        647.62617193215078     
   94.500000000000000        658.53313574802246     
   94.750000000000000        669.18122375738903     
   95.000000000000000        679.36538413501194     
   95.250000000000000        688.87866929489815     
   95.500000000000000        697.50654860803684     
   95.750000000000000        705.03259568466319     
   96.000000000000000        711.24038413501216     
   96.250000000000000        715.90184632332875     
   96.500000000000000        718.74234962990181     
   96.750000000000000        719.47562018903000     
   97.000000000000000        717.81538413501198     
   97.250000000000000        713.48984397185905     
   97.500000000000000        706.28510768242836     
   97.750000000000000        696.00175961928949     
   98.000000000000000        682.44038413501198     
   98.250000000000000        665.45412947430759     
   98.500000000000000        645.10639945045727     
   98.750000000000000        621.51316176888440     
   99.000000000000000        594.79038413501212     
   99.250000000000000        565.13398981598277     
   99.500000000000000        533.05972432581484     
   99.750000000000000        499.16328874024543     
   100.00000000000000        464.04038413501206     
   100.25000000000000        428.28034107183367     
   100.50000000000000        392.44700805635591     
   100.75000000000000        357.09786308020625     
   101.00000000000000        322.79038413501200     
   101.25000000000000        290.07327883175498     
   101.50000000000000        259.46017325883389     
   101.75000000000000        231.45592312400186     
   102.00000000000000        206.56538413501204     
   102.25000000000000        185.21259841121869     
   102.50000000000000        167.49835371838083     
   102.75000000000000        153.44262423385854     
   103.00000000000000        143.06538413501204     
   103.25000000000000        136.26589795844248     
   103.50000000000000        132.46059167771512     
   103.75000000000000        130.94518162563620     
   104.00000000000000        131.01538413501203     
   104.25000000000000        132.07392706508364     
   104.50000000000000        133.95158438083098     
   104.75000000000000        136.58614157366887     
   105.00000000000000        139.91538413501203     
   105.25000000000000        143.88968296629523     
   105.50000000000000        148.50975060903315     
   105.75000000000000        153.78888501476052     
   106.00000000000000        159.74038413501205     
   106.25000000000000        166.36628650480768     
   106.50000000000000        173.62359299310862     
   106.75000000000000        181.45804505236126     
   107.00000000000000        189.81538413501204     
   107.25000000000000        198.68513207454626     
   107.50000000000000        208.23193222860462     
   107.75000000000000        218.66420833586670     
   108.00000000000000        230.19038413501204     
   108.25000000000000        243.02220875707954     
   108.50000000000000        257.38473290254512     
   108.75000000000000        273.50633266424427     
   109.00000000000000        291.61538413501205     
   109.25000000000000        311.93865020720790     
   109.50000000000000        334.69644097128696     
   109.75000000000000        360.10745331722865     
   110.00000000000000        388.39038413501208     
   110.25000000000000        419.67096397416134     
   110.50000000000000        453.70305802237925     
   110.75000000000000        490.14756512691361     
   111.00000000000000        528.66538413501212     
   111.25000000000000        568.94909558121935     
   111.50000000000000        610.81800674926853     
   111.75000000000000        654.12310661018932     
   112.00000000000000        698.71538413501207     
   112.25000000000000        744.49878663603363     
   112.50000000000000        791.58909479061913     
   112.75000000000000        840.15504761740112     
   113.00000000000000        890.36538413501194     
   113.25000000000000        942.32032830971843     
   113.50000000000000        995.84604389832703     
   113.75000000000000        1050.7001796052780     
   114.00000000000000        1106.6403841350120     
   114.25000000000000        1163.5200174351644     
   114.50000000000000        1221.5752844261451     
   114.75000000000000        1281.1381012715594     
   115.00000000000000        1342.5403841350119     
   115.25000000000000        1406.1047973846967     
   115.50000000000000        1472.1169982071649     
   115.75000000000000        1540.8533919935567     
   116.00000000000000        1612.5903841350121     
   116.25000000000000        1687.5284884611208     
   116.50000000000000        1765.5646525552675     
   116.75000000000000        1846.5199324392865     
   117.00000000000000        1930.2153841350121     
   117.25000000000000        2016.4841004558930     
   117.50000000000000        2105.2073213818376     
   117.75000000000000        2196.2783236843698     
   118.00000000000000        2289.5903841350123     
   118.25000000000000        2384.8520239003806     
   118.50000000000000        2481.0327417274548     
   118.75000000000000        2576.9172807583082     
   119.00000000000000        2671.2903841350126     
   119.25000000000000        2763.2528431276596     
   119.50000000000000        2853.1696415184169     
   119.75000000000000        2941.7218112174724     
   120.00000000000000        3029.5903841350118     
   120.25000000000000        3117.3855490240553     
   120.50000000000000        3205.4341220089495     
   120.75000000000000        3293.9920760568757     
   121.00000000000000        3383.3153841350122     
   121.25000000000000        3473.2570312111920     
   121.50000000000000        3562.0580502558560     
   121.75000000000000        3647.5564862400984     
   122.00000000000000        3727.5903841350123     
   122.25000000000000        3800.4344903162505     
   122.50000000000000        3866.1103567776991     
   122.75000000000000        3925.0762369178042     
   123.00000000000000        3977.7903841350121     
   123.25000000000000        4024.7059060838810     
   123.50000000000000        4066.2553274434217     
   123.75000000000000        4102.8660271487579     
   124.00000000000000        4134.9653841350118     
   124.25000000000000        4162.7986432832995     
   124.50000000000000        4185.8825132586880     
   124.75000000000000        4203.5515686722383     
   125.00000000000000        4215.1403841350120     
   125.25000000000000        4220.1308880929964     
   125.50000000000000        4218.5944243319000     
   125.75000000000000        4210.7496904723594     
   126.00000000000000        4196.8153841350122     
   126.25000000000000        4177.0263591547882     
   126.50000000000000        4151.6820942237864     
   126.75000000000000        4121.0982242483969     
   127.00000000000000        4085.5903841350128     
   127.25000000000000        4045.4337144729247     
   127.50000000000000        4000.7413785830299     
   127.75000000000000        3951.5860454691269     
   128.00000000000000        3898.0403841350121     
   128.25000000000000        3840.3389002635877     
   128.50000000000000        3779.3634462541672     
   128.75000000000000        3716.1577111851698     
   129.00000000000000        3651.7653841350120     
   129.25000000000000        3587.0158799077972     
   129.50000000000000        3521.8815162103720     
   129.75000000000000        3456.1203364752669     
   130.00000000000000        3389.4903841350124     
   130.25000000000000        3321.6531661652957     
   130.50000000000000        3251.8840437144181     
   130.75000000000000        3179.3618414738376     
   131.00000000000000        3103.2653841350120     
   131.25000000000000        3022.9750883660945     
   131.50000000000000        2938.6777387420293     
   131.75000000000000        2850.7617118144549     
   132.00000000000000        2759.6153841350124     
   132.25000000000000        2665.8075351803982     
   132.50000000000000        2570.6285561275390     
   132.75000000000000        2475.5492410784163     
   133.00000000000000        2382.0403841350126     
   133.25000000000000        2291.4499663473857     
   133.50000000000000        2204.6347165578900     
   133.75000000000000        2122.3285505569561     
   134.00000000000000        2045.2653841350120     
   134.25000000000000        1973.6950604901333     
   134.50000000000000        1905.9311324509742     
   134.75000000000000        1839.8030802538340     
   135.00000000000000        1773.1403841350120     
   135.25000000000000        1704.2656121271536     
   135.50000000000000        1633.4736834482856     
   135.75000000000000        1561.5526051127806     
   136.00000000000000        1489.2903841350121     
   136.25000000000000        1417.4617489363250     
   136.50000000000000        1346.7883135659563     
   136.75000000000000        1277.9784134801155     
   137.00000000000000        1211.7403841350119     
   137.25000000000000        1148.6425875626185     
   137.50000000000000        1088.6934920979616     
   137.75000000000000        1031.7615926518297     
   138.00000000000000        977.71538413501185     
   138.25000000000000        926.29262749827194     
   138.50000000000000        876.70814785226935     
   138.75000000000000        828.04603634763816     
   139.00000000000000        779.39038413501203     
   139.25000000000000        729.64287912936516     
   139.50000000000000        676.97559630303272     
   139.75000000000000        619.37820739269000     
   140.00000000000000        554.84038413501207     
   140.25000000000000        482.05980141933935     
   140.50000000000000        402.56614674567186     
   140.75000000000000        318.59711076667440     

