#TitleText:Ni(001)-(5x5)-Li     Beam (1/5,1/5)            Rfac10=       0.9021
 IV exp
   60.250000000000000        349.43644894482787     
   60.500000000000000        383.82406831172455     
   60.750000000000000        418.53652852275894     
   61.000000000000000        453.73624999999998     
   61.250000000000000        489.61776399344757     
   61.500000000000000        526.50404506482641     
   61.750000000000000        564.75017860379194     
   62.000000000000000        604.71124999999995     
   62.250000000000000        646.64944820638163     
   62.500000000000000        690.45537642897000     
   62.750000000000000        735.92674143707336     
   63.000000000000000        782.86125000000004     
   63.250000000000000        831.00311505602565     
   63.500000000000000        879.88257421929382     
   63.750000000000000        928.97637127291489     
   64.000000000000000        977.76125000000002     
   64.250000000000000        1025.8427009445159     
   64.500000000000000        1073.3412016938553     
   64.750000000000000        1120.5059765962669     
   65.000000000000000        1167.5862500000003     
   65.250000000000000        1214.7744405409112     
   65.500000000000000        1262.0357440052858     
   65.750000000000000        1309.2785504670173     
   66.000000000000000        1356.4112500000001     
   66.250000000000000        1403.4059431418409     
   66.500000000000000        1450.4895722850029     
   66.750000000000000        1497.9527902856635     
   67.000000000000000        1546.0862499999998     
   67.250000000000000        1595.1368650167265     
   67.500000000000000        1645.1765918547035     
   67.750000000000000        1696.2336477653289     
   68.000000000000000        1748.3362499999998     
   68.250000000000000        1801.3496436662535     
   68.500000000000000        1854.4871852961833     
   68.750000000000000        1906.7992592780211     
   69.000000000000000        1957.3362499999998     
   69.250000000000000        2005.3597946932587     
   69.500000000000000        2050.9765419605628     
   69.750000000000000        2094.5043932475860     
   70.000000000000000        2136.2612500000000     
   70.250000000000000        2176.5333650607117     
   70.500000000000000        2215.4803968615643     
   70.750000000000000        2253.2303552316348     
   71.000000000000000        2289.9112500000001     
   71.250000000000000        2325.5140888138953     
   71.500000000000000        2359.4818705931812     
   71.750000000000000        2391.1205920758762     
   72.000000000000000        2419.7362499999999     
   72.250000000000000        2444.5809046837085     
   72.500000000000000        2464.6908707657121     
   72.750000000000000        2479.0485264648601     
   73.000000000000000        2486.6362500000000     
   73.250000000000000        2486.5551830762711     
   73.500000000000000        2478.3815213439702     
   73.750000000000000        2461.8102239396844     
   74.000000000000000        2436.5362500000001     
   74.250000000000000        2402.5475036362072     
   74.500000000000000        2361.0036688584073     
   74.750000000000000        2313.3573746514039     
   75.000000000000000        2261.0612500000002     
   75.250000000000000        2205.3371461288998     
   75.500000000000000        2146.4838032224011     
   75.750000000000000        2084.5691837047020     
   76.000000000000000        2019.6612500000001     
   76.250000000000000        1951.9366462231942     
   76.500000000000000        1882.0067432519882     
   76.750000000000000        1810.5915936547885     
   77.000000000000000        1738.4112500000001     
   77.250000000000000        1666.4302533533241     
   77.500000000000000        1596.5910987696457     
   77.750000000000000        1531.0807698011440     
   78.000000000000000        1472.0862499999998     
   78.250000000000000        1421.2375747385090     
   78.500000000000000        1377.9369866694296     
   78.750000000000000        1341.0297802656355     
   79.000000000000000        1309.3612499999999     
   79.250000000000000        1281.7318695676395     
   79.500000000000000        1256.7628295526365     
   79.750000000000000        1233.0304997613152     
   80.000000000000000        1209.1112499999999     
   80.250000000000000        1183.9903376159323     
   80.500000000000000        1158.2885701200244     
   80.750000000000000        1133.0356425641039     
   81.000000000000000        1109.2612500000000     
   81.250000000000000        1087.8524049686298     
   81.500000000000000        1069.1253899672661     
   81.750000000000000        1053.2538049822692     
   82.000000000000000        1040.4112500000001     
   82.250000000000000        1030.6089487595473     
   82.500000000000000        1023.2086200109113     
   82.750000000000000        1017.4096062568195     

