#TitleText:Ni(001)-(5x5)-Li     Beam (1,4/5)              Rfac10=       1.1136
 IV exp
   72.250000000000000        681.72720461893834     
   72.500000000000000        678.99950717765080     
   72.750000000000000        676.34207299141326     
   73.000000000000000        673.79003368775068     
   73.250000000000000        671.43245176666289     
   73.500000000000000        669.57411321805023     
   73.750000000000000        668.57373490428790     
   74.000000000000000        668.79003368775079     
   74.250000000000000        670.57459669091418     
   74.500000000000000        674.25049207665222     
   74.750000000000000        680.13365826793972     
   75.000000000000000        688.54003368775068     
   75.250000000000000        699.69334797118506     
   75.500000000000000        713.44849560184491     
   75.750000000000000        729.56816227545767     
   76.000000000000000        747.81503368775077     
   76.250000000000000        767.94338542584978     
   76.500000000000000        789.67385264247241     
   76.750000000000000        812.71866038173425     
   77.000000000000000        836.79003368775079     
   77.250000000000000        861.56979682692008     
   77.500000000000000        886.61817095476988     
   77.750000000000000        911.46497644911005     
   78.000000000000000        935.64003368775070     
   78.250000000000000        958.67192626797430     
   78.500000000000000        980.08429066495262     
   78.750000000000000        999.39952657333004     
   79.000000000000000        1016.1400336877508     
   79.250000000000000        1029.9299658526875     
   79.500000000000000        1040.8004935119245     
   79.750000000000000        1048.8845412590747     
   80.000000000000000        1054.3150336877507     
   80.250000000000000        1057.2163811977807     
   80.500000000000000        1057.6789374138541     
   80.750000000000000        1055.7845417668757     
   81.000000000000000        1051.6150336877508     
   81.250000000000000        1045.1685396076944     
   81.500000000000000        1036.1083339591637     
   81.750000000000000        1024.0139781749267     
   82.000000000000000        1008.4650336877507     
   82.250000000000000        989.35786562294652     
   82.500000000000000        967.85605387599549     
   82.750000000000000        945.43998203492208     
   83.000000000000000        923.59003368775075     
   83.250000000000000        903.50855940202416     
   83.500000000000000        885.28577766335900     
   83.750000000000000        868.73387393688949     
   84.000000000000000        853.66503368775068     
   84.250000000000000        839.58130202046095     
   84.500000000000000        824.74416259707334     
   84.750000000000000        807.10495871902435     
   85.000000000000000        784.61503368775084     
   85.250000000000000        755.93377839263633     
   85.500000000000000        722.55277407485255     
   85.750000000000000        686.67164956351780     
   86.000000000000000        650.49003368775072     
   86.250000000000000        615.95073966049802     
   86.500000000000000        583.96931823002092     
   86.750000000000000        555.20450452840873     
   87.000000000000000        530.31503368775077     
   87.250000000000000        509.64213696687563     
   87.500000000000000        492.25703013156800     
   87.750000000000000        476.91342507435178     
   88.000000000000000        462.36503368775072     
   88.250000000000000        447.67403959850395     
   88.500000000000000        433.13651337021145     
   88.750000000000000        419.35699730068865     
   89.000000000000000        406.94003368775077     
   89.250000000000000        396.40229739061306     
   89.500000000000000        387.90899351409058     
   89.750000000000000        381.53745972439822     
   90.000000000000000        377.36503368775078     
   90.250000000000000        375.40345734054836     
   90.500000000000000        375.40208969993080     
   90.750000000000000        377.04469405322328     
   91.000000000000000        380.01503368775076     
   91.250000000000000        384.04907537369826     
   91.500000000000000        389.09159981269079     
   91.750000000000000        395.13959118921326     
   92.000000000000000        402.19003368775077     
   92.250000000000000        410.27247454116326     
   92.500000000000000        419.54671317581074     
   92.750000000000000        430.20511206642823     
   93.000000000000000        442.44003368775077     
   93.250000000000000        456.39419733815339     
   93.500000000000000        472.01174961057097     
   93.750000000000000        489.18719392157846     
   94.000000000000000        507.81503368775077     
   94.250000000000000        527.78078198272783     
   94.500000000000000        548.93399050841003     
   94.750000000000000        571.11522062376264     
   95.000000000000000        594.16503368775079     
   95.250000000000000        617.93107998243977     
   95.500000000000000        642.28936548229342     
   95.750000000000000        667.12298508487584     
   96.000000000000000        692.31503368775077     
   96.250000000000000        717.76517833901789     
   96.500000000000000        743.43937468892079     
   96.750000000000000        769.32015053823864     
   97.000000000000000        795.39003368775082     
   97.250000000000000        821.65192441299337     
   97.500000000000000        848.19021288852844     
   97.750000000000000        875.10966176367458     
   98.000000000000000        902.51503368775070     
   98.250000000000000        930.41341988551346     
   98.500000000000000        958.42122588347047     
   98.750000000000000        986.05718578356777     
   99.000000000000000        1012.8400336877509     
   99.250000000000000        1038.2678012964575     
   99.500000000000000        1061.7557107040941     
   99.750000000000000        1082.6982816035588     
   100.00000000000000        1100.4900336877506     
   100.25000000000000        1114.6305770551610     
   100.50000000000000        1125.0398834266573     
   100.75000000000000        1131.7430149287004     
   101.00000000000000        1134.7650336877507     
   101.25000000000000        1134.1872019844025     
   101.50000000000000        1130.3155827157807     
   101.75000000000000        1123.5124389331440     
   102.00000000000000        1114.1400336877507     
   102.25000000000000        1102.5354265087335     
   102.50000000000000        1088.9348628367241     
   102.75000000000000        1073.5493845902279     
   103.00000000000000        1056.5900336877507     
   103.25000000000000        1038.2956691071677     
   103.50000000000000        1019.0164180638278     
   103.75000000000000        999.13022483244947     
   104.00000000000000        979.01503368775070     
   104.25000000000000        959.04514606410032     
   104.50000000000000        939.58029203446904     
   104.75000000000000        920.97655883147866     
   105.00000000000000        903.59003368775075     
   105.25000000000000        887.69129251293566     
   105.50000000000000        873.20886592480008     
   105.75000000000000        859.98577321813991     
   106.00000000000000        847.86503368775072     
   106.25000000000000        836.69160476066145     
   106.50000000000000        826.31819639283469     
   106.75000000000000        816.59945667246598     
   107.00000000000000        807.39003368775082     
   107.25000000000000        798.58952182092298     
   107.50000000000000        790.27730063036574     
   107.75000000000000        782.57769596850108     
   108.00000000000000        775.61503368775072     
   108.25000000000000        769.48972883215174     
   108.50000000000000        764.20655321220681     
   108.75000000000000        759.74636783003382     
   109.00000000000000        756.09003368775063     
   109.25000000000000        753.15113997697392     
   109.50000000000000        750.57418864731108     
   109.75000000000000        747.93640983786815     
   110.00000000000000        744.81503368775077     
   110.25000000000000        740.83966338645678     
   110.50000000000000        735.84939432505303     
   110.75000000000000        729.73569494499816     
   111.00000000000000        722.39003368775082     
   111.25000000000000        713.78587735370343     
   111.50000000000000        704.22468617898153     
   111.75000000000000        694.08991875864433     
   112.00000000000000        683.76503368775082     
   112.25000000000000        673.61093557523441     
   112.50000000000000        663.89831308552561     
   112.75000000000000        654.87530089692939     
   113.00000000000000        646.79003368775079     
   113.25000000000000        639.78245747186406     
   113.50000000000000        633.55976360542104     
   113.75000000000000        627.72095478014285     
   114.00000000000000        621.86503368775072     
   114.25000000000000        615.61271791381421     
   114.50000000000000        608.67158461929523     
   114.75000000000000        600.77092585900391     
   115.00000000000000        591.64003368775070     
   115.25000000000000        581.11585737438361     
   115.50000000000000        569.46597504390252     
   115.75000000000000        557.06562203534565     

