#TitleText:Ni(001)-(5x5)-Li     Beam (1,1)                Rfac10=       0.8432
 IV exp
   86.250000000000000        962.71676053437204     
   86.500000000000000        978.29098472439659     
   86.750000000000000        994.41624332772187     
   87.000000000000000        1011.3680535509981     
   87.250000000000000        1029.3819622692254     
   87.500000000000000        1048.5336350308021     
   87.750000000000000        1068.8587670524771     
   88.000000000000000        1090.3930535509980     
   88.250000000000000        1113.0777741947149     
   88.500000000000000        1136.4765464583827     
   88.750000000000000        1160.0585722683581     
   89.000000000000000        1183.2930535509981     
   89.250000000000000        1205.6594028829036     
   89.500000000000000        1226.6778754416555     
   89.750000000000000        1245.8789370550785     
   90.000000000000000        1262.7930535509981     
   90.250000000000000        1277.0316074546586     
   90.500000000000000        1288.5296480809839     
   90.750000000000000        1297.3031414423158     
   91.000000000000000        1303.3680535509980     
   91.250000000000000        1306.7732698544496     
   91.500000000000000        1307.6993535403976     
   91.750000000000000        1306.3597872316459     
   92.000000000000000        1302.9680535509981     
   92.250000000000000        1297.7262125585312     
   92.500000000000000        1290.7906340634142     
   92.750000000000000        1282.3062653120892     
   93.000000000000000        1272.4180535509981     
   93.250000000000000        1261.2563730924139     
   93.500000000000000        1248.8933065119338     
   93.750000000000000        1235.3863634509858     
   94.000000000000000        1220.7930535509981     
   94.250000000000000        1205.2136476278017     
   94.500000000000000        1188.9194611948394     
   94.750000000000000        1172.2245709399563     
   95.000000000000000        1155.4430535509980     
   95.250000000000000        1138.8543889523673     
   95.500000000000000        1122.5996700146973     
   95.750000000000000        1106.7853928451775     
   96.000000000000000        1091.5180535509980     
   96.250000000000000        1076.9083678687166     
   96.500000000000000        1063.0839300523598     
   96.750000000000000        1050.1765539853222     
   97.000000000000000        1038.3180535509982     
   97.250000000000000        1027.6091327537547     
   97.500000000000000        1018.0260560818515     
   97.750000000000000        1009.5139781445217     
   98.000000000000000        1002.0180535509980     
   98.250000000000000        995.42123492225357     
   98.500000000000000        989.35766692622246     
   98.750000000000000        983.39929224257912     
   99.000000000000000        977.11805355099796     
   99.250000000000000        970.15213948821929     
   99.500000000000000        962.40472251924666     
   99.750000000000000        953.84522106614963     
   100.00000000000000        944.44305355099800     
   100.25000000000000        934.13243468085739     
   100.50000000000000        922.70676430277888     
   100.75000000000000        909.92423854880997     
   101.00000000000000        895.54305355099802     
   101.25000000000000        879.38816184433927     
   101.50000000000000        861.55154157562583     
   101.75000000000000        842.19192729459849     
   102.00000000000000        821.46805355099809     
   102.25000000000000        799.58066112277345     
   102.50000000000000        776.89851570070573     
   102.75000000000000        753.83238920378426     
   103.00000000000000        730.79305355099802     
   103.25000000000000        708.13696809555518     
   103.50000000000000        686.00334192753928     
   103.75000000000000        664.47707157125274     
   104.00000000000000        643.64305355099805     
   104.25000000000000        623.67275655099400     
   104.50000000000000        605.08393789512536     
   104.75000000000000        588.48092706719297     
   105.00000000000000        574.46805355099809     
   105.25000000000000        563.55845200645695     
   105.50000000000000        555.90047779794770     
   105.75000000000000        551.55129146596357     
   106.00000000000000        550.56805355099800     
   106.25000000000000        553.00527235416644     
   106.50000000000000        558.90684721907212     
   106.75000000000000        568.31402524994087     
   107.00000000000000        581.26805355099805     
   107.25000000000000        597.78815488286580     
   107.50000000000000        617.80545463175201     
   107.75000000000000        641.22905384026126     
   108.00000000000000        667.96805355099809     
   108.25000000000000        697.97152317035886     
   108.50000000000000        731.34840555990820     
   108.75000000000000        768.24761194500252     
   109.00000000000000        808.81805355099800     
   109.25000000000000        853.23915186668705     
   109.50000000000000        901.81236943460362     
   109.75000000000000        954.86967906071732     
   110.00000000000000        1012.7430535509981     
   110.25000000000000        1075.5684719188812     
   110.50000000000000        1142.6979380076659     
   110.75000000000000        1213.2874618681167     
   111.00000000000000        1286.4930535509980     
   111.25000000000000        1361.5980161387761     
   111.50000000000000        1438.3948248407210     
   111.75000000000000        1516.8032478978043     
   112.00000000000000        1596.7430535509982     
   112.25000000000000        1678.2020817070031     
   112.50000000000000        1761.4404589354390     
   112.75000000000000        1846.7863834716543     
   113.00000000000000        1934.5680535509982     
   113.25000000000000        2025.0636970892006     
   113.50000000000000        2118.3516607235133     
   113.75000000000000        2214.4603207715681     
   114.00000000000000        2313.4180535509981     
   114.25000000000000        2415.2412949921836     
   114.50000000000000        2519.8987194764982     
   114.75000000000000        2627.3470609980627     
   115.00000000000000        2737.5430535509981     
   115.25000000000000        2850.4122567480531     
   115.50000000000000        2965.7555326764832     
   115.75000000000000        3083.3425690421705     
   116.00000000000000        3202.9430535509982     
   116.25000000000000        3324.3422180715929     
   116.50000000000000        3447.3874711235594     
   116.75000000000000        3571.9417653892451     
   117.00000000000000        3697.8680535509984     
   117.25000000000000        3825.0408641465642     
   117.50000000000000        3953.3810291352697     
   117.75000000000000        4082.8209563318401     
   118.00000000000000        4213.2930535509986     
   118.25000000000000        4344.5893653981402     
   118.50000000000000        4475.9404836413505     
   118.75000000000000        4606.4366368393839     
   119.00000000000000        4735.1680535509986     
   119.25000000000000        4861.1666361918651     
   119.50000000000000        4983.2309826053206     
   119.75000000000000        5100.1013644916147     
   120.00000000000000        5210.5180535509980     
   120.25000000000000        5313.2754580153878     
   120.50000000000000        5407.3845322433581     
   120.75000000000000        5491.9103671251478     
   121.00000000000000        5565.9180535509977     
   121.25000000000000        5628.5265718025712     
   121.50000000000000        5679.0704597272352     
   121.75000000000000        5716.9381445637800     
   122.00000000000000        5741.5180535509980     
   122.25000000000000        5752.4851698303146     
   122.50000000000000        5750.6607001536895     
   122.75000000000000        5737.1524071757194     
   123.00000000000000        5713.0680535509973     
   123.25000000000000        5679.5160701821578     
   123.50000000000000        5637.6075609639920     
   123.75000000000000        5588.4542980393289     
   124.00000000000000        5533.1680535509977     
   124.25000000000000        5472.7276207470386     
   124.50000000000000        5407.5798772963271     
   124.75000000000000        5338.0387219729519     
   125.00000000000000        5264.4180535509977     
   125.25000000000000        5187.1141900106750     
   125.50000000000000        5106.8531261566841     
   125.75000000000000        5024.4432759998508     
   126.00000000000000        4940.6930535509982     
   126.25000000000000        4856.3481592662501     
   126.50000000000000        4771.9034393829243     
   126.75000000000000        4687.7910265836354     
   127.00000000000000        4604.4430535509982     
   127.25000000000000        4522.1921192303125     
   127.50000000000000        4440.9726876176082     
   127.75000000000000        4360.6196889715984     
   128.00000000000000        4280.9680535509979     
   128.25000000000000        4201.9053569934877     
   128.50000000000000        4123.5297564526318     
   128.75000000000000        4045.9920544609586     
   129.00000000000000        3969.4430535509982     
   129.25000000000000        3894.1865709767217     
   129.50000000000000        3821.1384828778537     
   129.75000000000000        3751.3676801155575     
   130.00000000000000        3685.9430535509978     
   130.25000000000000        3625.8633210306134     
   130.50000000000000        3571.8465083419437     
   130.75000000000000        3524.5404682578001     
   131.00000000000000        3484.5930535509979     
   131.25000000000000        3452.4922943318111     
   131.50000000000000        3428.0869300603604     
   131.75000000000000        3411.0658775342290     
   132.00000000000000        3401.1180535509980     
   132.25000000000000        3398.0012135731295     
   132.50000000000000        3401.7484677226016     
   132.75000000000000        3412.4617647862719     
   133.00000000000000        3430.2430535509980     
   133.25000000000000        3455.1228914316584     
   133.50000000000000        3486.8462703552204     
   133.75000000000000        3525.0867908766709     
   134.00000000000000        3569.5180535509980     
   134.25000000000000        3619.5503076312234     
   134.50000000000000        3673.5403971625046     
   134.75000000000000        3729.5818148880326     
   135.00000000000000        3785.7680535509980     
   135.25000000000000        3840.3470899744357     
   135.50000000000000        3892.1848373007492     
   135.75000000000000        3940.3016927521871     
   136.00000000000000        3983.7180535509979     
   136.25000000000000        4021.7516850270226     
   136.50000000000000        4054.9098249404860     
   136.75000000000000        4083.9970791592054     
   137.00000000000000        4109.8180535509982     
   137.25000000000000        4133.0931630984605     
   137.50000000000000        4154.2060592432945     
   137.75000000000000        4173.4562025419800     
   138.00000000000000        4191.1430535509980     
   138.25000000000000        4207.5316401351247     
   138.50000000000000        4222.7492593923243     
   138.75000000000000        4236.8887757288612     
   139.00000000000000        4250.0430535509986     
   139.25000000000000        4262.4327382920310     
   139.50000000000000        4274.7895994933961     
   139.75000000000000        4287.9731877235618     
   140.00000000000000        4302.8430535509979     
   140.25000000000000        4319.7176030027404     
   140.50000000000000        4336.7506639400808     
   140.75000000000000        4351.5549196828797     
   141.00000000000000        4361.7430535509975     
   141.25000000000000        4365.1809522529984     
   141.50000000000000        4360.7473160522695     
   141.75000000000000        4347.5740486009054     
   142.00000000000000        4324.7930535509977     
   142.25000000000000        4292.3536280412536     
   142.50000000000000        4253.4746431568265     
   142.75000000000000        4212.1923634694858     
   143.00000000000000        4172.5430535509986     
   143.25000000000000        4137.8652006379762     
   143.50000000000000        4108.7061826264107     
   143.75000000000000        4084.9156000771391     
   144.00000000000000        4066.3430535509979     
   144.25000000000000        4052.2294375878309     
   144.50000000000000        4039.3808226435181     
   144.75000000000000        4023.9945731529451     
   145.00000000000000        4002.2680535509980     
   145.25000000000000        3971.3616984416863     
   145.50000000000000        3932.2882231055041     
   145.75000000000000        3887.0234129920691     
   146.00000000000000        3837.5430535509977     
   146.25000000000000        3786.0965430764113     
   146.50000000000000        3736.0277312404519     
   146.75000000000000        3690.9540805597658     
   147.00000000000000        3654.4930535509984     
   147.25000000000000        3628.9956068086558     
   147.50000000000000        3611.7466732386761     
   147.75000000000000        3598.7646798248579     
   148.00000000000000        3586.0680535509982     
   148.25000000000000        3570.1750541199567     
   148.50000000000000        3549.6032721108336     
   148.75000000000000        3523.3701308217933     
   149.00000000000000        3490.4930535509980     
   149.25000000000000        3450.5804667675079     
   149.50000000000000        3405.6048096239765     
   149.75000000000000        3358.1295244439561     
   150.00000000000000        3310.7180535509979     
   150.25000000000000        3265.4860094909991     
   150.50000000000000        3222.7576856992464     
   150.75000000000000        3182.4095458333686     
   151.00000000000000        3144.3180535509982     
   151.25000000000000        3108.3935821994810     
   151.50000000000000        3074.6821438850261     
   151.75000000000000        3043.2636604035570     
   152.00000000000000        3014.2180535509979     
   152.25000000000000        2987.5616548920643     
   152.50000000000000        2963.0564350666382     
   152.75000000000000        2940.4007744833916     
   153.00000000000000        2919.2930535509981     
   153.25000000000000        2899.3931195382497     
   153.50000000000000        2880.2066871544107     
   153.75000000000000        2861.2009379688652     
   154.00000000000000        2841.8430535509979     
   154.25000000000000        2821.6284851359269     
   154.50000000000000        2800.1657626217084     
   154.75000000000000        2777.0916855721348     
   155.00000000000000        2752.0430535509977     
   155.25000000000000        2724.8442299740314     
   155.50000000000000        2696.0698336647429     
   155.75000000000000        2666.4820472985816     
   156.00000000000000        2636.8430535509983     
   156.25000000000000        2607.8427600239356     
   156.50000000000000        2579.8819740253098     
   156.75000000000000        2553.2892277895276     
   157.00000000000000        2528.3930535509980     
   157.25000000000000        2505.2649262362147     
   157.50000000000000        2482.9480915400086     
   157.75000000000000        2460.2287378492974     
   158.00000000000000        2435.8930535509980     
   158.25000000000000        2408.9230438371951     
   158.50000000000000        2379.0839811206447     
   158.75000000000000        2346.3369546192707     
   159.00000000000000        2310.6430535509980     
   159.25000000000000        2272.0969228459935     
   159.50000000000000        2231.3274302834016     
   159.75000000000000        2189.0969993546073     
   160.00000000000000        2146.1680535509981     
   160.25000000000000        2103.1901642098182     
   160.50000000000000        2060.3614940517391     
   160.75000000000000        2017.7673536432890     
   161.00000000000000        1975.4930535509980     
   161.25000000000000        1933.6511322457218     
   161.50000000000000        1892.4630398156312     
   161.75000000000000        1852.1774542532239     
   162.00000000000000        1813.0430535509981     
   162.25000000000000        1775.3097218632820     
   162.50000000000000        1739.2321679917241     
   162.75000000000000        1705.0663068998031     
   163.00000000000000        1673.0680535509980     
   163.25000000000000        1643.4733797321383     
   163.50000000000000        1616.4384845234601     
   163.75000000000000        1592.0996238285511     
   164.00000000000000        1570.5930535509981     
   164.25000000000000        1551.9539086391530     
   164.50000000000000        1535.8128402204234     
   164.75000000000000        1521.6993784669812     
   165.00000000000000        1509.1430535509980     
   165.25000000000000        1497.7021195172383     
   165.50000000000000        1487.0497259008346     
   165.75000000000000        1476.8877461095126     
   166.00000000000000        1466.9180535509981     
   166.25000000000000        1456.9451533478828     
   166.50000000000000        1447.1840774822265     
   166.75000000000000        1437.9524896509561     
   167.00000000000000        1429.5680535509980     
   167.25000000000000        1422.2474633972192     
   167.50000000000000        1415.8035354762474     
   167.75000000000000        1409.9481165926511     
   168.00000000000000        1404.3930535509980     
   168.25000000000000        1398.8776112442288     
   168.50000000000000        1393.2507269187718     
   168.75000000000000        1387.3887559094278     
   169.00000000000000        1381.1680535509981     
   169.25000000000000        1374.5801004318541     
   169.50000000000000        1368.0768781546540     
   169.75000000000000        1362.2254935756259     
   170.00000000000000        1357.5930535509981     
   170.25000000000000        1354.6075739593425     
   170.50000000000000        1353.1407067686009     
   170.75000000000000        1352.9250129690577     
   171.00000000000000        1353.6930535509980     
   171.25000000000000        1355.2264406617642     
   171.50000000000000        1357.5029910769308     
   171.75000000000000        1360.5495727291313     
   172.00000000000000        1364.3930535509980     
   172.25000000000000        1369.1582659495893     
   172.50000000000000        1375.3619002296637     
   172.75000000000000        1383.6186111704051     
   173.00000000000000        1394.5430535509981     
   173.25000000000000        1408.6199105958672     
   173.50000000000000        1425.8139793104028     
   173.75000000000000        1445.9600851452360     
   174.00000000000000        1468.8930535509980     
   174.25000000000000        1494.5567410979299     
   174.50000000000000        1523.3311288347131     
   174.75000000000000        1555.7052289296389     
   175.00000000000000        1592.1680535509981     
   175.25000000000000        1633.0493369434014     
   175.50000000000000        1678.0417016567330     
   175.75000000000000        1726.6784923171974     
   176.00000000000000        1778.4930535509980     
   176.25000000000000        1833.0729824344535     
   176.50000000000000        1890.2228858443427     
   176.75000000000000        1949.8016231075594     
   177.00000000000000        2011.6680535509979     
   177.25000000000000        2075.8264296247730     
   177.50000000000000        2142.8625762718843     
   177.75000000000000        2213.5077115585523     
   178.00000000000000        2288.4930535509980     
   178.25000000000000        2368.3596984974420     
   178.50000000000000        2452.8882553741078     
   178.75000000000000        2541.6692113392191     
   179.00000000000000        2634.2930535509981     
   179.25000000000000        2730.3544258164466     
   179.50000000000000        2829.4645985376728     
   179.75000000000000        2931.2389987655615     
   180.00000000000000        3035.2930535509981     
   180.25000000000000        3141.3793570427597     
   180.50000000000000        3249.7991717811892     
   180.75000000000000        3360.9909274045240     
   181.00000000000000        3475.3930535509980     
   181.25000000000000        3593.3489673185036     
   181.50000000000000        3714.8220356435572     
   181.75000000000000        3839.6806129223310     
   182.00000000000000        3967.7930535509977     
   182.25000000000000        4099.0862199892135     
   182.50000000000000        4233.7210069505691     
   182.75000000000000        4371.9168172121390     
   183.00000000000000        4513.8930535509980     
   183.25000000000000        4660.3043177806294     
   183.50000000000000        4813.5460078601527     
   183.75000000000000        4976.4487207850989     
   184.00000000000000        5151.8430535509979     
   184.25000000000000        5342.5981895692594     
   184.50000000000000        5551.7376579148086     
   184.75000000000000        5782.3235740784530     
   185.00000000000000        6037.4180535509977     
   185.25000000000000        6319.3124171233221     
   185.50000000000000        6627.2148067865992     
   185.75000000000000        6959.5625698320755     
   186.00000000000000        7314.7930535509977     
   186.25000000000000        7691.4878069934375     
   186.50000000000000        8088.8051862447792     
   186.75000000000000        8506.0477491492311     
   187.00000000000000        8942.5180535509971     
   187.25000000000000        9398.2224105839123     
   187.50000000000000        9875.9821445402704     
   187.75000000000000        10379.322333001994     
   188.00000000000000        10911.768053550997     
   188.25000000000000        11475.909387601903     
   188.50000000000000        12070.596431900125     
   188.75000000000000        12693.744287023783     
   189.00000000000000        13343.268053550997     
   189.25000000000000        14016.766332970717     
   189.50000000000000        14710.571730415217     
   189.75000000000000        15420.700351927608     
   190.00000000000000        16143.168303551000     
   190.25000000000000        16874.251269789973     
   190.50000000000000        17611.263248994997     
   190.75000000000000        18351.777817978029     
   191.00000000000000        19093.368553550998     
   191.25000000000000        19833.991510737887     
   191.50000000000000        20573.132657410777     
   191.75000000000000        21310.660439653777     
   192.00000000000000        22046.443303550997     
   192.25000000000000        22780.475844501965     
   192.50000000000000        23513.257255167882     
   192.75000000000000        24245.412877525356     
   193.00000000000000        24977.568053551000     
   193.25000000000000        25709.272373966483     
   193.50000000000000        26435.772424473689     
   193.75000000000000        27151.239039519547     
   194.00000000000000        27849.843053550994     
   194.25000000000000        28524.804414531831     
   194.50000000000000        29165.539524493346     
   194.75000000000000        29760.513898983681     
   195.00000000000000        30298.193053551000     
   195.25000000000000        30769.224929837164     
   195.50000000000000        31172.987173858917     
   195.75000000000000        31511.039857726708     
   196.00000000000000        31784.943053550996     
   196.25000000000000        31997.386996019246     
   196.50000000000000        32155.582570126982     
   196.75000000000000        32267.870823446719     
   197.00000000000000        32342.592803550997     
   197.25000000000000        32386.515005048073     
   197.50000000000000        32400.105710689146     
   197.75000000000000        32382.258650261148     
   198.00000000000000        32331.867553550997     
   198.25000000000000        32249.083656656938     
   198.50000000000000        32139.088220922407     
   198.75000000000000        32008.320014002180     
   199.00000000000000        31863.217803550997     
   199.25000000000000        31709.476197442669     
   199.50000000000000        31549.813164427193     
   199.75000000000000        31386.202513473618     

