#TitleText:Ni(001)-(5x5)-Li     Beam (4/5,3/5)            Rfac10=       1.1929
 IV exp
   68.250000000000000        52.192398707681718     
   68.500000000000000        59.455489136205173     
   68.750000000000000        66.501125660030681     
   69.000000000000000        73.220581326809295     
   69.250000000000000        79.515418636540986     
   69.500000000000000        85.328357898621661     
   69.750000000000000        90.612408874796145     
   70.000000000000000        95.320581326809290     
   70.250000000000000        99.393242832010060     
   70.500000000000000        102.72019223016395     
   70.750000000000000        105.17858617664048     
   71.000000000000000        106.64558132680929     
   71.250000000000000        107.04251987127448     
   71.500000000000000        106.46748614157832     
   71.750000000000000        105.06275000449766     
   72.000000000000000        102.97058132680930     
   72.250000000000000        100.33633751874778     
   72.500000000000000        97.317726164378513     
   72.750000000000000        94.075542391224644     
   73.000000000000000        90.770581326809292     
   73.250000000000000        87.518039889590156     
   73.500000000000000        84.250722161763335     
   73.750000000000000        80.855834016459497     
   74.000000000000000        77.220581326809295     
   74.250000000000000        73.266944008747330     
   74.500000000000000        69.055998149423885     
   74.750000000000000        64.683593878793147     
   75.000000000000000        60.245581326809301     
   75.250000000000000        55.851343911276281     
   75.500000000000000        51.664398201396907     
   75.750000000000000        47.861794054223736     
   76.000000000000000        44.620581326809301     
   76.250000000000000        42.053512057003338     
   76.500000000000000        40.016147005844275     
   76.750000000000000        38.299749115167721     
   77.000000000000000        36.695581326809297     
   77.250000000000000        35.023330196566157     
   77.500000000000000        33.216376736081763     
   77.750000000000000        31.236525570961135     
   78.000000000000000        29.045581326809295     
   78.250000000000000        26.641889492587811     
   78.500000000000000        24.169959010684444     
   78.750000000000000        21.810839686843501     
   79.000000000000000        19.745581326809297     
   79.250000000000000        18.120881043938375     
   79.500000000000000        16.946025182036237     
   79.750000000000000        16.195947392520633     
   80.000000000000000        15.845581326809295     
   80.250000000000000        15.859402417514470     
   80.500000000000000        16.160053222026377     
   80.750000000000000        16.659718078929743     
   81.000000000000000        17.270581326809296     
   81.250000000000000        17.908356621859525     
   81.500000000000000        18.502874890714029     
   81.750000000000000        18.987496377616164     
   82.000000000000000        19.295581326809295     
   82.250000000000000        19.381440305903201     
   82.500000000000000        19.283185175973287     
   82.750000000000000        19.059878121461377     
   83.000000000000000        18.770581326809296     
   83.250000000000000        18.478432615383447     
   83.500000000000000        18.262872366248597     
   83.750000000000000        18.207416597394097     
   84.000000000000000        18.395581326809296     
   84.250000000000000        18.897067193418781     
   84.500000000000000        19.726313319888092     
   84.750000000000000        20.883943449818002     
   85.000000000000000        22.370581326809294     
   85.250000000000000        24.182958446797198     
   85.500000000000000        26.302237315054807     
   85.750000000000000        28.705688189189654     
   86.000000000000000        31.370581326809297     
   86.250000000000000        34.255524480248198     
   86.500000000000000        37.244475380748469     
   86.750000000000000        40.202729254279156     
   87.000000000000000        42.995581326809301     
   87.250000000000000        45.520775343065814     
   87.500000000000000        47.805849122807118     
   87.750000000000000        49.910789004549507     
   88.000000000000000        51.895581326809300     
   88.250000000000000        53.829002733344360     
   88.500000000000000        55.814991088878870     
   88.750000000000000        57.966274563378597     
   89.000000000000000        60.395581326809300     
   89.250000000000000        63.170686059412553     
   89.500000000000000        66.179549482533190     
   89.750000000000000        69.265178827791885     
   90.000000000000000        72.270581326809292     
   90.250000000000000        75.064475364861238     
   90.500000000000000        77.618423941844142     
   90.750000000000000        79.929701211309634     
   91.000000000000000        81.995581326809301     
   91.250000000000000        83.828884816998311     
   91.500000000000000        85.504617710946022     
   91.750000000000000        87.113332412825386     
   92.000000000000000        88.745581326809301     
   92.250000000000000        90.489567078001343     
   92.500000000000000        92.424093175227554     
   92.750000000000000        94.625613348244642     
   93.000000000000000        97.170581326809298     
   93.250000000000000        100.11055358185214     
   93.500000000000000        103.39749754899954     
   93.750000000000000        106.95848340505181     
   94.000000000000000        110.72058132680930     
   94.250000000000000        114.60303468044590     
   94.500000000000000        118.49377958963007     
   94.750000000000000        122.27292536740387     
   95.000000000000000        125.82058132680930     
   95.250000000000000        129.03517065722002     
   95.500000000000000        131.88837205333596     
   95.750000000000000        134.37017808618856     
   96.000000000000000        136.47058132680931     
   96.250000000000000        138.18094252652980     
   96.500000000000000        139.49809515788195     
   96.750000000000000        140.42024087369776     
   97.000000000000000        140.94558132680930     
   97.250000000000000        141.11571907251664     
   97.500000000000000        141.14586027599216     
   97.750000000000000        141.29461200487623     
   98.000000000000000        141.82058132680930     
   98.250000000000000        142.90974726925944     
   98.500000000000000        144.45757669900530     
   98.750000000000000        146.28690844265316     
   99.000000000000000        148.22058132680931     
   99.250000000000000        150.06956106130141     
   99.500000000000000        151.59732088884255     
   99.750000000000000        152.55546093536702     
   100.00000000000000        152.69558132680928     
   100.25000000000000        151.82612144639063     
   100.50000000000000        149.98287770648034     
   100.75000000000000        147.25848577673452     
   101.00000000000000        143.74558132680929     
   101.25000000000000        139.52912861399167     
   101.50000000000000        134.66340624609182     
   101.75000000000000        129.19502141855071     
   102.00000000000000        123.17058132680930     
   102.25000000000000        116.65546143349839     
   102.50000000000000        109.79011027000810     
   102.75000000000000        102.73374463491839     
   103.00000000000000        95.645581326809292     
   103.25000000000000        88.652201112870571     
   103.50000000000000        81.749640634731577     
   103.75000000000000        74.901300502631415     
   104.00000000000000        68.070581326809290     
   104.25000000000000        61.227190825875070     
   104.50000000000000        54.366065151921397     
   104.75000000000000        47.488447565411683     
   105.00000000000000        40.595581326809295     
   105.25000000000000        33.689086044484931     
   105.50000000000000        26.772086718438590     
   105.75000000000000        19.848084696577605     

