<<<<<<< HEAD
#TitleText:Ni(001)-(5x5)-Li     Beam (1,0)                Rfac10=       0.9692
=======
#TitleText:Ni(001)-(5x5)-Li     Beam (1,0)                Rfac10=       0.9663
>>>>>>> origin/master
 IV exp
   46.250000000000000        2389.3396987152419     
   46.500000000000000        2529.4523093833227     
   46.750000000000000        2668.4397724939627     
   47.000000000000000        2805.7395142684400     
   47.250000000000000        2939.9628628317560     
   47.500000000000000        3066.4167539237924     
   47.750000000000000        3179.5820251881523     
   48.000000000000000        3273.9395142684398     
   48.250000000000000        3345.1291386933754     
   48.500000000000000        3393.4271355321489     
   48.750000000000000        3420.2688217390678     
   49.000000000000000        3427.0895142684394     
   49.250000000000000        3415.5369648803817     
   49.500000000000000        3388.1086645582518     
   49.750000000000000        3347.5145390912148     
   50.000000000000000        3296.4645142684394     
   50.250000000000000        3237.2573530207346     
   50.500000000000000        3170.5471668454829     
   50.750000000000000        3096.5769043817099     
   51.000000000000000        3015.5895142684403     
   51.250000000000000        2928.0562555223169     
   51.500000000000000        2835.3616286704546     
   51.750000000000000        2739.1184446175848     
   52.000000000000000        2640.9395142684398     
   52.250000000000000        2542.3426011256379     
   52.500000000000000        2444.4652790833388     
   52.750000000000000        2348.3500746335903     
   53.000000000000000        2255.0395142684401     
   53.250000000000000        2165.4436287107728     
   53.500000000000000        2079.9424656068309     
   53.750000000000000        1998.7835768336931     
   54.000000000000000        1922.2145142684399     
   54.250000000000000        1850.3781727669100     
   54.500000000000000        1782.9988190999775     
   54.750000000000000        1719.6960630172764     
   55.000000000000000        1660.0895142684401     
   55.250000000000000        1603.7721720822278     
   55.500000000000000        1550.2305936038995     
   55.750000000000000        1498.9247254578418     
   56.000000000000000        1449.3145142684400     
   56.250000000000000        1400.9358495148199     
   56.500000000000000        1353.6283920950648     
   56.750000000000000        1307.3077457619975     
   57.000000000000000        1261.8895142684401     
   57.250000000000000        1217.5347967191326     
   57.500000000000000        1175.3866736264813     
   57.750000000000000        1136.8337208548096     
   58.000000000000000        1103.2645142684401     
   58.250000000000000        1076.0241585942895     
   58.500000000000000        1056.2838740096495     
   58.750000000000000        1045.1714095544048     
   59.000000000000000        1043.8145142684400     
   59.250000000000000        1053.3083888893489     
   59.500000000000000        1074.6180409455599     
   59.750000000000000        1108.6759296632113     
   60.000000000000000        1156.4145142684401     
   60.250000000000000        1218.6348402089554     
   60.500000000000000        1295.6122978187507     
   60.750000000000000        1387.4908636533905     
   61.000000000000000        1494.4145142684399     
   61.250000000000000        1616.4459765104696     
   61.500000000000000        1753.3229783900770     
   61.750000000000000        1904.7019982088661     
   62.000000000000000        2070.2395142684400     
   62.250000000000000        2249.4495893598055     
   62.500000000000000        2441.2766242315802     
   62.750000000000000        2644.5226041217848     
   63.000000000000000        2857.9895142684400     
   63.250000000000000        3080.2493922859485     
   63.500000000000000        3308.9544852942417     
   63.750000000000000        3541.5270927896336     
   64.000000000000000        3775.3895142684396     
   64.250000000000000        4008.3297708570408     
   64.500000000000000        4239.5987702020930     
   64.750000000000000        4468.8131415803182     
   65.000000000000000        4695.5895142684394     
   65.250000000000000        4919.4131411465260     
   65.500000000000000        5139.2437695080253     
   65.750000000000000        5353.9097702497329     
   66.000000000000000        5562.2395142684400     
   66.250000000000000        5763.0527970424946     
   66.500000000000000        5955.1351123764452     
   66.750000000000000        6137.2633786563929     
   67.000000000000000        6308.2145142684403     
   67.250000000000000        6466.7748656691365     
   67.500000000000000        6611.7684915968348     
   67.750000000000000        6742.0288788603348     
   68.000000000000000        6856.3895142684405     
   68.250000000000000        6953.7266227666014     
   68.500000000000000        7033.0873818468608     
   68.750000000000000        7093.5617071379102     
   69.000000000000000        7134.2395142684400     
   69.250000000000000        7154.6744788750993     
   69.500000000000000        7156.2753166263628     
   69.750000000000000        7140.9145031986645     
   70.000000000000000        7110.4645142684394     
   70.250000000000000        7066.9801254686427     
   70.500000000000000        7013.2453122583256     
   70.750000000000000        6952.2263500530671     
   71.000000000000000        6886.8895142684396     
   71.250000000000000        6820.3964017359685     
   71.500000000000000        6756.6898949509696     
   71.750000000000000        6699.9081978247050     
   72.000000000000000        6654.1895142684398     
   72.250000000000000        6623.2022125731219     
   72.500000000000000        6608.7353185484353     
   72.750000000000000        6612.1080223837507     
   73.000000000000000        6634.6395142684396     
   73.250000000000000        6677.2302710821841     
   73.500000000000000        6739.1059164659282     
   73.750000000000000        6819.0733607509273     
   74.000000000000000        6915.9395142684398     
   74.250000000000000        7028.5325387087796     
   74.500000000000000        7155.7656011984918     
   74.750000000000000        7296.5731202231773     
   75.000000000000000        7449.8895142684396     
   75.250000000000000        7614.2985346933356     
   75.500000000000000        7786.9812643507457     
   75.750000000000000        7964.7681189670029     
   76.000000000000000        8144.4895142684400     
   76.250000000000000        8323.2061112535157     
   76.500000000000000        8498.8995520091648     
   76.750000000000000        8669.7817238944535     
   77.000000000000000        8834.0645142684407     
   77.250000000000000        8990.0519965282474     
   77.500000000000000        9136.4169882232345     
   77.750000000000000        9271.9244929408251     
   78.000000000000000        9395.3395142684403     
   78.250000000000000        9505.2229882441407     
   78.500000000000000        9599.3195807085413     
   78.750000000000000        9675.1698899528910     
   79.000000000000000        9730.3145142684407     
   79.250000000000000        9762.8329798558298     
   79.500000000000000        9772.9605245532457     
   79.750000000000000        9761.4713141082593     
   80.000000000000000        9729.1395142684414     
   80.250000000000000        9676.3880373181801     
   80.500000000000000        9602.2347816891215     
   80.750000000000000        9505.3463923497220     
   81.000000000000000        9384.3895142684396     
   81.250000000000000        9237.8984408570941     
   81.500000000000000        9063.8780593009160     
   81.750000000000000        8860.2009052285011     
   82.000000000000000        8624.7395142684400     
   82.250000000000000        8356.0623161140884     
   82.500000000000000        8055.5213167178563     
   82.750000000000000        7725.1644160969154     
   83.000000000000000        7367.0395142684401     
   83.250000000000000        6983.8307865471943     
   83.500000000000000        6580.7675094383030     
   83.750000000000000        6163.7152347444799     
   84.000000000000000        5738.5395142684401     
   84.250000000000000        5311.2008420577740     
   84.500000000000000        4888.0394811395736     
   84.750000000000000        4475.4906367858066     
   85.000000000000000        4079.9895142684400     
   85.250000000000000        3706.9439464573506     
   85.500000000000000        3357.6522766140442     
   85.750000000000000        3032.3854755979355     
   86.000000000000000        2731.4145142684401     
   86.250000000000000        2455.0120202234639     
   86.500000000000000        2203.4572480148900     
   86.750000000000000        1977.0311089330903     
   87.000000000000000        1776.0145142684401     
   87.250000000000000        1600.6169332594325     
   87.500000000000000        1450.7620669370374     
   87.750000000000000        1326.3021742803435     
   88.000000000000000        1227.0895142684399     
   88.250000000000000        1152.6120198494455     
   88.500000000000000        1100.9003198476007     
   88.750000000000000        1069.6207170561752     
   89.000000000000000        1056.4395142684400     
   89.250000000000000        1059.1302760784249     
   89.500000000000000        1075.8956142832003     
   89.750000000000000        1105.0454024805954     
   90.000000000000000        1144.8895142684401     
   90.250000000000000        1193.7984926974946     
   90.500000000000000        1250.3855586302388     
   90.750000000000000        1313.3246023820839     
   91.000000000000000        1381.2895142684401     
   91.250000000000000        1453.1296356172375     
   91.500000000000000        1528.3961118064842     
   91.750000000000000        1606.8155392267092     
   92.000000000000000        1688.1145142684402     
   92.250000000000000        1771.9485660691969     
   92.500000000000000        1857.6889547544645     
   92.750000000000000        1944.6358731967200     
   93.000000000000000        2032.0895142684401     
   93.250000000000000        2119.3405294666163     
   93.500000000000000        2205.6414047862986     
   93.750000000000000        2290.2350848470514     
   94.000000000000000        2372.3645142684400     
   94.250000000000000        2451.1447610499781     
   94.500000000000000        2525.1793867109805     
   94.750000000000000        2592.9440761507130     
   95.000000000000000        2652.9145142684401     
   95.250000000000000        2703.7370431941117     
   95.500000000000000        2744.7406339804184     
   95.750000000000000        2775.4249149107354     
   96.000000000000000        2795.2895142684401     
   96.250000000000000        2804.1929799092159     
   96.500000000000000        2803.4295379779860     
   96.750000000000000        2794.6523341919828     
   97.000000000000000        2779.5145142684396     
   97.250000000000000        2759.5785134046655     
   97.500000000000000        2736.0439247182776     
   97.750000000000000        2710.0196308069708     
   98.000000000000000        2682.6145142684400     
   98.250000000000000        2654.8636458327619     
   98.500000000000000        2627.5068487595436     
   98.750000000000000        2601.2101344407729     
   99.000000000000000        2576.6395142684396     
   99.250000000000000        2554.4137544999257     
   99.500000000000000        2534.9626408541881     
   99.750000000000000        2518.6687139155761     
   100.00000000000000        2505.9145142684401     
   100.25000000000000        2496.8684217781729     
   100.50000000000000        2490.8421734343428     
   100.75000000000000        2486.9333455075612     
   101.00000000000000        2484.2395142684400     
   101.25000000000000        2481.9008158730226     
   101.50000000000000        2479.2276260190806     
   101.75000000000000        2475.5728802898184     
   102.00000000000000        2470.2895142684401     
   102.25000000000000        2462.8341503403772     
   102.50000000000000        2453.0781580999746     
   102.75000000000000        2440.9965939438043     
   103.00000000000000        2426.5645142684398     
   103.25000000000000        2409.7914652511076     
   103.50000000000000        2390.8249521916596     
   103.75000000000000        2369.8469701706013     
   104.00000000000000        2347.0395142684401     
   104.25000000000000        2322.6081680158304     
   104.50000000000000        2296.8528687440266     
   104.75000000000000        2270.0971422344287     
   105.00000000000000        2242.6645142684401     
   105.25000000000000        2214.8399014212091     
   105.50000000000000        2186.7537834428745     
   105.75000000000000        2158.4980308773229     
   106.00000000000000        2130.1645142684401     
   106.25000000000000        2101.9060306599731     
   106.50000000000000        2074.1190830951155     
   106.75000000000000        2047.2611011169195     
   107.00000000000000        2021.7895142684399     
   107.25000000000000        1998.1504052995374     
   107.50000000000000        1976.7444697873041     
   107.75000000000000        1957.9610565156388     
   108.00000000000000        1942.1895142684400     
   108.25000000000000        1929.8247462525160     
   108.50000000000000        1921.2838733663079     
   108.75000000000000        1916.9895709311659     
   109.00000000000000        1917.3645142684400     
   109.25000000000000        1922.7357421760385     
   109.50000000000000        1933.0477473581043     
   109.75000000000000        1948.1493859953378     
   110.00000000000000        1967.8895142684398     
   110.25000000000000        1991.9760112789691     
   110.50000000000000        2019.5528478119145     
   110.75000000000000        2049.6230175731230     
   111.00000000000000        2081.1895142684402     
   111.25000000000000        2113.3484701937246     
   111.50000000000000        2145.5685720048768     
   111.75000000000000        2177.4116449478115     
   112.00000000000000        2208.4395142684398     
   112.25000000000000        2238.2039123067743     
   112.50000000000000        2266.2161997792173     
   112.75000000000000        2291.9776444962718     
   113.00000000000000        2314.9895142684400     
   113.25000000000000        2334.7768724398202     
   113.50000000000000        2350.9599644888940     
   113.75000000000000        2363.1828314277413     
   114.00000000000000        2371.0895142684403     
   114.25000000000000        2374.3850585445871     
   114.50000000000000        2373.0185278758472     
   114.75000000000000        2366.9999904034039     
   115.00000000000000        2356.3395142684403     
   115.25000000000000        2341.1109946174738     
   115.50000000000000        2321.6436346183586     
   115.75000000000000        2298.3304644442842     
   116.00000000000000        2271.5645142684398     
   116.25000000000000        2241.7623454711593     
   116.50000000000000        2209.4346442613587     
   116.75000000000000        2175.1156280550986     
   117.00000000000000        2139.3395142684403     
   117.25000000000000        2102.5642091085292     
   117.50000000000000        2064.9423739468475     
   117.75000000000000        2026.5503589459622     
   118.00000000000000        1987.4645142684401     
   118.25000000000000        1947.8530599553656     
   118.50000000000000        1908.2516955618928     
   118.75000000000000        1869.2879905216937     
   119.00000000000000        1831.5895142684401     
   119.25000000000000        1795.6946210556496     
   119.50000000000000        1761.7848044162222     
   119.75000000000000        1729.9523427029037     
   120.00000000000000        1700.2895142684399     
   120.25000000000000        1672.9071039326761     
   120.50000000000000        1647.9899223838581     
   120.75000000000000        1625.7412867773310     
   121.00000000000000        1606.3645142684400     
   121.25000000000000        1590.1343613242848     
   121.50000000000000        1577.6113416589847     
   121.75000000000000        1569.4274082984120     
   122.00000000000000        1566.2145142684399     
   122.25000000000000        1568.4675363808237     
   122.50000000000000        1576.1330465908434     
   122.75000000000000        1589.0205406396615     
   123.00000000000000        1606.9395142684400     
   123.25000000000000        1629.8169537630604     
   123.50000000000000        1658.0498075882817     
   123.75000000000000        1692.1525147535824     
   124.00000000000000        1732.6395142684401     
   124.25000000000000        1779.9521248025746     
   124.50000000000000        1834.2391836666693     
   124.75000000000000        1895.5764078316492     
   125.00000000000000        1964.0395142684399     
   125.25000000000000        2039.7038201372820     
   125.50000000000000        2122.6430433556816     
   125.75000000000000        2212.9305020304600     
   126.00000000000000        2310.6395142684405     
   126.25000000000000        2415.7970240089380     
   126.50000000000000        2528.2444785212456     
   126.75000000000000        2647.7769509071513     
   127.00000000000000        2774.1895142684398     
   127.25000000000000        2907.2772006876075     
   127.50000000000000        3046.8348781699760     
   127.75000000000000        3192.6573737015769     
   128.00000000000000        3344.5395142684401     
   128.25000000000000        3502.3757901012732     
   128.50000000000000        3666.4593444094908     
   128.75000000000000        3837.1829836471825     
   129.00000000000000        4014.9395142684398     
   129.25000000000000        4200.2903182679402     
   129.50000000000000        4394.4710798027027     
   129.75000000000000        4598.8860585703342     
   130.00000000000000        4814.9395142684398     
   130.25000000000000        5043.7433818126065     
   130.50000000000000        5285.2402969903396     
   130.75000000000000        5539.0805708071230     
   131.00000000000000        5804.9145142684401     
   131.25000000000000        6081.7681619672730     
   131.50000000000000        6366.1704428465810     
   131.75000000000000        6654.0260094368177     
   132.00000000000000        6941.2395142684400     
   132.25000000000000        7224.4390246789417     
   132.50000000000000        7503.1462672339776     
   132.75000000000000        7777.6063833062453     
   133.00000000000000        8048.0645142684398     
   133.25000000000000        8314.9163405525996     
   133.50000000000000        8579.1596988281453     
   133.75000000000000        8841.9429648238383     
   134.00000000000000        9104.4145142684392     
   134.25000000000000        9367.2080893462953     
   134.50000000000000        9628.8988980640788     
   134.75000000000000        9887.5475148840414     
   135.00000000000000        10141.214514268440     
   135.25000000000000        10388.280965797854     
   135.50000000000000        10628.409919526181     
   135.75000000000000        10861.584920625637     
   136.00000000000000        11087.789514268441     
   136.25000000000000        11307.189117447926     
   136.50000000000000        11520.676634441843     
   136.75000000000000        11729.326841349062     
   137.00000000000000        11934.214514268442     
   137.25000000000000        12136.212150021092     
   137.50000000000000        12335.383128317091     
   137.75000000000000        12531.588549588767     
   138.00000000000000        12724.689514268441     
   138.25000000000000        12914.532180578357     
   138.50000000000000        13100.902937900437     
   138.75000000000000        13283.573233406518     
   139.00000000000000        13462.314514268441     
   139.25000000000000        13637.445822651123     
   139.50000000000000        13811.476580691806     
   139.75000000000000        13987.463805520805     
   140.00000000000000        14168.464514268440     
   140.25000000000000        14356.010286302793     
   140.50000000000000        14545.530949942984     
   140.75000000000000        14730.930895745905     
   141.00000000000000        14906.114514268440     
   141.25000000000000        15065.968477123348     
   141.50000000000000        15209.308580146897     
   141.75000000000000        15335.932900231217     
   142.00000000000000        15445.639514268441     
   142.25000000000000        15540.826328314452     
   142.50000000000000        15634.290565080075     
   142.75000000000000        15741.429276439882     
   143.00000000000000        15877.639514268440     
   143.25000000000000        16055.784783510742     
   143.50000000000000        16278.594401393451     
   143.75000000000000        16546.264138213657     
   144.00000000000000        16858.989764268441     
   144.25000000000000        17214.384217003226     
   144.50000000000000        17599.729102456757     
   144.75000000000000        17999.723193816131     
   145.00000000000000        18399.065264268440     
   145.25000000000000        18785.730668462013     
   145.50000000000000        19160.801086890162     
   145.75000000000000        19528.634781507455     
   146.00000000000000        19893.590014268440     
   146.25000000000000        20260.829694759366     
   146.50000000000000        20638.735323093228     
   146.75000000000000        21036.493047014697     
   147.00000000000000        21463.289014268441     
   147.25000000000000        21923.405239673655     
   147.50000000000000        22401.507206347564     
   147.75000000000000        22877.356264481914     
   148.00000000000000        23330.713764268443     
   148.25000000000000        23744.482990750414     
   148.50000000000000        24114.134968377162     
   148.75000000000000        24438.282656449552     
   149.00000000000000        24715.539014268437     
   149.25000000000000        24946.508468872835     
   149.50000000000000        25139.761318254419     
   149.75000000000000        25305.859328143011     
   150.00000000000000        25455.364264268439     
   150.25000000000000        25596.918770150111     
   150.50000000000000        25731.489000465783     
   150.75000000000000        25858.121987682785     
   151.00000000000000        25975.864764268441     
   151.25000000000000        26085.140774418596     
   151.50000000000000        26191.879109243080     
   151.75000000000000        26303.385271580246     
   152.00000000000000        26426.964764268439     
   152.25000000000000        26568.176819348653     
   152.50000000000000        26725.595585672530     
   152.75000000000000        26896.048941294364     
   153.00000000000000        27076.364764268441     
   153.25000000000000        27262.252256453678     
   153.50000000000000        27444.945914927441     
   153.75000000000000        27614.561560571699     
   154.00000000000000        27761.215014268440     
   154.25000000000000        27877.000869353527     
   154.50000000000000        27961.928808978366     
   154.75000000000000        28017.987288748242     
   155.00000000000000        28047.164764268444     
   155.25000000000000        28052.656812680365     
   155.50000000000000        28042.487497269758     
   155.75000000000000        28025.888002858501     
   156.00000000000000        28012.089514268442     
   156.25000000000000        28009.087438191935     
   156.50000000000000        28019.934068803257     
   156.75000000000000        28046.445922147166     
   157.00000000000000        28090.439514268441     
   157.25000000000000        28151.347031881302     
   157.50000000000000        28219.063344377868     
   157.75000000000000        28281.098991819723     
   158.00000000000000        28324.964514268442     
   158.25000000000000        28339.925578487255     
   158.50000000000000        28322.268358045923     
   158.75000000000000        28270.034153215849     
   159.00000000000000        28181.264264268440     
   159.25000000000000        28055.602103061585     
   159.50000000000000        27899.099527799091     
   159.75000000000000        27719.410508271274     
   160.00000000000000        27524.189014268439     
   160.25000000000000        27319.551227689561     
   160.50000000000000        27105.462178868347     
   160.75000000000000        26880.349110247182     
   161.00000000000000        26642.639264268440     
   161.25000000000000        26390.626880384563     
   161.50000000000000        26122.074186088161     
   161.75000000000000        25834.610405881900     
   162.00000000000000        25525.864764268441     
   162.25000000000000        25193.989801226584     
   162.50000000000000        24839.231318639657     
   162.75000000000000        24462.358433867124     
   163.00000000000000        24064.140264268444     
   163.25000000000000        23647.171601882252     
   163.50000000000000        23221.349937463867     
   163.75000000000000        22798.398436447766     
   164.00000000000000        22390.040264268438     
   164.25000000000000        22005.664376855057     
   164.50000000000000        21645.322892115528     
   164.75000000000000        21306.733718452459     
   165.00000000000000        20987.614764268441     
   165.25000000000000        20683.958394276910     
   165.50000000000000        20384.854798434655     
   165.75000000000000        20077.668623009293     
   166.00000000000000        19749.764514268441     
   166.25000000000000        19391.432944147942     
   166.50000000000000        19004.667687256497     
   166.75000000000000        18594.388343871022     
   167.00000000000000        18165.514514268441     
   167.25000000000000        17722.842723335718     
   167.50000000000000        17270.677194400014     
   167.75000000000000        16813.199075398519     
   168.00000000000000        16354.589514268442     
   168.25000000000000        15898.586763744828     
   168.50000000000000        15447.157495754107     
   168.75000000000000        15001.825487020551     
   169.00000000000000        14564.114514268440     
   169.25000000000000        14135.881291670614     
   169.50000000000000        13720.314283194206     
   169.75000000000000        13320.934890254914     
   170.00000000000000        12941.264514268440     
   170.25000000000000        12583.852498933355     
   170.50000000000000        12247.359957079711     
   170.75000000000000        11929.475943820431     
   171.00000000000000        11627.889514268441     
   171.25000000000000        11340.265329456613     
   171.50000000000000        11064.170474097597     
   171.75000000000000        10797.147638824006     
   172.00000000000000        10536.739514268440     
   172.25000000000000        10281.097487600848     
   172.50000000000000        10030.807732140545     
   172.75000000000000        9787.0651177441905     
   173.00000000000000        9551.0645142684407     
   173.25000000000000        9324.0864932506411     
   173.50000000000000        9107.7544329508655     
   173.75000000000000        8903.7774133098774     
   174.00000000000000        8713.8645142684400     
   174.25000000000000        8539.5951875072333     
   174.50000000000000        8382.0303716666331     
   174.75000000000000        8242.1013771269372     
   175.00000000000000        8120.7395142684391     
   175.25000000000000        8017.9350767060641     
   175.50000000000000        7929.9142909932370     
   175.75000000000000        7851.9623669180110     
   176.00000000000000        7779.3645142684391     
   176.25000000000000        7707.9410444041469     
   176.50000000000000        7635.6526749710538     
   176.75000000000000        7560.9952251866534     
   177.00000000000000        7482.4645142684403     
   177.25000000000000        7399.3624406629870     
   177.50000000000000        7314.2152197331880     
   177.75000000000000        7230.3551460710150     
   178.00000000000000        7151.1145142684400     
   178.25000000000000        7078.8607316795442     
   178.50000000000000        7012.1016567068355     
   178.75000000000000        6948.3802605149285     
   179.00000000000000        6885.2395142684391     
   179.25000000000000        6820.3399213544735     
   179.50000000000000        6751.8121140501071     
   179.75000000000000        6677.9042568549066     
   180.00000000000000        6596.8645142684391     
   180.25000000000000        6507.4600278881962     
   180.50000000000000        6410.5338477033711     
   180.75000000000000        6307.4480008010796     
   181.00000000000000        6199.5645142684398     
   181.25000000000000        6088.0988495783758     
   181.50000000000000        5973.6802057470459     
   181.75000000000000        5856.7912161764125     
   182.00000000000000        5737.9145142684401     
   182.25000000000000        5617.3636906589372     
   182.50000000000000        5494.7761649190861     
   182.75000000000000        5369.6203138539113     
   183.00000000000000        5241.3645142684400     
   183.25000000000000        5109.6612077715154     
   183.50000000000000        4974.8990951872529     
   183.75000000000000        4837.6509421435831     
   184.00000000000000        4698.4895142684400     
   184.25000000000000        4558.4156732406409     
   184.50000000000000        4420.1426649425439     
   184.75000000000000        4286.8118313073956     
   185.00000000000000        4161.5645142684398     
   185.25000000000000        4046.8233411265628     
   185.50000000000000        3942.1360806532120     
   185.75000000000000        3846.3317869874754     
   186.00000000000000        3758.2395142684400     
   186.25000000000000        3676.6057822387475     
   186.50000000000000        3599.8469730552479     
   186.75000000000000        3526.2969344783451     
   187.00000000000000        3454.2895142684401     
   187.25000000000000        3382.6054592790879     
   187.50000000000000        3311.8131127364368     
   187.75000000000000        3242.9277169597881     
   188.00000000000000        3176.9645142684403     
   188.25000000000000        3114.6207943805430     
   188.50000000000000        3055.3220366096448     
   188.75000000000000        2998.1757676681445     
   189.00000000000000        2942.2895142684401     
   189.25000000000000        2886.9648550593811     
   189.50000000000000        2832.2795764356233     
   189.75000000000000        2778.5055167282735     
   190.00000000000000        2725.9145142684401     
   190.25000000000000        2674.7857772425732     
   190.50000000000000        2625.4279932585032     
   190.75000000000000        2578.1572197794007     
   191.00000000000000        2533.2895142684401     
   191.25000000000000        2491.0295122059647     
   191.50000000000000        2451.1361611410057     
   191.75000000000000        2413.2569866397635     
   192.00000000000000        2377.0395142684401     
   192.25000000000000        2342.2609939192071     
   192.50000000000000        2309.2175727881154     
   192.75000000000000        2278.3351223971858     
   193.00000000000000        2250.0395142684401     
   193.25000000000000        2224.7452383528466     
   193.50000000000000        2202.8212583171726     
   193.75000000000000        2184.6251562571319     
   194.00000000000000        2170.5145142684396     
   194.25000000000000        2160.7170132800447     
   194.50000000000000        2154.9407295538331     
   194.75000000000000        2152.7638381849247     
   195.00000000000000        2153.7645142684396     
   195.25000000000000        2157.5214503876123     
   195.50000000000000        2163.6154090781329     
   195.75000000000000        2171.6276703638077     
   196.00000000000000        2181.1395142684401     
   196.25000000000000        2191.8698176551452     
   196.50000000000000        2204.0878447442738     
   196.75000000000000        2218.2004565954853     
   197.00000000000000        2234.6145142684400     
   197.25000000000000        2253.6336302274467     
   197.50000000000000        2275.1484225554113     
   197.75000000000000        2298.9462607398909     
   198.00000000000000        2324.8145142684398     
   198.25000000000000        2352.5147782957088     
   198.50000000000000        2381.7055506447205     
   198.75000000000000        2412.0195548055922     
   199.00000000000000        2443.0895142684403     
   199.25000000000000        2474.5931703253582     
   199.50000000000000        2506.3883354763466     
   199.75000000000000        2538.3778400233814     

