#TitleText:Ni(001)-(5x5)-Li     Beam (4/5,4/5)            Rfac10=       0.9485
 IV exp
   72.250000000000000        35.718631035593489     
   72.500000000000000        38.538889732808286     
   72.750000000000000        41.682136833736685     
   73.000000000000000        45.309866540235490     
   73.250000000000000        49.551375727304702     
   73.500000000000000        54.407171962517118     
   73.750000000000000        59.845565486588718     
   74.000000000000000        65.834866540235495     
   74.250000000000000        72.319440296600646     
   74.500000000000000        79.147871658536189     
   74.750000000000000        86.144800461321410     
   75.000000000000000        93.134866540235492     
   75.250000000000000        99.948812327705696     
   75.500000000000000        106.44179064475105     
   75.750000000000000        112.47505690953864     
   76.000000000000000        117.90986654023550     
   76.250000000000000        122.60075963398958     
   76.500000000000000        126.37541500387258     
   76.750000000000000        129.05479614193700     
   77.000000000000000        130.45986654023551     
   77.250000000000000        130.44641087774895     
   77.500000000000000        129.00949858117167     
   77.750000000000000        126.17902026412628     
   78.000000000000000        121.98486654023549     
   78.250000000000000        116.52982734642762     
   78.500000000000000        110.20828991285379     
   78.750000000000000        103.48754079297080     
   79.000000000000000        96.834866540235481     
   79.250000000000000        90.666525852953498     
   79.500000000000000        85.194666008826090     
   79.750000000000000        80.580406430403372     
   80.000000000000000        76.984866540235487     
   80.250000000000000        74.553502858171299     
   80.500000000000000        73.369120293254753     
   80.750000000000000        73.498860851828582     
   81.000000000000000        75.009866540235492     
   81.250000000000000        77.971630705774231     
   81.500000000000000        82.463052059567815     
   81.750000000000000        88.565380653695229     
   82.000000000000000        96.359866540235487     
   82.250000000000000        105.91682981014466     
   82.500000000000000        117.26287070988693     
   82.750000000000000        130.41365952480348     
   83.000000000000000        145.38486654023549     
   83.250000000000000        162.15110867006001     
   83.500000000000000        180.52278934229744     
   83.750000000000000        200.26925861350387     
   84.000000000000000        221.15986654023550     
   84.250000000000000        242.91176287602821     
   84.500000000000000        265.03329616233640     
   84.750000000000000        286.98061463759416     
   85.000000000000000        308.20986654023551     
   85.250000000000000        328.20830469224018     
   85.500000000000000        346.58760024977005     
   85.750000000000000        362.99052895253266     
   86.000000000000000        377.05986654023548     
   86.250000000000000        388.47515509642398     
   86.500000000000000        397.06300207999618     
   86.750000000000000        402.68678129368800     
   87.000000000000000        405.20986654023545     
   87.250000000000000        404.56199291347667     
   87.500000000000000        400.93834067165801     
   87.750000000000000        394.60045136412811     
   88.000000000000000        385.80986654023548     
   88.250000000000000        374.86927561608218     
   88.500000000000000        362.24595947478457     
   88.750000000000000        348.44834686621238     
   89.000000000000000        333.98486654023549     
   89.250000000000000        319.34002573860749     
   89.500000000000000        304.90264567061678     
   89.750000000000000        291.03762603743542     
   90.000000000000000        278.10986654023549     
   90.250000000000000        266.42825817090073     
   90.500000000000000        256.07765708416133     
   90.750000000000000        247.08691072545898     
   91.000000000000000        239.48486654023549     
   91.250000000000000        233.26473456920246     
   91.500000000000000        228.27717523415092     
   91.750000000000000        224.33721155214164     
   92.000000000000000        221.25986654023546     
   92.250000000000000        218.87747154370226     
   92.500000000000000        217.09159122064790     
   92.750000000000000        215.82109855738736     
   93.000000000000000        214.98486654023549     
   93.250000000000000        214.51973474740134     
   93.500000000000000        214.43440912467031     
   93.750000000000000        214.75556220972186     
   94.000000000000000        215.50986654023552     
   94.250000000000000        216.69185120810533     
   94.500000000000000        218.16747152208387     
   94.750000000000000        219.77053934513819     
   95.000000000000000        221.33486654023551     
   95.250000000000000        222.69393466159036     
   95.500000000000000        223.67990402840732     
   95.750000000000000        224.12460465113833     
   96.000000000000000        223.85986654023546     
   96.250000000000000        222.77481251194618     
   96.500000000000000        220.98773660569987     
   96.750000000000000        218.67422566672136     
   97.000000000000000        216.00986654023549     
   97.250000000000000        213.15390515703777     
   97.500000000000000        210.20022379020611     
   97.750000000000000        207.22636379838912     
   98.000000000000000        204.30986654023548     
   98.250000000000000        201.53048485131569     
   98.500000000000000        198.97681747488863     
   98.750000000000000        196.73967463113499     
   99.000000000000000        194.90986654023550     
   99.250000000000000        193.60015155411230     
   99.500000000000000        193.01108055165233     
   99.750000000000000        193.36515254348399     
   100.00000000000000        194.88486654023546     
   100.25000000000000        197.74295192364809     
   100.50000000000000        201.91305955991493     
   100.75000000000000        207.31907068634206     
   101.00000000000000        213.88486654023549     
   101.25000000000000        221.51848999270823     
   101.50000000000000        230.06463045010076     
   101.75000000000000        239.35213895256069     
   102.00000000000000        249.20986654023548     
   102.25000000000000        259.47002172193203     
   102.50000000000000        269.97824288109490     
   102.75000000000000        280.58352586982807     
   103.00000000000000        291.13486654023546     
   103.25000000000000        301.47859111097648     
   103.50000000000000        311.45034726693245     
   103.75000000000000        320.88311305953994     
   104.00000000000000        329.60986654023549     
   104.25000000000000        337.48028182557471     
   104.50000000000000        344.41081729258815     
   104.75000000000000        350.33462738342524     
   105.00000000000000        355.18486654023548     
   105.25000000000000        358.88760582813762     
   105.50000000000000        361.34058280412796     
   105.75000000000000        362.43445164817206     
   106.00000000000000        362.05986654023553     
   106.25000000000000        360.12654097828778     
   106.50000000000000        356.62042573231309     
   106.75000000000000        351.54653089029966     
   107.00000000000000        344.90986654023544     
   107.25000000000000        336.78691387512424     
   107.50000000000000        327.54003850803247     
   107.75000000000000        317.60307715704221     
   108.00000000000000        307.40986654023544     
   108.25000000000000        297.29672151262787     
   108.50000000000000        287.20986947696957     
   108.75000000000000        276.99801597294424     
   109.00000000000000        266.50986654023546     
   109.25000000000000        255.60883681577693     
   109.50000000000000        244.21718282550194     
   109.75000000000000        232.27187069259369     
   110.00000000000000        219.70986654023548     
   110.25000000000000        206.62244296567718     
   110.50000000000000        193.71809846243553     
   110.75000000000000        181.85963799809386     
   111.00000000000000        171.90986654023550     
   111.25000000000000        164.47230931292717     
   111.50000000000000        159.11337256616881     
   111.75000000000000        155.14018280644379     

