#TitleText:Ni(001)-(5x5)-Li     Beam (1,2/5)              Rfac10=       1.0376
 IV exp
   63.250000000000000        188.82036967998818     
   63.500000000000000        185.52562762098046     
   63.750000000000000        182.52387497398306     
   64.000000000000000        179.96160644500102     
   64.250000000000000        177.96382203403445     
   64.500000000000000        176.56954291706271     
   64.750000000000000        175.79629556406016     
   65.000000000000000        175.66160644500104     
   65.250000000000000        176.18304335388027     
   65.500000000000000        177.37833938077486     
   65.750000000000000        179.26526893978254     
   66.000000000000000        181.86160644500103     
   66.250000000000000        185.18614322045082     
   66.500000000000000        189.26173822984407     
   66.750000000000000        194.11226734681583     
   67.000000000000000        199.76160644500104     
   67.250000000000000        206.21975680932263     
   67.500000000000000        213.44122136985504     
   67.750000000000000        221.36662846796042     
   68.000000000000000        229.93660644500105     
   68.250000000000000        239.06618696226477     
   68.500000000000000        248.56801496074203     
   68.750000000000000        258.22913870134880     
   69.000000000000000        267.83660644500105     
   69.250000000000000        277.20544651162447     
   69.500000000000000        286.26260745718321     
   69.750000000000000        294.96301789665085     
   70.000000000000000        303.26160644500106     
   70.250000000000000        311.10979066124349     
   70.500000000000000        318.44494388053153     
   70.750000000000000        325.20092838205431     
   71.000000000000000        331.31160644500108     
   71.250000000000000        336.68635763840774     
   71.500000000000000        341.13663069069713     
   71.750000000000000        344.44939162013839     
   72.000000000000000        346.41160644500104     
   72.250000000000000        346.84566745513172     
   72.500000000000000        345.71567202668643     
   72.750000000000000        343.02114380739846     
   73.000000000000000        338.76160644500106     
   73.250000000000000        332.97561121107157     
   73.500000000000000        325.85781987256343     
   73.750000000000000        317.64192182027409     
   74.000000000000000        308.56160644500102     
   74.250000000000000        298.84574512058822     
   74.500000000000000        288.70393715306608     
   74.750000000000000        278.34096383151143     
   75.000000000000000        267.96160644500105     
   75.250000000000000        257.73800010158175     
   75.500000000000000        247.71169518517857     
   75.750000000000000        237.89159589868669     
   76.000000000000000        228.28660644500104     
   76.250000000000000        218.94376814309126     
   76.500000000000000        210.06267077622590     
   76.750000000000000        201.88104124374809     
   77.000000000000000        194.63660644500106     
   77.250000000000000        188.55422224605951     
   77.500000000000000        183.80726037992414     
   77.750000000000000        180.55622154632724     
   78.000000000000000        178.96160644500105     
   78.250000000000000        179.12851279267707     
   78.500000000000000        180.94042637408387     
   78.750000000000000        184.22542999094924     
   79.000000000000000        188.81160644500105     
   79.250000000000000        194.54355275323854     
   79.500000000000000        201.33192279374674     
   79.750000000000000        209.10388465988208     
   80.000000000000000        217.78660644500104     
   80.250000000000000        227.30168048937500     
   80.500000000000000        237.54839612093539     
   80.750000000000000        248.42046691452862     
   81.000000000000000        259.81160644500108     
   81.250000000000000        271.60139520926771     
   81.500000000000000        283.61288139251786     
   81.750000000000000        295.65498010200969     
   82.000000000000000        307.53660644500104     
   82.250000000000000        319.05612734356055     
   82.500000000000000        329.96971697899932     
   82.750000000000000        340.02300134743899     
   83.000000000000000        348.96160644500105     
   83.250000000000000        356.57381221149626     
   83.500000000000000        362.81851436149105     
   83.750000000000000        367.69726255324082     
   84.000000000000000        371.21160644500105     
   84.250000000000000        373.39091873046073     
   84.500000000000000        374.37586424504286     
   84.750000000000000        374.33493085960401     
   85.000000000000000        373.43660644500102     
   85.250000000000000        371.83293278666719     
   85.500000000000000        369.61016732834389     
   85.750000000000000        366.83812142834915     
   86.000000000000000        363.58660644500105     
   86.250000000000000        359.92120754287669     
   86.500000000000000        355.89060511158794     
   86.750000000000000        351.53925334700580     
   87.000000000000000        346.91160644500104     
   87.250000000000000        342.03390696183237     
   87.500000000000000        336.85955089531046     
   87.750000000000000        331.32372260363388     
   88.000000000000000        325.36160644500109     
   88.250000000000000        318.92881890480010     
   88.500000000000000        312.06270497717645     
   88.750000000000000        304.82104178346509     
   89.000000000000000        297.26160644500106     
   89.250000000000000        289.44740921397374     
   89.500000000000000        281.46239286599024     
   89.750000000000000        273.39573330751210     
   90.000000000000000        265.33660644500105     
   90.250000000000000        257.37540165931148     
   90.500000000000000        249.60736222886908     
   90.750000000000000        242.12894490649273     
   91.000000000000000        235.03660644500101     
   91.250000000000000        228.39796656878679     
   91.500000000000000        222.16529688853961     
   91.750000000000000        216.26203198652314     
   92.000000000000000        210.61160644500103     
   92.250000000000000        205.14494886054743     
   92.500000000000000        199.82296388697847     
   92.750000000000000        194.61405019242079     
   93.000000000000000        189.48660644500103     
   93.250000000000000        184.47234540902963     
   93.500000000000000        179.85623623355264     
   93.750000000000000        175.98656216379985     
   94.000000000000000        173.21160644500105     
   94.250000000000000        171.76148004834016     
   94.500000000000000        171.39360484881718     
   94.750000000000000        171.74723044738613     

