#TitleText:Ni(001)-(5x5)-Li     Beam (1,1/5)              Rfac10=       1.5073
 IV exp
   54.250000000000000        312.28882305722851     
   54.500000000000000        321.87968614206846     
   54.750000000000000        332.36606511378852     
   55.000000000000000        344.19571791582871     
   55.250000000000000        357.78895704818910     
   55.500000000000000        373.45631323710944     
   55.750000000000000        391.48087176538940     
   56.000000000000000        412.14571791582875     
   56.250000000000000        435.67340624498740     
   56.500000000000000        462.04436840446618     
   56.750000000000000        491.17850531962620     
   57.000000000000000        522.99571791582866     
   57.250000000000000        557.29055359183371     
   57.500000000000000        593.35614563999809     
   57.750000000000000        630.36027382607790     
   58.000000000000000        667.47071791582869     
   58.250000000000000        703.94649938264979     
   58.500000000000000        739.41160653051327     
   58.750000000000000        773.58126937103441     
   59.000000000000000        806.17071791582862     
   59.250000000000000        836.89970949753911     
   59.500000000000000        865.50611073292077     
   59.750000000000000        891.73231555975633     
   60.000000000000000        915.32071791582871     
   60.250000000000000        936.01061074716574     
   60.500000000000000        953.52888303277587     
   60.750000000000000        967.59932275991241     
   61.000000000000000        977.94571791582882     
   61.250000000000000        984.40168625877027     
   61.500000000000000        987.24016463094836     
   61.750000000000000        986.84391964556664     
   62.000000000000000        983.59571791582869     
   62.250000000000000        977.86593608772591     
   62.500000000000000        969.97539093840317     
   62.750000000000000        960.23250927779316     
   63.000000000000000        948.94571791582871     
   63.250000000000000        936.38504876029822     
   63.500000000000000        922.66695411041133     
   63.750000000000000        907.86949136323312     
   64.000000000000000        892.07071791582871     
   64.250000000000000        875.36153574105356     
   64.500000000000000        857.88422511492388     
   64.750000000000000        839.79391088924672     
   65.000000000000000        821.24571791582866     
   65.250000000000000        802.38960014546001     
   65.500000000000000        783.35482792486516     
   65.750000000000000        764.26550069975201     
   66.000000000000000        745.24571791582878     
   66.250000000000000        726.36452742207871     
   66.500000000000000        707.47077068058775     
   66.750000000000000        688.35823755671720     
   67.000000000000000        668.82071791582871     
   67.250000000000000        648.68441016119777     
   67.500000000000000        627.90514684775655     
   67.750000000000000        606.47116906835129     
   68.000000000000000        584.37071791582866     
   68.250000000000000        561.66628005310258     
   68.500000000000000        538.71732442335826     
   68.750000000000000        515.95756553984938     
   69.000000000000000        493.82071791582877     
   69.250000000000000        472.68844899636434     
   69.500000000000000        452.73423795378238     
   69.750000000000000        434.07951689222352     
   70.000000000000000        416.84571791582869     
   70.250000000000000        401.10774708141236     
   70.500000000000000        386.75440625648451     
   70.750000000000000        373.62797126122877     
   71.000000000000000        361.57071791582871     
   71.250000000000000        350.45838579795821     
   71.500000000000000        340.30056951525171     
   71.750000000000000        331.14032743283371     
   72.000000000000000        323.02071791582875     
   72.250000000000000        315.96973597172695     
   72.500000000000000        309.95512317748097     
   72.750000000000000        304.92955775240881     
   73.000000000000000        300.84571791582869     
   73.250000000000000        297.63541531010623     
   73.500000000000000        295.14699526979678     
   73.750000000000000        293.20793655250333     
   74.000000000000000        291.64571791582870     
   74.250000000000000        290.31330090782035     
   74.500000000000000        289.16557823830402     
   74.750000000000000        288.18292540755004     
   75.000000000000000        287.34571791582869     
   75.250000000000000        286.64779792858468     
   75.500000000000000        286.13687427195941     
   75.750000000000000        285.87412243726885     
   76.000000000000000        285.92071791582867     
   76.250000000000000        286.31317424781321     
   76.500000000000000        286.98935716883045     
   76.750000000000000        287.86247046334682     
   77.000000000000000        288.84571791582869     
   77.250000000000000        289.85896882513464     
   77.500000000000000        290.84875454769099     
   77.750000000000000        291.76827195431622     
   78.000000000000000        292.57071791582871     
   78.250000000000000        293.23189857162043     
   78.500000000000000        293.81805713537779     
   78.750000000000000        294.41804608936064     
   79.000000000000000        295.12071791582872     
   79.250000000000000        295.97680688335572     
   79.500000000000000        296.88457440577002     
   79.750000000000000        297.70416368321366     
   80.000000000000000        298.29571791582873     
   80.250000000000000        298.55080638992894     
   80.500000000000000        298.48670273651442     
   80.750000000000000        298.15210667275716     
   81.000000000000000        297.59571791582874     
   81.250000000000000        296.88099380190090     
   81.500000000000000        296.13042214314459     
   81.750000000000000        295.48124837073027     
   82.000000000000000        295.07071791582871     
   82.250000000000000        294.99093214743971     
   82.500000000000000        295.15341618587968     
   82.750000000000000        295.42455108929420     
   83.000000000000000        295.67071791582873     
   83.250000000000000        295.78036635331250     
   83.500000000000000        295.73022060830903     
   83.750000000000000        295.51907351706535     
   84.000000000000000        295.14571791582870     
   84.250000000000000        294.61776930928249     
   84.500000000000000        293.97813387585649     
   84.750000000000000        293.27854046241652     
   85.000000000000000        292.57071791582871     
   85.250000000000000        291.90098890452958     
   85.500000000000000        291.29405138323733     
   85.750000000000000        290.76919712824076     
   86.000000000000000        290.34571791582869     
   86.250000000000000        290.03187944257144     
   86.500000000000000        289.79184308616630     
   86.750000000000000        289.57874414459241     
   87.000000000000000        289.34571791582869     
   87.250000000000000        289.04970707015690     
   87.500000000000000        288.66288376706950     
   87.750000000000000        288.16122753836169     
   88.000000000000000        287.52071791582870     
   88.250000000000000        286.73149039677315     
   88.500000000000000        285.84030434052784     
   88.750000000000000        284.90807507193296     
   89.000000000000000        283.99571791582872     
   89.250000000000000        283.16192008772265     
   89.500000000000000        282.45645636579138     
   89.750000000000000        281.92687341887876     
   90.000000000000000        281.62071791582872     
   90.250000000000000        281.56544924730844     
   90.500000000000000        281.70817769127882     
   90.750000000000000        281.97592624752417     
   91.000000000000000        282.29571791582873     
   91.250000000000000        282.59512166801585     
   91.500000000000000        282.80389036406558     
   91.750000000000000        282.85232283599680     
   92.000000000000000        282.67071791582873     
   92.250000000000000        282.21118407560039     
   92.500000000000000        281.51306834743127     
   92.750000000000000        280.63752740346081     
   93.000000000000000        279.64571791582870     
   93.250000000000000        278.59382452455480     
   93.500000000000000        277.51814374118163     
   93.750000000000000        276.45000004513196     
   94.000000000000000        275.42071791582867     
   94.250000000000000        274.45462219615240     
   94.500000000000000        273.54803918281436     
   94.750000000000000        272.69029553598347     
   95.000000000000000        271.87071791582866     
   95.250000000000000        271.08972856080766     
   95.500000000000000        270.39213202253302     
   95.750000000000000        269.83382843090624     
   96.000000000000000        269.47071791582869     
   96.250000000000000        269.34827105558918     
   96.500000000000000        269.47024022202567     
   96.750000000000000        269.82994823536370     
   97.000000000000000        270.42071791582873     
   97.250000000000000        271.22313533680796     
   97.500000000000000        272.16683958433646     
   97.750000000000000        273.16873299761107     
   98.000000000000000        274.14571791582870     
   98.250000000000000        275.03154196715116     
   98.500000000000000        275.82733393560062     
   98.750000000000000        276.55106789416408     
   99.000000000000000        277.22071791582869     
   99.250000000000000        277.84375428955951     
   99.500000000000000        278.38563216823331     
   99.750000000000000        278.80130292070476     
   100.00000000000000        279.04571791582867     
   100.25000000000000        279.08610774458293     
   100.50000000000000        278.93881988643841     
   100.75000000000000        278.63248104298896     
   101.00000000000000        278.19571791582871     
   101.25000000000000        277.65370035208082     
   101.50000000000000        277.01777078098536     
   101.75000000000000        276.29581477731159     
   102.00000000000000        275.49571791582872     
   102.25000000000000        274.62886709206600     
   102.50000000000000        273.72065448459244     
   102.75000000000000        272.79997359273699     
   103.00000000000000        271.89571791582870     
   103.25000000000000        271.03951377462744     
   103.50000000000000        270.27391877561718     
   103.75000000000000        269.64422334671258     
   104.00000000000000        269.19571791582871     
   104.25000000000000        268.95457280439643     
   104.50000000000000        268.87047790791127     
   104.75000000000000        268.87400301538480     
   105.00000000000000        268.89571791582870     
   105.25000000000000        268.88915875275904     
   105.50000000000000        268.89972708771006     
   105.75000000000000        268.99579083672040     
   106.00000000000000        269.24571791582872     
   106.25000000000000        269.71153717953950     
   106.50000000000000        270.42992123622065     
   106.75000000000000        271.43120363270583     
   107.00000000000000        272.74571791582866     
   107.25000000000000        274.40228127405504     
   107.50000000000000        276.42364546237945     
   107.75000000000000        278.83104587742844     
   108.00000000000000        281.64571791582870     
   108.25000000000000        284.90794209421227     
   108.50000000000000        288.73417940923366     
   108.75000000000000        293.25993597755252     
   109.00000000000000        298.62071791582872     
   109.25000000000000        304.94533596906786     
   109.50000000000000        312.33581939565812     
   109.75000000000000        320.88750208233375     
   110.00000000000000        330.69571791582871     
   110.25000000000000        341.83150589948866     
   110.50000000000000        354.26872550310594     
   110.75000000000000        367.95694131308460     
   111.00000000000000        382.84571791582869     
   111.25000000000000        398.87247917794980     
   111.50000000000000        415.92608608689034     
   111.75000000000000        433.88325891030001     
   112.00000000000000        452.62071791582872     
   112.25000000000000        472.02866613368423     
   112.50000000000000        492.05123764430505     
   112.75000000000000        512.64604929068764     
   113.00000000000000        533.77071791582864     
   113.25000000000000        555.38599190728564     
   113.50000000000000        577.46514583086173     
   113.75000000000000        599.98458579692135     
   114.00000000000000        622.92071791582873     
   114.25000000000000        646.20245498214535     
   114.50000000000000        669.56873652722004     
   114.75000000000000        692.71100876659921     
   115.00000000000000        715.32071791582871     
   115.25000000000000        737.14216753410540     
   115.50000000000000        758.13109055523012     
   115.75000000000000        778.29607725665414     
   116.00000000000000        797.64571791582875     
   116.25000000000000        816.24771362640524     
   116.50000000000000        834.40620874683168     
   116.75000000000000        852.48445845175684     
   117.00000000000000        870.84571791582869     
   117.25000000000000        889.80730108024648     
   117.50000000000000        909.50275695241510     
   117.75000000000000        930.01969330629049     
   118.00000000000000        951.44571791582871     
   118.25000000000000        973.84348329758120     
   118.50000000000000        997.17582093848023     
   118.75000000000000        1021.3806070680537     
   119.00000000000000        1046.3957179158288     
   119.25000000000000        1072.2149482244010     
   119.50000000000000        1099.0557667886362     
   119.75000000000000        1127.1915609164678     
   120.00000000000000        1156.8957179158288     
   120.25000000000000        1188.3987656747872     
   120.50000000000000        1221.7597944019474     
   120.75000000000000        1256.9950348860482     
   121.00000000000000        1294.1207179158287     
   121.25000000000000        1333.0369528214230     
   121.50000000000000        1373.1793630985467     
   121.75000000000000        1413.8674507843116     
   122.00000000000000        1454.4207179158286     
   122.25000000000000        1494.2890586594931     
   122.50000000000000        1533.4439356988373     
   122.75000000000000        1571.9872038466769     
   123.00000000000000        1610.0207179158285     
   123.25000000000000        1647.7213544105757     
   123.50000000000000        1685.5660766010753     
   123.75000000000000        1724.1068694489513     
   124.00000000000000        1763.8957179158285     
   124.25000000000000        1805.3326436931750     
   124.50000000000000        1848.2098153918330     
   124.75000000000000        1892.1674383524889     
   125.00000000000000        1936.8457179158288     
   125.25000000000000        1981.8512845616965     
   125.50000000000000        2026.6564693265650     
   125.75000000000000        2070.7000283860652     
   126.00000000000000        2113.4207179158288     
   126.25000000000000        2154.3373068050128     
   126.50000000000000        2193.2886147968807     
   126.75000000000000        2230.1934743482220     
   127.00000000000000        2264.9707179158281     
   127.25000000000000        2297.5280925882248     
   127.50000000000000        2327.7290039808840     
   127.75000000000000        2355.4257723410160     
   128.00000000000000        2380.4707179158286     
   128.25000000000000        2402.7840053370587     
   128.50000000000000        2422.5571767745523     
   128.75000000000000        2440.0496187826839     
   129.00000000000000        2455.5207179158288     
   129.25000000000000        2469.1543341835136     
   129.50000000000000        2480.8322214158793     
   129.75000000000000        2490.3606068982194     
   130.00000000000000        2497.5457179158288     
   130.25000000000000        2502.2053872988604     
   130.50000000000000        2504.2038700569042     
   130.75000000000000        2503.4170267444106     
   131.00000000000000        2499.7207179158286     
   131.25000000000000        2493.1054553660178     
   131.50000000000000        2484.0203558514759     
   131.75000000000000        2473.0291873691103     
   132.00000000000000        2460.6957179158285     
   132.25000000000000        2447.4357706070396     
   132.50000000000000        2433.0733890321635     
   132.75000000000000        2417.2846718991195     
   133.00000000000000        2399.7457179158287     
   133.25000000000000        2380.1917853257937     
   133.50000000000000        2358.5947705148424     
   133.75000000000000        2334.9857294043841     
   134.00000000000000        2309.3957179158283     
   134.25000000000000        2281.8440518347570     
   134.50000000000000        2252.3030864034386     
   134.75000000000000        2220.7334367283147     
   135.00000000000000        2187.0957179158281     
   135.25000000000000        2151.3633460801493     
   135.50000000000000        2113.5609413663733     
   135.75000000000000        2073.7259249273247     
   136.00000000000000        2031.8957179158285     
   136.25000000000000        1988.2186682146150     
   136.50000000000000        1943.2868306260377     
   136.75000000000000        1897.8031866823562     
   137.00000000000000        1852.4707179158288     
   137.25000000000000        1807.8030854313620     
   137.50000000000000        1763.5566686244472     
   137.75000000000000        1719.2985264632234     
   138.00000000000000        1674.5957179158286     
   138.25000000000000        1629.0780631799098     
   138.50000000000000        1582.6264273711456     
   138.75000000000000        1535.1844368347229     
   139.00000000000000        1486.6957179158287     
   139.25000000000000        1437.2222505939708     
   139.50000000000000        1387.2994293859419     
   139.75000000000000        1337.5810024428567     
   140.00000000000000        1288.7207179158286     
   140.25000000000000        1241.3494294391792     
   140.50000000000000        1196.0064125800579     
   140.75000000000000        1153.2080483888221     
   141.00000000000000        1113.4707179158286     
   141.25000000000000        1077.0234797692844     
   141.50000000000000        1042.9461027887976     
   141.75000000000000        1010.0310333718263     
   142.00000000000000        977.07071791582871     
   142.25000000000000        943.01455272865485     
   142.50000000000000        907.43973375972314     
   142.75000000000000        870.08040686884442     
   143.00000000000000        830.67071791582873     
   143.25000000000000        789.32972618606857     
   143.50000000000000        747.71614466728181     
   143.75000000000000        707.87359977276856     
   144.00000000000000        671.84571791582869     
   144.25000000000000        641.07131877204358     
   144.50000000000000        614.56999506612181     
   144.75000000000000        590.75653278505354     
   145.00000000000000        568.04571791582873     
   145.25000000000000        545.03118122072931     
   145.50000000000000        521.02193256320299     
   145.75000000000000        495.50582658198965     
   146.00000000000000        467.97071791582869     
   146.25000000000000        438.28724821501157     
   146.50000000000000        407.85720717603812     
   146.75000000000000        378.46517150695990     
   147.00000000000000        351.89571791582875     
   147.25000000000000        329.49491466419664     
   147.50000000000000        310.85479622761687     
   147.75000000000000        295.12888863514303     
   148.00000000000000        281.47071791582874     
   148.25000000000000        269.13396312317428     
   148.50000000000000        257.77291540846693     
   148.75000000000000        247.14201894744042     
   149.00000000000000        236.99571791582866     
   149.25000000000000        227.20252471307839     
   149.50000000000000        218.08722463348772     
   149.75000000000000        210.08867119506749     
   150.00000000000000        203.64571791582870     
   150.25000000000000        198.98883926948412     
   150.50000000000000        195.51499355255430     
   150.75000000000000        192.41276001726169     
   151.00000000000000        188.87071791582872     
   151.25000000000000        184.22814445395727     
   151.50000000000000        178.42710865126719     
   151.75000000000000        171.56037748085788     
   152.00000000000000        163.72071791582869     
   152.25000000000000        155.02210915965915     
   152.50000000000000        145.66337933734923     
   152.75000000000000        135.86456880427903     

