#TitleText:Ni(001)-(5x5)-Li     Beam (1/5,0)              Rfac10=       0.3754
 IV theory
   21.250000000000000        5082.6952263032463     
   21.500000000000000        5141.2670495998618     
   21.750000000000000        5192.1855449238565     
   22.000000000000000        5235.2394258297027     
   22.250000000000000        5270.2464203037334     
   22.500000000000000        5297.1403140597085     
   22.750000000000000        5315.8839072432575     
   23.000000000000000        5326.4399999999996     
   23.250000000000000        5328.8292759242249     
   23.500000000000000        5323.3039524048700     
   23.750000000000000        5310.1741302795435     
   24.000000000000000        5289.7499103858490     
   24.250000000000000        5262.3703484792513     
   24.500000000000000        5228.4903199866631     
   24.750000000000000        5188.5936552528538     
   25.000000000000000        5143.1641846225930     
   25.250000000000000        5092.6857372071700     
   25.500000000000000        5037.6421371839397     
   25.750000000000000        4978.5172074967695     
   26.000000000000000        4915.7947710895269     
   26.250000000000000        4849.9471066107371     
   26.500000000000000        4781.4003155275313     
   26.750000000000000        4710.5689550116940     
   27.000000000000000        4637.8675822350151     
   27.250000000000000        4563.6876650289987     
   27.500000000000000        4488.3283138640527     
   27.750000000000000        4412.0655498702990     
   28.000000000000000        4335.1753941778661     
   28.250000000000000        4257.9223233147504     
   28.500000000000000        4180.5246354004375     
   28.750000000000000        4103.1890839522821     
   29.000000000000000        4026.1224224876369     
   29.250000000000000        3949.5314045175001     
   29.500000000000000        3873.6227835274335     
   29.750000000000000        3798.6033129966436     
   30.000000000000000        3724.6797464043343     
   30.250000000000000        3652.0480206084217     
   30.500000000000000        3580.8608059816670     
   30.750000000000000        3511.2599562755418     
   31.000000000000000        3443.3873252415174     
   31.250000000000000        3377.3631333846251     
   31.500000000000000        3313.2210682241293     
   31.750000000000000        3250.9731840328523     
   32.000000000000000        3190.6315350836167     
   32.250000000000000        3132.1973590263756     
   32.500000000000000        3075.6286270196001     
   32.750000000000000        3020.8724935988912     
   33.000000000000000        2967.8761132998525     
   33.250000000000000        2916.5866406580503     
   33.500000000000000        2866.9512302089233     
   33.750000000000000        2818.9170364878764     
   34.000000000000000        2772.4312140303136     
   34.250000000000000        2727.4392203945890     
   34.500000000000000        2683.8797252308450     
   34.750000000000000        2641.6897012121749     
   35.000000000000000        2600.8061210116707     
   35.250000000000000        2561.1625633482986     
   35.500000000000000        2522.6790311245304     
   35.750000000000000        2485.2721332887131     
   36.000000000000000        2448.8584787891918     
   36.250000000000000        2413.3529795972545     
   36.500000000000000        2378.6637597759450     
   36.750000000000000        2344.6972464112478     
   37.000000000000000        2311.3598665891486     
   37.250000000000000        2278.5580473956320     
   37.500000000000000        2246.1982159166805     
   37.750000000000000        2214.1867992382790     
   38.000000000000000        2182.4302244464111     
   38.250000000000000        2150.8392326469975     
   38.500000000000000        2119.3418210257128     
   38.750000000000000        2087.8703007881668     
   39.000000000000000        2056.3569831399709     
   39.250000000000000        2024.7428073266121     
   39.500000000000000        1993.0032247530805     
   39.750000000000000        1961.1223148642407     
   40.000000000000000        1929.0841571049575     
   40.250000000000000        1896.8771449400347     
   40.500000000000000        1864.5069279140271     
   40.750000000000000        1831.9834695914260     
   41.000000000000000        1799.3167335367248     
   41.250000000000000        1766.5166833144153     
   41.500000000000000        1733.5932824889903     
   41.750000000000000        1700.5564946249422     
   42.000000000000000        1667.4162832867630     
   42.250000000000000        1634.1849694971168     
   42.500000000000000        1600.8843041113521     
   42.750000000000000        1567.5383954429897     
   43.000000000000000        1534.1713518055490     
   43.250000000000000        1500.8119964288933     
   43.500000000000000        1467.5080122082561     
   43.750000000000000        1434.3117969552127     

