#TitleText:Ni(001)-(5x5)-Li     Beam (2/5,0)              Rfac10=       0.6284
 IV theory
   21.250000000000000        333.53030571595542     
   21.500000000000000        357.76668211189286     
   21.750000000000000        384.59047576049323     
   22.000000000000000        413.96972503117337     
   22.250000000000000        445.87024716992715     
   22.500000000000000        480.24897492905450     
   22.750000000000000        517.06061993743197     
   23.000000000000000        556.25989382393584     
   23.250000000000000        597.79714226862382     
   23.500000000000000        641.60524715627662     
   23.750000000000000        687.61272442285645     
   24.000000000000000        735.74809000432492     
   24.250000000000000        785.93766993970360     
   24.500000000000000        838.09903068024960     
   24.750000000000000        892.14754878027952     
   25.000000000000000        947.99860079411008     
   25.250000000000000        1005.5675639232560     
   25.500000000000000        1064.7698179580254     
   25.750000000000000        1125.5207433359240     
   26.000000000000000        1187.7357204944583     
   26.250000000000000        1251.3271112726345     
   26.500000000000000        1316.1952031154590     
   26.750000000000000        1382.2372648694377     
   27.000000000000000        1449.3505653810780     
   27.250000000000000        1517.4263366931848     
   27.500000000000000        1586.3316636337609     
   27.750000000000000        1655.9275942271095     
   28.000000000000000        1726.0751764975319     
   28.250000000000000        1796.6324400317965     
   28.500000000000000        1867.4453406665334     
   28.750000000000000        1938.3568158008379     
   29.000000000000000        2009.2098028338064     
   29.250000000000000        2079.8472391678697     
   29.500000000000000        2150.1120622188050     
   29.750000000000000        2219.8472094057242     
   30.000000000000000        2288.8956181477406     
   30.250000000000000        2357.1032450096318     
   30.500000000000000        2424.3281231388414     
   30.750000000000000        2490.4313048284757     
   31.000000000000000        2555.2738423716428     
   31.250000000000000        2618.7228263548109     
   31.500000000000000        2680.6695005378824     
   31.750000000000000        2741.0111469741205     
   32.000000000000000        2799.6450477167882     
   32.250000000000000        2856.4715039656421     
   32.500000000000000        2911.4028935064252     
   32.750000000000000        2964.3546132713718     
   33.000000000000000        3015.2420601927201     
   33.250000000000000        3063.9806312027226     
   33.500000000000000        3110.4857232337017     
   33.750000000000000        3154.6727332179976     
   34.000000000000000        3196.4570580879490     
   34.250000000000000        3235.7578536785395     
   34.500000000000000        3272.5093114353290     
   34.750000000000000        3306.6493817065193     
   35.000000000000000        3338.1160148403133     
   35.250000000000000        3366.8546789902134     
   35.500000000000000        3392.8409135309116     
   35.750000000000000        3416.0577756424004     
   36.000000000000000        3436.4883225046738     
   36.250000000000000        3454.1193702003698     
   36.500000000000000        3468.9527704227221     
   36.750000000000000        3480.9941337676114     
   37.000000000000000        3490.2490708309192     
   37.250000000000000        3496.7231922085266     
   37.500000000000000        3500.4221084963146     
   37.750000000000000        3501.3514302901654     
   38.000000000000000        3499.5167681859607     
   38.250000000000000        3494.9266834719178     
   38.500000000000000        3487.6015402056046     
   38.750000000000000        3477.5646531369221     
   39.000000000000000        3464.8393370157746     
   39.250000000000000        3449.4548079767392     
   39.500000000000000        3431.4638876930862     
   39.750000000000000        3410.9252992227634     
   40.000000000000000        3387.8977656237166     
   40.250000000000000        3362.4429606462290     
   40.500000000000000        3334.6343608099301     
   40.750000000000000        3304.5483933267888     
   41.000000000000000        3272.2614854087719     
   41.250000000000000        3237.8500642678482     
   41.500000000000000        3201.3905571159839     
   41.750000000000000        3162.9593911651473     
   42.000000000000000        3122.6329936273064     
   42.250000000000000        3080.4886326870287     
   42.500000000000000        3036.6069404192799     
   42.750000000000000        2991.0693898716281     
   43.000000000000000        2943.9574540916406     
   43.250000000000000        2895.3542880720829     
   43.500000000000000        2845.3497745865220     
   43.750000000000000        2794.0354783537218     
   44.000000000000000        2741.5029640924486     
   44.250000000000000        2687.8446374940677     
   44.500000000000000        2633.1562681403439     
   44.750000000000000        2577.5344665856419     
   45.000000000000000        2521.0758433843271     
   45.250000000000000        2463.8770090907633     
   45.500000000000000        2406.0345742593163     
   45.750000000000000        2347.6451494443490     
   46.000000000000000        2288.8053452002287     
   46.250000000000000        2229.6106033037199     
   46.500000000000000        2170.1516904211990     
   46.750000000000000        2110.5182044414423     
   47.000000000000000        2050.7997432532279     
   47.250000000000000        1991.0835671901361     
   47.500000000000000        1931.4475863649650     
   47.750000000000000        1871.9673733353166     
   48.000000000000000        1812.7185006587924     
   48.250000000000000        1753.7753721153965     
   48.500000000000000        1695.2077163747413     
   48.750000000000000        1637.0840933288403     
   49.000000000000000        1579.4730628697084     
   49.250000000000000        1522.4431848893596     
   49.500000000000000        1466.0630192798076     
   49.750000000000000        1410.4011259330675     
   50.000000000000000        1355.5260647411530     
   50.250000000000000        1301.5043045804746     
   50.500000000000000        1248.3939502650269     
   50.750000000000000        1196.2510155932011     
   51.000000000000000        1145.1315143633883     
   51.250000000000000        1095.0872783427717     
   51.500000000000000        1046.1534111737028     
   51.750000000000000        998.36083446732755     
   52.000000000000000        951.74046983478911     
   52.250000000000000        906.32114787162880     
   52.500000000000000        862.12333511097177     
   52.750000000000000        819.16540707033926     
   53.000000000000000        777.46573926725250     
   53.250000000000000        737.04270721923274     
   53.500000000000000        697.91468644380143     
   53.750000000000000        660.10005245847969     
   54.000000000000000        623.61718078078877     
   54.250000000000000        588.48269592088673     
   54.500000000000000        554.70621835947782     
   54.750000000000000        522.29561756990290     
   55.000000000000000        491.25876302550313     
   55.250000000000000        461.60002218489234     
   55.500000000000000        433.30975444777766     
   55.750000000000000        406.37481719913927     
   56.000000000000000        380.78206782395745     
   56.250000000000000        356.51661269984879     
   56.500000000000000        333.55655417497667     
   56.750000000000000        311.87824359014087     
   57.000000000000000        291.45803228614119     
   57.250000000000000        272.27227160377743     
   57.500000000000000        254.29731288384960     
   57.750000000000000        237.50950746715725     
   58.000000000000000        221.88520669450040     
   58.250000000000000        207.40023274969192     
   58.500000000000000        194.02829118859742     
   58.750000000000000        181.74255841009551     
   59.000000000000000        170.51621081306487     
   59.250000000000000        160.32136648241038     
   59.500000000000000        151.12591024714217     
   59.750000000000000        142.89666862229649     
   60.000000000000000        135.60046812290977     
   60.250000000000000        129.20360610703142     
   60.500000000000000        123.67026330476349     
   60.750000000000000        118.96409128922113     
   61.000000000000000        115.04874163351953     
   61.250000000000000        111.88786591077385     
   61.500000000000000        109.44511569409926     
   61.750000000000000        107.68414255661092     
   62.000000000000000        106.56859807142401     
   62.250000000000000        106.06262184444992     
   62.500000000000000        106.13230561278489     
   62.750000000000000        106.74422914632139     
   63.000000000000000        107.86497221495191     
   63.250000000000000        109.46209065416134     
   63.500000000000000        111.50704456180435     
   63.750000000000000        113.97227010132799     
   64.000000000000000        116.83020343617937     
   64.250000000000000        120.05376876260176     
   64.500000000000000        123.61784240802336     
   64.750000000000000        127.49778873266850     
   65.000000000000000        131.66897209676162     
   65.250000000000000        136.10675686052707     
   65.500000000000000        140.78650738418929     
   65.750000000000000        145.68358802797258     
   66.000000000000000        150.77336315210135     
   66.250000000000000        156.03195736407963     
   66.500000000000000        161.43853626052973     
   66.750000000000000        166.97302568535360     
   67.000000000000000        172.61535148245324     
   67.250000000000000        178.34695999028978     
   67.500000000000000        184.15537952556107     
   67.750000000000000        190.02965889952429     
   68.000000000000000        195.95884692343645     
   68.250000000000000        201.93275265583432     
   68.500000000000000        207.94422614437295     
   68.750000000000000        213.98687768398699     
   69.000000000000000        220.05431756961107     
   69.250000000000000        226.14015609617996     
   69.500000000000000        232.23800355862829     
   69.750000000000000        238.34147025189063     
   70.000000000000000        244.44416647090179     
   70.250000000000000        250.54010432035190     
   70.500000000000000        256.62490314395347     
   70.750000000000000        262.69458409517460     
   71.000000000000000        268.74516832748327     
   71.250000000000000        274.77348061385874     
   71.500000000000000        280.77956020532457     
   71.750000000000000        286.76424997241560     
   72.000000000000000        292.72839278566681     
   72.250000000000000        298.67323332536841     
   72.500000000000000        304.60162351083312     
   72.750000000000000        310.51681707112908     
   73.000000000000000        316.42206773532456     
   73.250000000000000        322.32062923248765     
   73.500000000000000        328.21575529168661     
   73.750000000000000        334.11069964198970     
   74.000000000000000        340.00871601246496     
   74.250000000000000        345.91298196845736     
   74.500000000000000        351.82637042041830     
   74.750000000000000        357.75167811507566     
   75.000000000000000        363.69170179915744     
   75.250000000000000        369.64908589194499     
   75.500000000000000        375.62586550293258     
   75.750000000000000        381.62392341416779     
   76.000000000000000        387.64514240769830     
   76.250000000000000        393.69132910184828     
   76.500000000000000        399.76398546004856     
   76.750000000000000        405.86453728200661     
   77.000000000000000        411.99441036742957     
   77.250000000000000        418.15503051602508     
   77.500000000000000        424.34782352750045     
   77.750000000000000        430.57421520156305     
   78.000000000000000        436.83563133792035     
   78.250000000000000        443.13324252798452     
   78.500000000000000        449.46719852998734     
   78.750000000000000        455.83739389386517     
   79.000000000000000        462.24372316955458     
   79.250000000000000        468.68557049040180     
   79.500000000000000        475.16027832339165     
   79.750000000000000        481.66467871891888     
   80.000000000000000        488.19560372737828     
   80.250000000000000        494.74963019086925     
   80.500000000000000        501.32231411831071     
   80.750000000000000        507.90895631032652     
   81.000000000000000        514.50485756754017     
   81.250000000000000        521.10531869057570     
   81.500000000000000        527.70564048005679     
   81.750000000000000        534.30112373660722     
   82.000000000000000        540.88706926085081     
   82.250000000000000        547.45864395189290     
   82.500000000000000        554.01047910276543     
   82.750000000000000        560.53707210498249     
   83.000000000000000        567.03292035005779     
   83.250000000000000        573.49225342646810     
   83.500000000000000        579.90822971054422     
   83.750000000000000        586.27373977557988     
   84.000000000000000        592.58167419486847     
   84.250000000000000        598.82478964018594     
   84.500000000000000        604.99530717723394     
   84.750000000000000        611.08531397019647     
   85.000000000000000        617.08689718325741     
   85.250000000000000        622.99214398060042     
   85.500000000000000        628.79314152640916     
   85.750000000000000        634.48197698486752     
   86.000000000000000        640.05073752015892     
   86.250000000000000        645.49162293157360     
   86.500000000000000        650.79728355882514     
   86.750000000000000        655.96048237673347     
   87.000000000000000        660.97398236011873     
   87.250000000000000        665.83077175401240     
   87.500000000000000        670.52473988429472     
   87.750000000000000        675.05000134705779     
   88.000000000000000        679.40067073839350     
   88.250000000000000        683.57097528950010     
   88.500000000000000        687.55559277199973     
   88.750000000000000        691.34931359262055     
   89.000000000000000        694.94692815809071     
   89.250000000000000        698.34322687513827     
   89.500000000000000        701.53300015049160     
   89.750000000000000        704.51103839087864     
   90.000000000000000        707.27213200302776     
   90.250000000000000        709.81129915879308     
   90.500000000000000        712.12446909053278     
   90.750000000000000        714.20779879573149     
   91.000000000000000        716.05744527187323     
   91.250000000000000        717.67002104669450     
   91.500000000000000        719.04396076893977     
   91.750000000000000        720.17815461760597     
   92.000000000000000        721.07149277168924     
   92.250000000000000        721.72309317531267     
   92.500000000000000        722.13298483310268     
   92.750000000000000        722.30142451481208     
   93.000000000000000        722.22866899019391     
   93.250000000000000        721.91497502900097     
   93.500000000000000        721.36059940098551     
   93.750000000000000        720.56579887590090     
   94.000000000000000        719.53083022349938     
   94.250000000000000        718.25614523608533     
   94.500000000000000        716.74297579616700     
   94.750000000000000        714.99274880880444     
   95.000000000000000        713.00689117905711     
   95.250000000000000        710.78721985708717     
   95.500000000000000        708.33711197346588     
   95.750000000000000        705.66033470386674     
   96.000000000000000        702.76065522396368     
   96.250000000000000        699.64203573198131     
   96.500000000000000        696.30921851634878     
   96.750000000000000        692.76714088804715     
   97.000000000000000        689.02074015805670     
   97.250000000000000        685.07495363735813     
   97.500000000000000        680.93471863693173     
   97.750000000000000        676.60497246775856     
   98.000000000000000        672.09065244081876     
   98.250000000000000        667.39679633823084     
   98.500000000000000        662.52884382666434     
   98.750000000000000        657.49233504392691     
   99.000000000000000        652.29281012782531     
   99.250000000000000        646.93601015844320     
   99.500000000000000        641.42847998496529     
   99.750000000000000        635.77696539885301     
   100.00000000000000        629.98821219156696     
   100.25000000000000        624.06906662570600     
   100.50000000000000        618.02677684842001     
   100.75000000000000        611.86869147799678     
   101.00000000000000        605.60215913272407     
   101.25000000000000        599.23452843088944     
   101.50000000000000        592.77314799078090     
   101.75000000000000        586.22536643068577     
   102.00000000000000        579.59853236889228     
   102.25000000000000        572.89995197976361     
   102.50000000000000        566.13676166196706     
   102.75000000000000        559.31605537024632     
   103.00000000000000        552.44492705934431     
   103.25000000000000        545.53038579615588     
   103.50000000000000        538.57910109618388     
   103.75000000000000        531.59765758708227     
   104.00000000000000        524.59263989650515     
   104.25000000000000        517.57059020818292     
   104.50000000000000        510.53788093014919     
   104.75000000000000        503.50084202651362     
   105.00000000000000        496.46580346138620     
   105.25000000000000        489.43909519887654     
   105.50000000000000        482.42704720309416     
   105.75000000000000        475.43598943814902     
   106.00000000000000        468.47225186815075     
   106.25000000000000        461.54204342833634     
   106.50000000000000        454.65108893845206     
   106.75000000000000        447.80499218937149     
   107.00000000000000        441.00935697196815     
   107.25000000000000        434.26954501937018     
   107.50000000000000        427.58994983372412     
   107.75000000000000        420.97472285943121     
   108.00000000000000        414.42801554089272     
   108.25000000000000        407.95385829363698     
   108.50000000000000        401.55579741770185     
   108.75000000000000        395.23725818425243     
   109.00000000000000        389.00166586445351     
   109.25000000000000        382.85244572947028     
   109.50000000000000        376.79302305046781     
   109.75000000000000        370.82682309861099     
   110.00000000000000        364.95727114506496     
   110.25000000000000        359.18766588007298     
   110.50000000000000        353.52079967019216     
   110.75000000000000        347.95933830105758     

