#TitleText:Ni(001)-(5x5)-Li     Beam (4/5,2/5)            Rfac10=       1.1679
 IV theory
   48.250000000000000        62744.611594836650     
   48.500000000000000        62746.655807707146     
   48.750000000000000        62714.292251750529     
   49.000000000000000        62648.053661872000     
   49.250000000000000        62548.472772976827     
   49.500000000000000        62416.082319970243     
   49.750000000000000        62251.415037757492     
   50.000000000000000        62055.003661243805     
   50.250000000000000        61827.377149164007     
   50.500000000000000        61569.049355571216     
   50.750000000000000        61280.530358348136     
   51.000000000000000        60962.330235377463     
   51.250000000000000        60614.951512201071     
   51.500000000000000        60238.866504997393     
   51.750000000000000        59834.539977604079     
   52.000000000000000        59402.436693858748     
   52.250000000000000        58943.017641428582     
   52.500000000000000        58456.728703299086     
   52.750000000000000        57944.011986285353     
   53.000000000000000        57405.309597202460     
   53.250000000000000        56841.063642865491     
   53.500000000000000        56251.716230089507     
   53.750000000000000        55637.709465689608     
   54.000000000000000        54999.485456480877     
   54.250000000000000        54337.511151589009     
   54.500000000000000        53652.352869382295     
   54.750000000000000        52944.601770539623     
   55.000000000000000        52214.849015739877     
   55.250000000000000        51463.735450283246     
   55.500000000000000        50692.100657954994     
   55.750000000000000        49900.833907161636     
   56.000000000000000        49090.824466309736     
   56.250000000000000        48262.986446116447     
   56.500000000000000        47418.333326541491     
   56.750000000000000        46557.903429855229     
   57.000000000000000        45682.735078328005     
   57.250000000000000        44793.866594230167     
   57.500000000000000        43892.336299832081     
   57.750000000000000        42979.182517404101     
   58.000000000000000        42055.443569216572     
   58.250000000000000        41122.180683853803     
   58.500000000000000        40180.546715155957     
   58.750000000000000        39231.717423277129     
   59.000000000000000        38276.868568371414     
   59.250000000000000        37317.221723220835     
   59.500000000000000        36354.181711119083     
   59.750000000000000        35389.199167987761     
   60.000000000000000        34423.724729748472     
   60.250000000000000        33459.231938636767     
   60.500000000000000        32497.285962144044     
   60.750000000000000        31539.474874075670     
   61.000000000000000        30587.386748236975     
   61.250000000000000        29642.609658433321     
   61.500000000000000        28706.731678470071     
   61.750000000000000        27781.340882152566     
   62.000000000000000        26868.025343286157     
   62.250000000000000        25968.337190431572     
   62.500000000000000        25083.684771171018     
   62.750000000000000        24215.440487842072     
   63.000000000000000        23364.976742782321     
   63.250000000000000        22533.594047840077     
   63.500000000000000        21722.305352906642     
   63.750000000000000        20932.051717384049     
   64.000000000000000        20163.774200674332     
   64.250000000000000        19418.377916934904     
   64.500000000000000        18696.624199344649     
   64.750000000000000        17999.238435837829     
   65.000000000000000        17326.946014348719     
   65.250000000000000        16680.472322811573     
   65.500000000000000        16060.542749160655     
   65.750000000000000        15467.882681330231     
   66.000000000000000        14903.217507254561     
   66.250000000000000        14367.208940180784     
   66.500000000000000        13860.263994607518     
   66.750000000000000        13382.726010346267     
   67.000000000000000        12934.938327208518     
   67.250000000000000        12517.116935631517     
   67.500000000000000        12128.968428555474     
   67.750000000000000        11770.072049546359     
   68.000000000000000        11440.007042170128     
   68.250000000000000        11138.288975305612     
   68.500000000000000        10864.178719083133     
   68.750000000000000        10616.873468945885     
   69.000000000000000        10395.570420337061     
   69.250000000000000        10199.466768699853     
   69.500000000000000        10027.759709477456     
   69.750000000000000        9879.6464381130609     
   70.000000000000000        9754.3241500498625     
   70.250000000000000        9650.9666303796312     
   70.500000000000000        9568.6540227884379     
   70.750000000000000        9506.4430606109399     
   71.000000000000000        9463.3904771817888     
   71.250000000000000        9438.5061851327828     
   71.500000000000000        9430.6128142843445     
   71.750000000000000        9438.4861737540396     
   72.000000000000000        9460.9020726594390     
   72.250000000000000        9496.6129097666817     
   72.500000000000000        9544.2774424362287     
   72.750000000000000        9602.5310176770981     
   73.000000000000000        9670.0089824983224     
   73.250000000000000        9745.3466839089288     
   73.500000000000000        9827.1794689179424     
   73.750000000000000        9914.1426845343922     
   74.000000000000000        10004.871677767303     
   74.250000000000000        10098.034620188813     
   74.500000000000000        10192.430981623475     
   74.750000000000000        10286.893056458952     
   75.000000000000000        10380.253139082904     
   75.250000000000000        10471.409173009210     
   75.500000000000000        10559.521698256585     
   75.750000000000000        10643.816903969964     
   76.000000000000000        10723.520979294279     
   76.250000000000000        10797.892937937566     
   76.500000000000000        10866.323091860288     
   76.750000000000000        10928.234577586007     
   77.000000000000000        10983.050531638297     
   77.250000000000000        11030.194090540719     
   77.500000000000000        11069.088390816842     
   77.750000000000000        11099.156568990235     
   78.000000000000000        11119.821761584459     
   78.250000000000000        11130.547867699397     
   78.500000000000000        11130.961836740160     
   78.750000000000000        11120.731380688178     
   79.000000000000000        11099.524211524867     
   79.250000000000000        11067.089566384280     
   79.500000000000000        11023.502783010936     
   79.750000000000000        10968.920724301977     
   80.000000000000000        10903.500253154545     
   80.250000000000000        10827.438995042094     
   80.500000000000000        10741.097625743309     
   80.750000000000000        10644.877583613192     
   81.000000000000000        10539.180307006747     
   81.250000000000000        10424.407234278970     
   81.500000000000000        10300.959803784863     
   81.750000000000000        10169.239453879421     
   82.000000000000000        10029.647622917651     
   82.250000000000000        9882.5936878133944     
   82.500000000000000        9728.5187797158760     
   82.750000000000000        9567.8719683331583     
   83.000000000000000        9401.1023233733158     
   83.250000000000000        9228.6747916620970     
   83.500000000000000        9051.1178284960188     
   83.750000000000000        8868.9757662892844     
   84.000000000000000        8682.7929374560917     
   84.250000000000000        8493.1216129694876     
   84.500000000000000        8300.5458180378973     
   84.750000000000000        8105.6575164285914     
   85.000000000000000        7909.0486719088340     
   85.250000000000000        7711.3112482458982     
   85.500000000000000        7513.0372092070493     
   85.750000000000000        7314.8185185595594     
   86.000000000000000        7117.2471400706945     
   86.250000000000000        6920.8959885989116     
   86.500000000000000        6726.2617833674067     
   86.750000000000000        6533.8221946905669     
   87.000000000000000        6344.0548928827739     
   87.250000000000000        6157.3994504407856     
   87.500000000000000        5974.1430485908459     
   87.750000000000000        5794.5347707415704     
   88.000000000000000        5618.8237003015747     
   88.250000000000000        5447.2398717706601     
   88.500000000000000        5279.9371240133714     
   88.750000000000000        5117.0502469854409     
   89.000000000000000        4958.7140306425990     
   89.250000000000000        4805.0632649405779     
   89.500000000000000        4656.2327398351099     
   89.750000000000000        4512.3572452819226     
   90.000000000000000        4373.5715712367501     
   90.250000000000000        4239.9953667518239     
   90.500000000000000        4111.6877172653831     
   90.750000000000000        3988.6925673121623     
   91.000000000000000        3871.0538614269003     
   91.250000000000000        3758.7852623373396     
   91.500000000000000        3651.7793055432276     
   91.750000000000000        3549.8982447373155     
   92.000000000000000        3453.0043336123558     
   92.250000000000000        3360.9446849576007     
   92.500000000000000        3273.5058479483064     
   92.750000000000000        3190.4592308562328     
   93.000000000000000        3111.5762419531370     
   93.250000000000000        3036.6282895107765     
   93.500000000000000        2965.3867818009116     
   93.750000000000000        2897.6231270952990     
   94.000000000000000        2833.1087336656969     
   94.250000000000000        2771.6207813712135     
   94.500000000000000        2712.9595364203528     
   94.750000000000000        2656.9310366089699     
   95.000000000000000        2603.3413197329182     
   95.250000000000000        2552.0079667627506     
   95.500000000000000        2502.7947313678160     
   95.750000000000000        2455.5769103921589     
   96.000000000000000        2410.2298006798264     
   96.250000000000000        2366.6344706622144     
   96.500000000000000        2324.6950751201148     
   96.750000000000000        2284.3215404216712     
   97.000000000000000        2245.4237929350247     
   97.250000000000000        2207.9117590283181     
   97.500000000000000        2171.6953650696933     
   97.750000000000000        2136.6845374272934     
   98.000000000000000        2102.7892024692596     
   98.250000000000000        2069.9359675373748     
   98.500000000000000        2038.1181638679807     
   98.750000000000000        2007.3458036710592     
   99.000000000000000        1977.6288991565916     
   99.250000000000000        1949.0108244818398     
   99.500000000000000        1921.6684015931851     
   99.750000000000000        1895.8118143842880     
   100.00000000000000        1871.6512467488092     
   100.25000000000000        1849.4135635540495     
   100.50000000000000        1829.3923535618694     
   100.75000000000000        1811.8978865077695     
   101.00000000000000        1797.2404321272500     
   101.25000000000000        1785.7302601558108     
   101.50000000000000        1777.6776403289527     
   101.75000000000000        1773.3928423821760     
   102.00000000000000        1773.1861360509811     
   102.25000000000000        1777.3755108558246     
   102.50000000000000        1786.3098354569904     
   102.75000000000000        1800.3456982997193     
   103.00000000000000        1819.8396878292513     
   103.25000000000000        1845.1638320607401     
   103.50000000000000        1876.7519172889927     
   103.75000000000000        1915.0531693787295     
   104.00000000000000        1960.5168141946710     
   104.25000000000000        2013.5997973864946     
   104.50000000000000        2074.7899437437036     
   104.75000000000000        2144.5827978407583     
   105.00000000000000        2223.4739042521196     
   105.25000000000000        2311.9588075522483     
   105.50000000000000        2410.5330523156035     
   105.75000000000000        2519.6921831166469     
   106.00000000000000        2639.9317445298379     
   106.25000000000000        2771.7361125893376     
   106.50000000000000        2915.5449891681028     
   106.75000000000000        3071.7869075987892     
   107.00000000000000        3240.8904012140565     
   107.25000000000000        3423.2616662659584     
   107.50000000000000        3619.2175506841463     
   107.75000000000000        3829.0525653176715     
   108.00000000000000        4053.0612210155819     
   108.25000000000000        4291.5268600866293     
   108.50000000000000        4544.6881506783584     
   108.75000000000000        4812.7725923980179     
   109.00000000000000        5096.0076848528533     
   109.25000000000000        5394.6209276501113     
   109.50000000000000        5708.8398203970382     
   109.75000000000000        6038.8918627008798     

