#TitleText:Ni(001)-(5x5)-Li     Beam (4/5,1/5)            Rfac10=       1.1000
 IV theory
   40.250000000000000        115.21806453764489     
   40.500000000000000        112.10763726963800     
   40.750000000000000        109.49495720045046     
   41.000000000000000        107.39019619100175     
   41.250000000000000        105.80352610221115     
   41.500000000000000        104.74511879499688     
   41.750000000000000        104.22514613027688     
   42.000000000000000        104.25377996896911     
   42.250000000000000        104.84001328220096     
   42.500000000000000        105.98812348193746     
   42.750000000000000        107.70120909035312     
   43.000000000000000        109.98236862962237     
   43.250000000000000        112.83234284233838     
   43.500000000000000        116.24244135276899     
   43.750000000000000        120.20161600560080     
   44.000000000000000        124.69881864552029     
   44.250000000000000        129.72182222742342     
   44.500000000000000        135.25368414704346     
   44.750000000000000        141.27628291032309     
   45.000000000000000        147.77149702320500     
   45.250000000000000        154.72120499163185     
   45.500000000000000        162.10728532154633     
   45.750000000000000        169.91161651889104     
   46.000000000000000        178.11607708960869     
   46.250000000000000        186.70192243791465     
   46.500000000000000        195.64791556111518     
   46.750000000000000        204.93219635478931     
   47.000000000000000        214.53290471451601     
   47.250000000000000        224.42693433241982     
   47.500000000000000        234.58619408680690     
   47.750000000000000        244.98134665252897     
   48.000000000000000        255.58305470443773     
   48.250000000000000        266.36135781565758     
   48.500000000000000        277.28380315240378     
   48.750000000000000        288.31731477916446     
   49.000000000000000        299.42881676042765     
   49.250000000000000        310.58523316068130     
   49.500000000000000        321.75348804441342     
   49.750000000000000        332.90050547611213     
   50.000000000000000        343.99320952026545     
   50.250000000000000        354.99915867350086     
   50.500000000000000        365.88844916100373     
   50.750000000000000        376.63181164009910     
   51.000000000000000        387.19997676811187     
   51.250000000000000        397.56494406664569     
   51.500000000000000        407.70378851442047     
   51.750000000000000        417.59485395443471     
   52.000000000000000        427.21648422968707     
   52.250000000000000        436.54765761531570     
   52.500000000000000        445.56989011501662     
   52.750000000000000        454.26533216462519     
   53.000000000000000        462.61613419997713     
   53.250000000000000        470.60444665690790     
   53.500000000000000        478.21241997125293     
   53.750000000000000        485.42220457884781     
   54.000000000000000        492.21595091552786     
   54.250000000000000        498.57677780233070     
   54.500000000000000        504.49167760110100     
   54.750000000000000        509.94861105888572     
   55.000000000000000        514.93553892273144     
   55.250000000000000        519.44235871008880     
   55.500000000000000        523.46671502002312     
   55.750000000000000        527.00818922200369     
   56.000000000000000        530.06636268549983     
   56.250000000000000        532.64178516518257     
   56.500000000000000        534.73887995653058     
   56.750000000000000        536.36303874022428     
   57.000000000000000        537.51965319694420     
   57.250000000000000        538.21411500737088     
   57.500000000000000        538.45181585218461     
   57.750000000000000        538.23814741206593     
   58.000000000000000        537.57850136769548     
   58.250000000000000        536.47892707687129     
   58.500000000000000        534.94810460586177     
   58.750000000000000        532.99537169805319     
   59.000000000000000        530.63006609683157     
   59.250000000000000        527.86284089981837     
   59.500000000000000        524.70961062157573     
   59.750000000000000        521.18760513090115     
   60.000000000000000        517.31405429659208     
   60.250000000000000        513.10684566456348     
   60.500000000000000        508.58649748920095     
   60.750000000000000        503.77418570200751     
   61.000000000000000        498.69108623448636     
   61.250000000000000        493.35837501814046     
   61.500000000000000        487.79722798447312     
   61.750000000000000        482.02882106498737     
   62.000000000000000        476.07433019118611     
   62.250000000000000        469.95497304891711     
   62.500000000000000        463.69213434140590     
   62.750000000000000        457.30724052622264     
   63.000000000000000        450.82171806093754     
   63.250000000000000        444.25707691180952     
   63.500000000000000        437.63516107985379     
   63.750000000000000        430.97789807477449     
   64.000000000000000        424.30721540627570     
   64.250000000000000        417.64508233840604     
   64.500000000000000        411.01363515259220     
   64.750000000000000        404.43505188460523     
   65.000000000000000        397.93151057021646     
   65.250000000000000        391.52518924519683     
   65.500000000000000        385.23826594531755     
   65.750000000000000        379.09291870634979     
   66.000000000000000        373.11132556406454     
   66.250000000000000        367.31487218147640     
   66.500000000000000        361.72177473057326     
   66.750000000000000        356.34945701058643     
   67.000000000000000        351.21534282074697     
   67.250000000000000        346.33527121477306     
   67.500000000000000        341.71874226432931     
   67.750000000000000        337.37367129556725     
   68.000000000000000        333.30797363463847     
   68.250000000000000        329.52877223493772     
   68.500000000000000        326.04002055883319     
   68.750000000000000        322.84487969593664     
   69.000000000000000        319.94651073585953     
   69.250000000000000        317.34807476821345     
   69.500000000000000        315.05273288261009     
   69.750000000000000        313.06364616866097     
   70.000000000000000        311.38397571597778     
   70.250000000000000        310.01594042922983     
   70.500000000000000        308.95799047331735     
   70.750000000000000        308.20763382819814     
   71.000000000000000        307.76237847383038     
   71.250000000000000        307.61784802028734     
   71.500000000000000        307.76212859810425     
   71.750000000000000        308.18142196793184     
   72.000000000000000        308.86192989042070     
   72.250000000000000        309.78891194127920     
   72.500000000000000        310.94385895644666     
   72.750000000000000        312.30731958692013     
   73.000000000000000        313.85984248369658     
   73.250000000000000        315.58197629777305     
   73.500000000000000        317.45426968014652     
   73.750000000000000        319.45727128181397     
   74.000000000000000        321.57152975377255     
   74.250000000000000        323.77744764452166     
   74.500000000000000        326.05484309257048     
   74.750000000000000        328.38338813393085     
   75.000000000000000        330.74275480461438     
   75.250000000000000        333.11232293563768     
   75.500000000000000        335.47030353803706     
   75.750000000000000        337.79461541785344     
   76.000000000000000        340.06317738112807     
   76.250000000000000        342.25376213140436     
   76.500000000000000        344.34355796223582     
   76.750000000000000        346.30960706467812     
   77.000000000000000        348.12895162978703     
   77.250000000000000        349.77863384861837     
   77.500000000000000        351.23569591222798     
   77.750000000000000        352.47718001167163     
   78.000000000000000        353.48012833800499     
   78.250000000000000        354.22258520242900     
   78.500000000000000        354.68660339672380     
   78.750000000000000        354.85523783281496     
   79.000000000000000        354.71154342262770     
   79.250000000000000        354.24057931837712     
   79.500000000000000        353.43542163343784     
   79.750000000000000        352.29115072147442     
   80.000000000000000        350.80284693615107     
   80.250000000000000        348.96659275127712     
   80.500000000000000        346.78247912124164     
   80.750000000000000        344.25159912057865     
   81.000000000000000        341.37504582382201     
   81.250000000000000        338.15391230550563     
   81.500000000000000        334.58929164016348     
   81.750000000000000        330.68227690232959     
   82.000000000000000        326.43396116653781     
   82.250000000000000        321.84659929250785     
   82.500000000000000        316.92709328070214     
   82.750000000000000        311.68350691676886     
   83.000000000000000        306.12390398635631     
   83.250000000000000        300.25867184548395     
   83.500000000000000        294.10749213165730     
   83.750000000000000        287.69237005275289     
   84.000000000000000        281.03531081664744     
   84.250000000000000        274.15948141640337     
   84.500000000000000        267.09269598582603     
   84.750000000000000        259.86393044390621     
   85.000000000000000        252.50216070963504     
   85.250000000000000        245.03636270200334     
   85.500000000000000        237.49551234000216     
   85.750000000000000        229.90858554262243     
   86.000000000000000        222.30455822885511     
   86.250000000000000        214.71247708967906     
   86.500000000000000        207.16167190402436     
   86.750000000000000        199.68154322280904     
   87.000000000000000        192.30149159695125     
   87.250000000000000        185.05105912134465     
   87.500000000000000        177.96035406678570     
   87.750000000000000        171.05962624804661     
   88.000000000000000        164.37912547989953     
   88.250000000000000        157.94917234910451     
   88.500000000000000        151.80037053037290     
   88.750000000000000        145.96339447040404     
   89.000000000000000        140.46891861589708     
   89.250000000000000        135.34761741355138     
   89.500000000000000        130.63016531006602     
   89.750000000000000        126.34723675214040     
   90.000000000000000        122.52950618647370     
   90.250000000000000        119.20642345496535     
   90.500000000000000        116.40253998031559     
   90.750000000000000        114.14118258042481     
   91.000000000000000        112.44567807319343     
   91.250000000000000        111.33690406692223     
   91.500000000000000        110.82594133151356     
   91.750000000000000        110.92142142727010     
   92.000000000000000        111.63197591449462     
   92.250000000000000        112.96501174869000     
   92.500000000000000        114.92303746615991     
   92.750000000000000        117.50733699840828     
   93.000000000000000        120.71919427693894     
   93.250000000000000        124.55989323325578     
   93.500000000000000        129.03071779886270     
   93.750000000000000        134.13295190526355     
   94.000000000000000        139.86787948396221     
   94.250000000000000        146.23528173176274     
   94.500000000000000        153.22892890666969     
   94.750000000000000        160.84108853198788     
   95.000000000000000        169.06402813102196     
   95.250000000000000        177.88700975767702     
   95.500000000000000        187.28727358825930     
   95.750000000000000        197.23905432967524     
   96.000000000000000        207.71658668883137     
   96.250000000000000        218.69260263793430     
   96.500000000000000        230.13382321039126     
   96.750000000000000        242.00546670490962     
   97.000000000000000        254.27275142019678     
   97.250000000000000        266.90089565496010     
   97.500000000000000        279.85511770790686     
   97.750000000000000        293.10063587774459     
   98.000000000000000        306.60266846318046     
   98.250000000000000        320.32601202899201     
   98.500000000000000        334.23377620423668     
   98.750000000000000        348.28864888404195     
   99.000000000000000        362.45331796353554     
   99.250000000000000        376.68962786998486     
   99.500000000000000        390.95604915921774     
   99.750000000000000        405.21020891920210     
   100.00000000000000        419.40973423790581     
   100.25000000000000        433.51183046936671     
   100.50000000000000        447.47201603190297     
   100.75000000000000        461.24538760990242     
   101.00000000000000        474.78704188775322     
   101.25000000000000        488.05207554984332     
   101.50000000000000        500.99558528056076     
   101.75000000000000        513.57266776429378     
   102.00000000000000        525.73841968543002     
   102.25000000000000        537.44915434120412     
   102.50000000000000        548.66605148023518     
   102.75000000000000        559.35150746398858     
   103.00000000000000        569.46791865392981     
   103.25000000000000        578.98011463721673     
   103.50000000000000        587.86265790377729     
   103.75000000000000        596.09254416923159     
   104.00000000000000        603.64676914920017     
   104.25000000000000        610.50354517214930     
   104.50000000000000        616.64595101793054     
   104.75000000000000        622.05828207924151     
   105.00000000000000        626.72483374877993     
   105.25000000000000        630.62990141924365     
   105.50000000000000        633.75778048333007     
   105.75000000000000        636.09276633373713     
   106.00000000000000        637.61915436316247     
   106.25000000000000        638.32334791605012     
   106.50000000000000        638.20018214383049     
   106.75000000000000        637.24660014968038     
   107.00000000000000        635.45954503677626     
   107.25000000000000        632.84017581178830     
   107.50000000000000        629.40651509535780     
   107.75000000000000        625.18080141162011     
   108.00000000000000        620.18527328470998     
   108.25000000000000        614.44427719050861     
   108.50000000000000        607.99059141188332     
   108.75000000000000        600.85910218344827     
   109.00000000000000        593.08469573981733     
   109.25000000000000        584.70225831560401     
   109.50000000000000        575.74667614542295     
   109.75000000000000        566.25283546388732     
   110.00000000000000        556.25562250561154     
   110.25000000000000        545.79153452682090     
   110.50000000000000        534.90351287018791     
   110.75000000000000        523.63610989999643     
   111.00000000000000        512.03387798053063     
   111.25000000000000        500.14459151929771     
   111.50000000000000        488.02891309669872     
   111.75000000000000        475.75072733635767     
   112.00000000000000        463.37391886189903     
   112.25000000000000        450.96398331855852     
   112.50000000000000        438.59286043801893     
   112.75000000000000        426.33410097357449     
   113.00000000000000        414.26125567851972     
   113.25000000000000        402.44787530614872     
   113.50000000000000        390.96751060975606     
   113.75000000000000        379.89371234263587     
   114.00000000000000        369.30003125808258     
   114.25000000000000        359.25996661820579     
   114.50000000000000        349.84681172037637     
   114.75000000000000        341.13380837078034     
   115.00000000000000        333.19419837560366     
   115.25000000000000        326.10112055866296     
   115.50000000000000        319.92730181429721     
   115.75000000000000        314.74536605447582     
   116.00000000000000        310.62793719116837     
   116.25000000000000        307.64758764515949     
   116.50000000000000        305.87668387249516     
   116.75000000000000        305.38754083803650     
   117.00000000000000        306.25247350664478     
   117.25000000000000        308.54379684318116     
   117.50000000000000        312.33382581250663     
   117.75000000000000        317.69487537948265     
   118.00000000000000        324.69926050897033     
   118.25000000000000        333.41744371499800     
   118.50000000000000        343.91247770826283     
   118.75000000000000        356.24556274862937     
   119.00000000000000        370.47789909596190     
   119.25000000000000        386.66698210845931     
   119.50000000000000        404.85548753765806     
   119.75000000000000        425.08238623342891     
   120.00000000000000        447.38664904564291     
   120.25000000000000        471.80539437333806     
   120.50000000000000        498.36833081222130     
   120.75000000000000        527.10331450716660     
   121.00000000000000        558.03820160304815     
   121.25000000000000        591.20084824473986     
   121.50000000000000        626.61911057711632     
   121.75000000000000        664.32084474505132     
   122.00000000000000        704.33390689341877     
   122.25000000000000        746.68331638545681     
   122.50000000000000        791.38274545785794     
   122.75000000000000        838.44302956567833     
   123.00000000000000        887.87500416397415     
   123.25000000000000        939.68383114452945     
   123.50000000000000        993.85197814603703     
   123.75000000000000        1050.3562392439178     
   124.00000000000000        1109.1734085135924     
   124.25000000000000        1170.2774432488450     
   124.50000000000000        1233.6309536169149     
   124.75000000000000        1299.1937130034053     
   125.00000000000000        1366.9254947939180     
   125.25000000000000        1436.7860723740566     
   125.50000000000000        1508.7352191294242     
   125.75000000000000        1582.7327084456226     
   126.00000000000000        1658.7383137082554     
   126.25000000000000        1736.7094564741906     
   126.50000000000000        1816.5941509853569     
   126.75000000000000        1898.3380596549498     
   127.00000000000000        1981.8868448961639     
   127.25000000000000        2067.1814654647237     
   127.50000000000000        2154.1440654864764     
   127.75000000000000        2242.6920854298023     
   128.00000000000000        2332.7429657630769     
   128.25000000000000        2424.2117951259452     
   128.50000000000000        2517.0042548431111     
   128.75000000000000        2611.0236744105450     
   129.00000000000000        2706.1733833242170     
   129.25000000000000        2802.3567110800973     
   129.50000000000000        2899.4769871741546     
   129.75000000000000        2997.4375411023598     
   130.00000000000000        3096.1417023606828     
   130.25000000000000        3195.4919988880574     
   130.50000000000000        3295.3877523952751     
   130.75000000000000        3395.7274830360898     
   131.00000000000000        3496.4097109642580     
   131.25000000000000        3597.3313532194625     
   131.50000000000000        3698.3829143850999     
   131.75000000000000        3799.4532959304966     
   132.00000000000000        3900.4313993249766     
   132.25000000000000        4001.2053244808308     
   132.50000000000000        4101.6599650822054     
   132.75000000000000        4201.6794132562100     
   133.00000000000000        4301.1477611299551     
   133.25000000000000        4399.9491008305531     
   133.50000000000000        4497.9675244851132     
   133.75000000000000        4595.0871242207440     
   134.00000000000000        4691.1919921645595     
   134.25000000000000        4786.1672065192142     
   134.50000000000000        4879.9017897895492     
   134.75000000000000        4972.2857505559523     
   135.00000000000000        5063.2090973988106     
   135.25000000000000        5152.5638110496020     
   135.50000000000000        5240.2497608441772     
   135.75000000000000        5326.1687882694714     
   136.00000000000000        5410.2227348124306     
   136.25000000000000        5492.3144280355373     
   136.50000000000000        5572.3506398034633     
   136.75000000000000        5650.2391280564252     
   137.00000000000000        5725.8876507346395     
   137.25000000000000        5799.2039657783234     
   137.50000000000000        5870.0958311276918     
   137.75000000000000        5938.4710047229637     
   138.00000000000000        6004.2372445043547     
   138.25000000000000        6067.3048460556338     
   138.50000000000000        6127.5942555347801     
   138.75000000000000        6185.0284567433282     
   139.00000000000000        6239.5304334828061     
   139.25000000000000        6291.0282448418548     
   139.50000000000000        6339.4702510575307     
   139.75000000000000        6384.8098876539980     

