#TitleText:Ni(001)-(5x5)-Li     Beam (4/5,0)              Rfac10=       0.5261
 IV theory
   40.250000000000000        2399.0706776170764     
   40.500000000000000        2302.9311027563172     
   40.750000000000000        2206.1754454664956     
   41.000000000000000        2109.1066873395157     
   41.250000000000000        2012.0278099672814     
   41.500000000000000        1915.2417949416947     
   41.750000000000000        1819.0516238546584     
   42.000000000000000        1723.7602782980741     
   42.250000000000000        1629.6630360709885     
   42.500000000000000        1537.0243598010250     
   42.750000000000000        1446.1010083229498     
   43.000000000000000        1357.1497404715317     
   43.250000000000000        1270.4119074958253     
   43.500000000000000        1186.0672303020394     
   43.750000000000000        1104.2800222106712     
   44.000000000000000        1025.2145965422158     
   44.250000000000000        949.02756282431505     
   44.500000000000000        875.84471541318555     
   44.750000000000000        805.78414487218913     
   45.000000000000000        738.96394176468652     
   45.250000000000000        675.50219665403927     
   45.500000000000000        615.51700010360878     
   45.750000000000000        559.12644267675626     
   46.000000000000000        506.44861493684277     
   46.250000000000000        457.59104953658357     
   46.500000000000000        412.61904748610834     
   46.750000000000000        371.58735188490033     
   47.000000000000000        334.55070583244316     
   47.250000000000000        301.54273660692752     
   47.500000000000000        272.51260820137401     
   47.750000000000000        247.38836878751033     
   48.000000000000000        226.09806653706411     
   48.250000000000000        208.55919171111688     
   48.500000000000000        194.64700292816494     
   48.750000000000000        184.22620089605815     
   49.000000000000000        177.16148632264640     
   49.250000000000000        173.31755991577967     
   49.500000000000000        172.55912238330785     
   49.750000000000000        174.75087443308087     
   50.000000000000000        179.75751677294869     
   50.250000000000000        187.44247693602543     
   50.500000000000000        197.66408975648216     
   50.750000000000000        210.27941689375419     
   51.000000000000000        225.14552000727676     
   51.250000000000000        242.11691440701364     
   51.500000000000000        261.03793000504243     
   51.750000000000000        281.75035036396912     
   52.000000000000000        304.09595904639963     
   52.250000000000000        327.91526644020439     
   52.500000000000000        353.04369023431053     
   52.750000000000000        379.31537494290927     
   53.000000000000000        406.56446508019224     
   53.250000000000000        434.62510516035070     
   53.500000000000000        463.33143969757595     
   53.750000000000000        492.51761320605954     
   54.000000000000000        522.01777019999281     
   54.250000000000000        551.67073013732545     
   54.500000000000000        581.33401225104092     
   54.750000000000000        610.86981071788080     
   55.000000000000000        640.14031971458701     
   55.250000000000000        669.01708330541794     
   55.500000000000000        697.40904510469943     
   55.750000000000000        725.23449861427378     
   56.000000000000000        752.41173733598350     
   56.250000000000000        778.86372971542937     
   56.500000000000000        804.53214397324575     
   56.750000000000000        829.36332327382570     
   57.000000000000000        853.30361078156159     
   57.250000000000000        876.29934966084659     
   57.500000000000000        898.29688307607307     
   57.750000000000000        919.24255419163433     
   58.000000000000000        939.08270617192306     
   58.250000000000000        957.76733937005974     
   58.500000000000000        975.26108289407705     
   58.750000000000000        991.53222304073529     
   59.000000000000000        1006.5490461067949     
   59.250000000000000        1020.2871527664722     
   59.500000000000000        1032.7514012038068     
   59.750000000000000        1043.9539639802947     
   60.000000000000000        1053.9070136574310     
   60.250000000000000        1062.6263799854396     
   60.500000000000000        1070.1425214694559     
   60.750000000000000        1076.4895538033429     
   61.000000000000000        1081.7015926809640     
   61.250000000000000        1085.8127537961825     
   61.500000000000000        1088.8571528428615     
   61.750000000000000        1090.8689055148643     
   62.000000000000000        1091.8821275060541     
   62.250000000000000        1091.9315142861130     
   62.500000000000000        1091.0540804279988     
   62.750000000000000        1089.2874202804876     
   63.000000000000000        1086.6691281923556     
   63.250000000000000        1083.2379580640172     
   63.500000000000000        1079.0373020024374     
   63.750000000000000        1074.1117116662185     
   64.000000000000000        1068.5057387139636     
   64.250000000000000        1062.2645145800941     
   64.500000000000000        1055.4354898023071     
   64.750000000000000        1048.0666946941180     
   65.000000000000000        1040.2061595690425     
   65.250000000000000        1031.9019147405970     
   65.500000000000000        1023.2019905222969     
   65.750000000000000        1014.1544172276582     
   66.000000000000000        1004.8072251701966     
   66.250000000000000        995.20765154672017     
   66.500000000000000        985.39976108720646     
   66.750000000000000        975.42682540492490     
   67.000000000000000        965.33211611314550     
   67.250000000000000        955.15731859172229     
   67.500000000000000        944.93777328684848     
   67.750000000000000        934.70723441130099     
   68.000000000000000        924.49945617785795     
   68.250000000000000        914.34739968258884     
   68.500000000000000        904.28085355473252     
   68.750000000000000        894.32881330682051     
   69.000000000000000        884.52027445138447     
   69.250000000000000        874.88423250095525     
   69.500000000000000        865.44968296806451     
   69.750000000000000        856.24562136524389     
   70.000000000000000        847.30104320502403     
   70.250000000000000        838.64406623795514     
   70.500000000000000        830.29929716665913     
   70.750000000000000        822.29046493177646     
   71.000000000000000        814.64129847394770     
   71.250000000000000        807.37377120984945     
   71.500000000000000        800.50283446030357     
   71.750000000000000        794.04168402216897     
   72.000000000000000        788.00351569230372     
   72.250000000000000        782.40064750558474     
   72.500000000000000        777.24188644896083     
   72.750000000000000        772.53516174740025     
   73.000000000000000        768.28840262586994     
   73.250000000000000        764.50953830933770     
   73.500000000000000        761.20649802277057     
   73.750000000000000        758.38721099113673     
   74.000000000000000        756.05960643940296     
   74.250000000000000        754.23060378225819     
   74.500000000000000        752.90308319327528     
   74.750000000000000        752.07891503574831     
   75.000000000000000        751.75996967297112     
   75.250000000000000        751.94609784768011     
   75.500000000000000        752.62907182037986     
   75.750000000000000        753.79864423101787     
   76.000000000000000        755.44456771954106     
   76.250000000000000        757.55558511561753     
   76.500000000000000        760.11640000779994     
   76.750000000000000        763.11070617436201     
   77.000000000000000        766.52219739357690     
   77.250000000000000        770.33456744371870     
   77.500000000000000        774.53151010306090     
   77.750000000000000        779.09671914987689     
   78.000000000000000        784.01388836244064     
   78.250000000000000        789.26584818338972     
   78.500000000000000        794.83197571281755     
   78.750000000000000        800.69078471518174     
   79.000000000000000        806.82078895494010     
   79.250000000000000        813.19877552527805     
   79.500000000000000        819.79462483429336     
   79.750000000000000        826.57649061881136     
   80.000000000000000        833.51252661565786     
   80.250000000000000        840.57002322602250     
   80.500000000000000        847.71281750855098     
   80.750000000000000        854.90388318625241     
   81.000000000000000        862.10619398213692     
   81.250000000000000        869.28272361921381     
   81.500000000000000        876.39644582049254     
   81.750000000000000        883.41033430898312     
   82.000000000000000        890.28736280769476     
   82.250000000000000        896.99063551817062     
   82.500000000000000        903.48377855608783     
   82.750000000000000        909.73054851565644     
   83.000000000000000        915.69470199108707     
   83.250000000000000        921.34025653365700     
   83.500000000000000        926.63227352291153     
   83.750000000000000        931.53607529546218     
   84.000000000000000        936.01698418792137     
   84.250000000000000        940.04045301543442     
   84.500000000000000        943.57245650728089     
   84.750000000000000        946.57909987127312     
   85.000000000000000        949.02648831522447     
   85.250000000000000        950.88072704694741     
   85.500000000000000        952.10792127425498     
   85.750000000000000        952.67417620495974     
   86.000000000000000        952.54559704687472     
   86.250000000000000        951.68985461748423     
   86.500000000000000        950.08088217295972     
   86.750000000000000        947.69417857914448     
   87.000000000000000        944.50524270188100     
   87.250000000000000        940.49270462635593     
   87.500000000000000        935.64771931512951     
   87.750000000000000        929.96457295010475     
   88.000000000000000        923.43755171318537     
   88.250000000000000        916.06250739594623     
   88.500000000000000        907.84155422864922     
   88.750000000000000        898.77837205122830     
   89.000000000000000        888.87664070361689     
   89.250000000000000        878.14004002574848     
   89.500000000000000        866.57224985755681     
   89.750000000000000        854.17695003897552     
   90.000000000000000        840.95782040993788     
   90.250000000000000        826.92071809825040     
   90.500000000000000        812.08020938320874     
   90.750000000000000        796.45303783198142     
   91.000000000000000        780.05594701173663     
   91.250000000000000        762.91003506538777     
   91.500000000000000        745.05381843882765     
   91.750000000000000        726.53016815369449     
   92.000000000000000        707.38195523162597     
   92.250000000000000        687.65422798213228     
   92.500000000000000        667.40074386621347     
   92.750000000000000        646.67743763274279     
   93.000000000000000        625.54024403059236     
   93.250000000000000        604.04509780863486     
   93.500000000000000        582.24793371574322     
   93.750000000000000        560.20468650078976     
   94.000000000000000        537.97129091264731     
   94.250000000000000        515.60485778882946     
   94.500000000000000        493.16720232141438     
   94.750000000000000        470.72131579112113     
   95.000000000000000        448.33018947866896     
   95.250000000000000        426.05916684205914     
   95.500000000000000        403.98300004842162     
   95.750000000000000        382.17879344216880     
   96.000000000000000        360.72365136771253     
   96.250000000000000        339.69585425810641     
   96.500000000000000        319.17838690096778     
   96.750000000000000        299.25541017255563     
   97.000000000000000        280.01108494912842     
   97.250000000000000        261.52957210694495     
   97.500000000000000        243.89503252226393     
   97.750000000000000        227.19162707134407     
   98.000000000000000        211.50351663044401     
   98.250000000000000        196.91392027861983     
   98.500000000000000        183.50228990611646     
   98.750000000000000        171.34713560597635     
   99.000000000000000        160.52696747124170     
   99.250000000000000        151.11841200054948     
   99.500000000000000        143.19056131491467     
   99.750000000000000        136.81062394094684     
   100.00000000000000        132.04580840525560     
   100.25000000000000        128.96238143724776     
   100.50000000000000        127.62284257751921     
   100.75000000000000        128.08874956946320     
   101.00000000000000        130.42166015647294     
   101.25000000000000        134.68313208194155     
   101.50000000000000        140.93472308926229     
   101.75000000000000        149.23799092182833     
   102.00000000000000        159.65449332303285     
   102.25000000000000        172.24300753404654     
   102.50000000000000        187.05118878715027     
   102.75000000000000        204.12391181240230     
   103.00000000000000        223.50605133986090     
   103.25000000000000        245.23692109513951     
   103.50000000000000        269.33359078607157     
   103.75000000000000        295.80756911604556     
   104.00000000000000        324.67036478845012     
   104.25000000000000        355.93070600445134     
   104.50000000000000        389.58619895632512     
   104.75000000000000        425.63166933412532     
   105.00000000000000        464.06194282790551     
   105.25000000000000        504.87184512771950     
   105.50000000000000        548.05620192362062     
   105.75000000000000        593.60983890566274     
   106.00000000000000        641.52758176389943     
   106.25000000000000        691.80116230396538     
   106.50000000000000        744.40993679381870     
   106.75000000000000        799.33016761699821     
   107.00000000000000        856.53811715704285     
   107.25000000000000        916.00386002865366     
   107.50000000000000        977.67271977117821     
   107.75000000000000        1041.4838321551267     
   108.00000000000000        1107.3763329510084     
   108.25000000000000        1175.2862640449141     
   108.50000000000000        1245.1372917852580     
   108.75000000000000        1316.8499886360351     
   109.00000000000000        1390.3449270612402     
   109.25000000000000        1465.5426795248688     
   109.50000000000000        1542.3638184909155     
   109.75000000000000        1620.7289164233759     
   110.00000000000000        1700.5585457862448     
   110.25000000000000        1781.7715184444774     
   110.50000000000000        1864.2796038668685     
   110.75000000000000        1947.9928109231741     
   111.00000000000000        2032.8211484831495     
   111.25000000000000        2118.6711042184706     
   111.50000000000000        2205.4350810084934     
   111.75000000000000        2293.0019605344942     
   112.00000000000000        2381.2606244777489     
   112.25000000000000        2470.0981939204944     
   112.50000000000000        2559.3947475488071     
   112.75000000000000        2649.0286034497235     
   113.00000000000000        2738.8780797102804     
   113.25000000000000        2828.8214944175143     
   113.50000000000000        2918.7371656584628     
   113.75000000000000        3008.5034115201615     
   114.00000000000000        3097.9985500896482     
   114.25000000000000        3187.1015691558541     
   114.50000000000000        3275.6941353152974     
   114.75000000000000        3363.6585848663894     
   115.00000000000000        3450.8772541075432     
   115.25000000000000        3537.2338187409628     
   115.50000000000000        3622.6173120840190     
   115.75000000000000        3706.9181068578773     
   116.00000000000000        3790.0265757837019     
   116.25000000000000        3871.8337612845517     
   116.50000000000000        3952.2333845910716     
   116.75000000000000        4031.1198366357999     
   117.00000000000000        4108.3875083512767     
   117.25000000000000        4183.9307906700415     
   117.50000000000000        4257.6440745246364     
   117.75000000000000        4329.4217508475986     
   118.00000000000000        4399.1582105714670     
   118.25000000000000        4466.7504246414364     
   118.50000000000000        4532.1056840533056     
   118.75000000000000        4595.1338598155307     
   119.00000000000000        4655.7448229365627     
   119.25000000000000        4713.8536044501607     
   119.50000000000000        4769.3958754913010     
   119.75000000000000        4822.3124672202666     
   120.00000000000000        4872.5442107973358     
   120.25000000000000        4920.0345173954456     
   120.50000000000000        4964.7371182381376     
   120.75000000000000        5006.6083245616064     
   121.00000000000000        5045.6044476020470     
   121.25000000000000        5081.6817985956559     
   121.50000000000000        5114.7966887786251     
   121.75000000000000        5144.9054293871550     
   122.00000000000000        5171.9643316574366     
   122.25000000000000        5195.9328930425545     
   122.50000000000000        5216.7833558631464     
   122.75000000000000        5234.4911486567362     
   123.00000000000000        5249.0316999608494     
   123.25000000000000        5260.3868107467879     
   123.50000000000000        5268.5637717209593     
   123.75000000000000        5273.5762460235510     
   124.00000000000000        5275.4378967947441     
   124.25000000000000        5274.1655733916150     
   124.50000000000000        5269.7888700387884     
   124.75000000000000        5262.3405671777809     
   125.00000000000000        5251.8534452501062     
   125.25000000000000        5238.3602846972790     
   125.50000000000000        5221.8938659608148     
   125.75000000000000        5202.4869694822291     
   126.00000000000000        5180.1723757030359     
   126.25000000000000        5154.9854496610496     
   126.50000000000000        5126.9718947792899     
   126.75000000000000        5096.1799990770742     
   127.00000000000000        5062.6580505737220     
   127.25000000000000        5026.4595064811519     
   127.50000000000000        4987.6585007816875     
   127.75000000000000        4946.3343366502568     
   128.00000000000000        4902.5663172617833     
   128.25000000000000        4856.4363303874952     
   128.50000000000000        4808.0366021838181     
   128.75000000000000        4757.4619434034848     
   129.00000000000000        4704.8071647992210     
   129.25000000000000        4650.1670771237568     
   129.50000000000000        4593.6364911298233     
   129.75000000000000        4535.3102175701479     
   130.00000000000000        4475.2830671974598     
   130.25000000000000        4413.6504845228537     
   130.50000000000000        4350.5104490908816     
   130.75000000000000        4285.9615742044607     
   131.00000000000000        4220.1024731665111     
   131.25000000000000        4153.0330267966774     
   131.50000000000000        4084.8581859815245     
   131.75000000000000        4015.6841691243490     
   132.00000000000000        3945.6171946284444     
   132.25000000000000        3874.7641146554702     
   132.50000000000000        3803.2343164005442     
   132.75000000000000        3731.1378208171504     
   133.00000000000000        3658.5846488587713     
   133.25000000000000        3585.6848214788906     
   133.50000000000000        3512.5483596309896     
   133.75000000000000        3439.2852842685529     
   134.00000000000000        3366.0056163450636     
   134.25000000000000        3292.8181864241033     
   134.50000000000000        3219.8270635096533     
   134.75000000000000        3147.1351262157932     
   135.00000000000000        3074.8452531566045     
   135.25000000000000        3003.0579421663651     
   135.50000000000000        2931.8641679601506     
   135.75000000000000        2861.3525244732350     
   136.00000000000000        2791.6116056408932     
   136.25000000000000        2722.7288150084987     
   136.50000000000000        2654.7867945618236     
   136.75000000000000        2587.8669958967389     
   137.00000000000000        2522.0508706091159     
   137.25000000000000        2457.4198702948265     
   137.50000000000000        2394.0554465497416     
   137.75000000000000        2332.0390509697327     
   138.00000000000000        2271.4521351506714     
   138.25000000000000        2212.3738362494878     
   138.50000000000000        2154.8740336673500     
   138.75000000000000        2099.0202923664847     
   139.00000000000000        2044.8801773091184     
   139.25000000000000        1992.5166245795965     
   139.50000000000000        1941.9740547507379     
   139.75000000000000        1893.2922595174803     
   140.00000000000000        1846.5110305747612     
   140.25000000000000        1801.6678451785776     
   140.50000000000000        1758.7909228291626     
   140.75000000000000        1717.9061685878096     

