#TitleText:Ni(001)-(5x5)-Li     Beam (1,2/5)              Rfac10=       1.0000
 IV theory
   63.250000000000000        219339685.20333651     
   63.500000000000000        211666858.22042608     
   63.750000000000000        204144996.84789261     
   64.000000000000000        196780025.79938462     
   64.250000000000000        189577285.67427430     
   64.500000000000000        182539780.61482722     
   64.750000000000000        175669930.64903271     
   65.000000000000000        168970155.80487993     
   65.250000000000000        162442876.11035803     
   65.500000000000000        156090511.59345624     
   65.750000000000000        149915482.28216371     
   66.000000000000000        143920208.20446968     
   66.250000000000000        138106846.81921506     
   66.500000000000000        132476505.30864768     
   66.750000000000000        127030028.28586715     
   67.000000000000000        121768260.36397313     
   67.250000000000000        116691521.01776862     
   67.500000000000000        111798029.16887066     
   67.750000000000000        107085478.60059963     
   68.000000000000000        102551563.09627596     
   68.250000000000000        98193713.870071828     
   68.500000000000000        94008311.859566346     
   68.750000000000000        89991475.433190376     
   69.000000000000000        86139322.959374741     
   69.250000000000000        82447972.806550294     
   69.500000000000000        78913543.343147874     
   69.750000000000000        75532152.937598363     
   70.000000000000000        72299919.958332539     
   70.250000000000000        69212962.759910360     
   70.500000000000000        66267399.641407952     
   70.750000000000000        63459348.888030432     
   71.000000000000000        60784928.784983054     
   71.250000000000000        58240257.589729078     
   71.500000000000000        55821453.448764257     
   71.750000000000000        53524634.480842441     
   72.000000000000000        51345918.804717474     
   72.250000000000000        49281424.525272273     
   72.500000000000000        47327269.691905946     
   72.750000000000000        45479572.340146713     
   73.000000000000000        43734450.505522743     
   73.250000000000000        42088022.223562226     
   73.500000000000000        40536405.529793352     
   73.750000000000000        39075718.459744319     
   74.000000000000000        37702079.048943289     
   74.250000000000000        36411720.711203963     
   74.500000000000000        35201338.373481944     
   74.750000000000000        34067742.341018364     
   75.000000000000000        33007742.919054322     
   75.250000000000000        32018381.169401914     
   75.500000000000000        31097621.180157114     
   75.750000000000000        30243657.795986895     
   76.000000000000000        29454685.861558225     
   76.250000000000000        28729015.599823546     
   76.500000000000000        28065418.746877257     
   76.750000000000000        27462782.417099249     
   77.000000000000000        26919993.724869408     
   77.250000000000000        26435939.784567624     
   77.500000000000000        26009507.710573789     
   77.750000000000000        25639584.617267776     
   78.000000000000000        25325057.619029485     
   78.250000000000000        25064936.891061988     
   78.500000000000000        24858724.851861075     
   78.750000000000000        24706046.980745729     
   79.000000000000000        24606528.757034939     
   79.250000000000000        24560041.781694051     
   79.500000000000000        24567442.142273873     
   79.750000000000000        24629832.047971569     
   80.000000000000000        24748313.707984328     
   80.250000000000000        24924112.392332494     
   80.500000000000000        25158945.614329152     
   80.750000000000000        25454653.948110573     
   81.000000000000000        25813077.967813022     
   81.250000000000000        26236058.247572768     
   81.500000000000000        26725435.361526076     
   81.750000000000000        27283049.883809220     
   82.000000000000000        27910742.388558455     
   82.250000000000000        28610418.292119354     
   82.500000000000000        29384242.379674654     
   82.750000000000000        30234444.278616387     
   83.000000000000000        31163253.616336588     
   83.250000000000000        32173029.704645880     
   83.500000000000000        33266650.593029235     
   83.750000000000000        34447124.015390225     
   84.000000000000000        35717457.705632411     
   84.250000000000000        37080724.239868656     
   84.500000000000000        38540255.563049011     
   84.750000000000000        40099448.462332778     
   85.000000000000000        41761699.724879310     
   85.250000000000000        43530406.137847938     
   85.500000000000000        45408964.488398001     
   85.750000000000000        47400771.563688800     
   86.000000000000000        49509224.150879703     
   86.250000000000000        51737623.738473020     
   86.500000000000000        54088890.620343082     
   86.750000000000000        56565849.791707195     
   87.000000000000000        59171326.247782677     
   87.250000000000000        61907954.386472821     
   87.500000000000000        64777606.216424942     
   87.750000000000000        67781963.148972303     
   88.000000000000000        70922706.595448181     
   88.250000000000000        74201422.668528855     
   88.500000000000000        77619316.286262572     
   88.750000000000000        81177497.068040654     
   89.000000000000000        84877074.633254305     
   89.250000000000000        88719158.601294801     
   89.500000000000000        92704858.591553435     
   89.750000000000000        96835284.223421410     
   90.000000000000000        101111545.11629008     
   90.250000000000000        105534521.40101783     
   90.500000000000000        110104175.25433210     
   90.750000000000000        114820239.36442751     
   91.000000000000000        119682446.41949864     
   91.250000000000000        124690070.13067457     
   91.500000000000000        129840548.30082220     
   91.750000000000000        135130859.75574276     
   92.000000000000000        140557983.32123759     
   92.250000000000000        146118668.33457530     
   92.500000000000000        151808746.17889321     
   92.750000000000000        157623818.74879605     
   93.000000000000000        163559487.93888846     
   93.250000000000000        169611355.64377511     
   93.500000000000000        175775023.75806060     
   93.750000000000000        182046094.17634970     
   94.000000000000000        188420168.79324698     
   94.250000000000000        194892640.64510965     
   94.500000000000000        201458067.33530471     
   94.750000000000000        208110797.60895184     

