#TitleText:Ni(001)-(5x5)-Li     Beam (1,1/5)              Rfac10=       0.5047
 IV theory
   54.250000000000000        180.33485501861853     
   54.500000000000000        178.36580741492375     
   54.750000000000000        176.33215744563591     
   55.000000000000000        174.23895793533310     
   55.250000000000000        172.09100345324040     
   55.500000000000000        169.89205554717114     
   55.750000000000000        167.64561750958575     
   56.000000000000000        165.35519263294475     
   56.250000000000000        163.02415508203197     
   56.500000000000000        160.65536251092570     
   56.750000000000000        158.25154344602754     
   57.000000000000000        155.81542641373909     
   57.250000000000000        153.34973994046203     
   57.500000000000000        150.85721255259807     
   57.750000000000000        148.34057277654884     
   58.000000000000000        145.80254913871602     
   58.250000000000000        143.24585289890973     
   58.500000000000000        140.67312625057420     
   58.750000000000000        138.08699412056211     
   59.000000000000000        135.49008143572618     
   59.250000000000000        132.88497858973608     
   59.500000000000000        130.27413784352970     
   59.750000000000000        127.65997692486172     
   60.000000000000000        125.04491356148691     
   60.250000000000000        122.43134821456863     
   60.500000000000000        119.82161227890415     
   60.750000000000000        117.21801988269934     
   61.000000000000000        114.62288515415999     
   61.250000000000000        112.03852222149197     
   61.500000000000000        109.46724521290106     
   61.750000000000000        106.91136825659311     
   62.000000000000000        104.37320548077396     
   62.250000000000000        101.85505828245442     
   62.500000000000000        99.359177133865330     
   62.750000000000000        96.887799776042570     
   63.000000000000000        94.443163950021969     
   63.250000000000000        92.027481934449412     
   63.500000000000000        89.642864158410745     
   63.750000000000000        87.291395588601901     
   64.000000000000000        84.975161191718797     
   64.250000000000000        82.696233203262281     
   64.500000000000000        80.456632933953358     
   64.750000000000000        78.258368963317864     
   65.000000000000000        76.103449870881761     
   65.250000000000000        73.993884236170985     
   65.500000000000000        71.931680638711441     
   65.750000000000000        69.918847658029051     
   66.000000000000000        67.957393873649750     
   66.250000000000000        66.049230528749604     
   66.500000000000000        64.195879521105297     
   66.750000000000000        62.398765412143632     
   67.000000000000000        60.659312763291432     
   67.250000000000000        58.978751463275827     
   67.500000000000000        57.357532710025112     
   67.750000000000000        55.795913028767920     
   68.000000000000000        54.294148944732846     
   68.250000000000000        52.852399646798659     
   68.500000000000000        51.470434978444715     
   68.750000000000000        50.147927446800523     
   69.000000000000000        48.884549558995580     
   69.250000000000000        47.679973822159404     
   69.500000000000000        46.533872743421497     
   69.750000000000000        45.445918829911378     
   70.000000000000000        44.415784588758548     
   70.250000000000000        43.443068651601862     
   70.500000000000000        42.527074148117670     
   70.750000000000000        41.667030332491613     
   71.000000000000000        40.862166458909414     
   71.250000000000000        40.111564030575444     
   71.500000000000000        39.413713546769031     
   71.750000000000000        38.766957755788198     
   72.000000000000000        38.169639405930958     
   72.250000000000000        37.620027370004728     
   72.500000000000000        37.116095018854331     
   72.750000000000000        36.655741847833973     
   73.000000000000000        36.236867352297857     
   73.250000000000000        35.857371027600188     
   73.500000000000000        35.515152369095162     
   73.750000000000000        35.208110872136984     
   74.000000000000000        34.934146032079866     
   74.250000000000000        34.691183802787307     
   74.500000000000000        34.477255972160009     
   74.750000000000000        34.290420786607982     
   75.000000000000000        34.128736492541229     
   75.250000000000000        33.990314253388384     
   75.500000000000000        33.873476900652435     
   75.750000000000000        33.776600182855013     
   76.000000000000000        33.698059848517737     
   76.250000000000000        33.636258104671533     
   76.500000000000000        33.589702992384524     
   76.750000000000000        33.556929011234132     
   77.000000000000000        33.536470660797782     
   77.250000000000000        33.526862440652899     
   77.500000000000000        33.526638850376912     
   77.750000000000000        33.534334389547240     
   78.000000000000000        33.548483557741314     
   78.250000000000000        33.567684998060422     
   78.500000000000000        33.590793927701299     
   78.750000000000000        33.616729707384543     
   79.000000000000000        33.644411697830762     
   79.250000000000000        33.672887546808269     
   79.500000000000000        33.701718050276298     
   79.750000000000000        33.730592291241791     
   80.000000000000000        33.759199352711704     
   80.250000000000000        33.787292461216850     
   80.500000000000000        33.814881417383482     
   80.750000000000000        33.842040165361723     
   81.000000000000000        33.868842649301712     
   81.250000000000000        33.895362813353557     
   81.500000000000000        33.921674601667384     
   81.750000000000000        33.947851958393329     
   82.000000000000000        33.973968827681496     
   82.250000000000000        34.000122239075331     
   82.500000000000000        34.026501563691482     
   82.750000000000000        34.053319258039906     
   83.000000000000000        34.080787778630551     
   83.250000000000000        34.109165752759992     
   83.500000000000000        34.138896490871247     
   83.750000000000000        34.170469474193929     
   84.000000000000000        34.204374183957661     
   84.250000000000000        34.241123186785373     
   84.500000000000000        34.281321390873224     
   84.750000000000000        34.325596789810653     
   85.000000000000000        34.374577377187130     
   85.250000000000000        34.428891146592107     
   85.500000000000000        34.489166091615033     
   85.750000000000000        34.556030205845367     
   86.000000000000000        34.630111482872572     
   86.250000000000000        34.712034718268775     
   86.500000000000000        34.802411915536851     
   86.750000000000000        34.901851880162326     
   87.000000000000000        35.010963417630748     
   87.250000000000000        35.130348937393023     
   87.500000000000000        35.260585264761488     
   87.750000000000000        35.402242829013879     
   88.000000000000000        35.555892059427890     
   88.250000000000000        35.722100187263933     
   88.500000000000000        35.901421651713115     
   88.750000000000000        36.094407693949229     
   89.000000000000000        36.301609555146086     
   89.250000000000000        36.523578476477489     
   89.500000000000000        36.760865699117225     
   89.750000000000000        37.014022464239098     
   90.000000000000000        37.283600013016901     
   90.250000000000000        37.570173929821955     
   90.500000000000000        37.874417171815551     
   90.750000000000000        38.197027039356520     
   91.000000000000000        38.538700832803677     
   91.250000000000000        38.900184538910835     
   91.500000000000000        39.282418890011854     
   91.750000000000000        39.686393304835583     
   92.000000000000000        40.113097202110865     
   92.250000000000000        40.563544343764065     
   92.500000000000000        41.038845864511536     
   92.750000000000000        41.540137242267164     
   93.000000000000000        42.068553954944818     
   93.250000000000000        42.625231480458346     
   93.500000000000000        43.211305296721648     
   93.750000000000000        43.827910881648570     
   94.000000000000000        44.476183713152992     
   94.250000000000000        45.157310641181908     
   94.500000000000000        45.872684003814825     
   94.750000000000000        46.623747511164375     
   95.000000000000000        47.411944873343195     
   95.250000000000000        48.238822544530166     
   95.500000000000000        49.106337955169195     
   95.750000000000000        50.016551279770454     
   96.000000000000000        50.971522692844083     
   96.250000000000000        51.973363740933394     
   96.500000000000000        53.024391458714163     
   96.750000000000000        54.126974252895323     
   97.000000000000000        55.283480530185805     
   97.250000000000000        56.496278697294514     
   97.500000000000000        57.767737160930388     
   97.750000000000000        59.100224327802358     
   98.000000000000000        60.496108604619323     
   98.250000000000000        61.957771703969549     
   98.500000000000000        63.487648561958522     
   98.750000000000000        65.088187420571032     
   99.000000000000000        66.761836521791892     
   99.250000000000000        68.511070719364540     
   99.500000000000000        70.338471314066922     
   99.750000000000000        72.246646218435615     
   100.00000000000000        74.238203345007150     
   100.25000000000000        76.315763912197454     
   100.50000000000000        78.482002361939635     
   100.75000000000000        80.739606442046167     
   101.00000000000000        83.091263900329494     
   101.25000000000000        85.539662484602061     
   101.50000000000000        88.087489942676328     
   101.75000000000000        90.737434022364738     
   102.00000000000000        93.492182471479751     
   102.25000000000000        96.354356568534968     
   102.50000000000000        99.326311714848373     
   102.75000000000000        102.41033684243915     
   103.00000000000000        105.60872088332646     
   103.25000000000000        108.92361983093174     
   103.50000000000000        112.35665792428526     
   103.75000000000000        115.90932646381972     
   104.00000000000000        119.58311674996759     
   104.25000000000000        123.37945361386262     
   104.50000000000000        127.29949600944299     
   104.75000000000000        131.34433642134803     
   105.00000000000000        135.51506733421698     
   105.25000000000000        139.81278123268916     
   105.50000000000000        144.23857060140384     
   105.75000000000000        148.79352792500032     
   106.00000000000000        153.47874568811795     
   106.25000000000000        158.29518051666341     
   106.50000000000000        163.24324560161313     
   106.75000000000000        168.32321827521102     
   107.00000000000000        173.53537586970097     
   107.25000000000000        178.87972399986177     
   107.50000000000000        184.35518141061141     
   107.75000000000000        189.96039512940311     
   108.00000000000000        195.69401218368986     
   108.25000000000000        201.55454374219218     
   108.50000000000000        207.53995753870021     
   108.75000000000000        213.64808544827159     
   109.00000000000000        219.87675934596399     
   109.25000000000000        226.22381110683497     
   109.50000000000000        232.68707260594223     
   109.75000000000000        239.26437571834336     
   110.00000000000000        245.95355231909593     
   110.25000000000000        252.75229967202660     
   110.50000000000000        259.65777659603731     
   110.75000000000000        266.66700729879926     
   111.00000000000000        273.77701598798336     
   111.25000000000000        280.98455764879850     
   111.50000000000000        288.28531037660457     
   111.75000000000000        295.67468304429940     
   112.00000000000000        303.14808452478081     
   112.25000000000000        310.70078907971549     
   112.50000000000000        318.32753252584564     
   112.75000000000000        326.02291606868255     
   113.00000000000000        333.78154091373739     
   113.25000000000000        341.59800826652139     
   113.50000000000000        349.46691933254556     
   113.75000000000000        357.38287531732112     
   114.00000000000000        365.34047742635937     
   114.25000000000000        373.33428233307711     
   114.50000000000000        381.35866858251421     
   114.75000000000000        389.40797018761606     
   115.00000000000000        397.47652116132832     
   115.25000000000000        405.55856645240789     
   115.50000000000000        413.64799475285758     
   115.75000000000000        421.73860569049145     
   116.00000000000000        429.82419889312388     
   116.25000000000000        437.89852945647453     
   116.50000000000000        445.95517434788644     
   116.75000000000000        453.98766600260808     
   117.00000000000000        461.98953685588788     
   117.25000000000000        469.95431934297449     
   117.50000000000000        477.87554589911639     
   117.75000000000000        485.74674895956213     
   118.00000000000000        493.56146095956018     
   118.25000000000000        501.31326033760024     
   118.50000000000000        508.99590954513610     
   118.75000000000000        516.60321703686259     
   119.00000000000000        524.12899126747504     
   119.25000000000000        531.56713269815020     
   119.50000000000000        538.91190981599379     
   119.75000000000000        546.15768311459385     
   120.00000000000000        553.29881308753784     
   120.25000000000000        560.32970623165477     
   120.50000000000000        567.24495305673781     
   120.75000000000000        574.03919007582112     
   121.00000000000000        580.70705380193897     
   121.25000000000000        587.24318074812561     
   121.50000000000000        593.64220742741509     
   121.75000000000000        599.89877035284178     
   122.00000000000000        606.00750603743973     
   122.25000000000000        611.96315679208681     
   122.50000000000000        617.76088811903401     
   122.75000000000000        623.39597131837581     
   123.00000000000000        628.86367769020717     
   123.25000000000000        634.15949013030922     
   123.50000000000000        639.27973791721070     
   123.75000000000000        644.22096192512686     
   124.00000000000000        648.97970302827309     
   124.25000000000000        653.55260789870806     
   124.50000000000000        657.93674639986443     
   124.75000000000000        662.12929419301759     
   125.00000000000000        666.12742693944358     
   125.25000000000000        669.92832030041802     
   125.50000000000000        673.52914993721663     
   125.75000000000000        676.92709151111535     
   126.00000000000000        680.11932068338979     
   126.25000000000000        683.10316049011271     
   126.50000000000000        685.87652346654522     
   126.75000000000000        688.43746952274500     
   127.00000000000000        690.78405856877009     
   127.25000000000000        692.91464526427262     
   127.50000000000000        694.82876326728115     
   127.75000000000000        696.52624098541753     
   128.00000000000000        698.00690682630466     
   128.25000000000000        699.27073657236178     
   128.50000000000000        700.31829550519649     
   128.75000000000000        701.15029628121329     
   129.00000000000000        701.76745155681681     
   129.25000000000000        702.17047398841169     
   129.50000000000000        702.36007623240255     
   129.75000000000000        702.33697094519414     
   130.00000000000000        702.10187078319086     
   130.25000000000000        701.65558259220700     
   130.50000000000000        700.99928997569555     
   130.75000000000000        700.13427072651882     
   131.00000000000000        699.06180263753924     
   131.25000000000000        697.78335188043843     
   131.50000000000000        696.30113814217543     
   131.75000000000000        694.61756948852803     
   132.00000000000000        692.73505398527459     
   132.25000000000000        690.65609388760299     
   132.50000000000000        688.38356820833906     
   132.75000000000000        685.92045014971916     
   133.00000000000000        683.26971291397911     
   133.25000000000000        680.43432970335482     
   133.50000000000000        677.41727372008211     
   133.75000000000000        674.22151816639723     
   134.00000000000000        670.85003624453577     
   134.25000000000000        667.30585009274523     
   134.50000000000000        663.59217759331830     
   134.75000000000000        659.71228556455856     
   135.00000000000000        655.66944082476994     
   135.25000000000000        651.46700806427907     
   135.50000000000000        647.10874346150308     
   135.75000000000000        642.59850106688191     
   136.00000000000000        637.94013493085527     
   136.25000000000000        633.13754803987410     
   136.50000000000000        628.19483912443513     
   136.75000000000000        623.11615585104596     
   137.00000000000000        617.90564588621430     
   137.25000000000000        612.56745689644811     
   137.50000000000000        607.10573654825487     
   137.75000000000000        601.52463250814242     
   138.00000000000000        595.82829244261870     
   138.25000000000000        590.02087850315752     
   138.50000000000000        584.10661078109774     
   138.75000000000000        578.08972385274467     
   139.00000000000000        571.97445229440291     
   139.25000000000000        565.76505965231036     
   139.50000000000000        559.46592535243394     
   139.75000000000000        553.08145779067354     
   140.00000000000000        546.61606536292879     
   140.25000000000000        540.07417095006554     
   140.50000000000000        533.46025537281469     
   140.75000000000000        526.77881393687323     
   141.00000000000000        520.03434194793795     
   141.25000000000000        513.23133471170593     
   141.50000000000000        506.37428753387417     
   141.75000000000000        499.46769572013955     
   142.00000000000000        492.51605457619922     
   142.25000000000000        485.52384145417528     
   142.50000000000000        478.49546189189067     
   142.75000000000000        471.43530347359354     
   143.00000000000000        464.34775378353197     
   143.25000000000000        457.23716449880453     
   143.50000000000000        450.10774366791122     
   143.75000000000000        442.96366343220257     
   144.00000000000000        435.80909593302891     
   144.25000000000000        428.64819535816605     
   144.50000000000000        421.48504408109022     
   144.75000000000000        414.32370652170300     
   145.00000000000000        407.16824709990601     
   145.25000000000000        400.02273023560082     
   145.50000000000000        392.89122034868905     
   145.75000000000000        385.77778185907238     
   146.00000000000000        378.68647918665215     
   146.25000000000000        371.62133786537254     
   146.50000000000000        364.58622788534615     
   146.75000000000000        357.58498035072859     
   147.00000000000000        350.62142636567467     
   147.25000000000000        343.69931926242441     
   147.50000000000000        336.82210128555562     
   147.75000000000000        329.99313690773090     
   148.00000000000000        323.21579060161275     
   148.25000000000000        316.49338795390571     
   148.50000000000000        309.82909900748382     
   148.75000000000000        303.22605491926311     
   149.00000000000000        296.68738684615977     
   149.25000000000000        290.21622594508977     
   149.50000000000000        283.81570337296932     
   149.75000000000000        277.48895028671450     
   150.00000000000000        271.23909784324150     
   150.25000000000000        265.06924174584771     
   150.50000000000000        258.98233588335631     
   150.75000000000000        252.98129869097176     
   151.00000000000000        247.06904860389847     
   151.25000000000000        241.24843315010381     
   151.50000000000000        235.52201622860619     
   151.75000000000000        229.89229083118678     
   152.00000000000000        224.36174994962690     
   152.25000000000000        218.93285112208912     
   152.50000000000000        213.60791007226163     
   152.75000000000000        208.38920707021404     

