#TitleText:Ni(001)-(5x5)-Li     Beam (1,3/5)              Rfac10=       0.9182
 IV theory
   64.250000000000000        386.86629925116057     
   64.500000000000000        388.71836263556713     
   64.750000000000000        390.25000043409779     
   65.000000000000000        391.46181788312759     
   65.250000000000000        392.35442021903202     
   65.500000000000000        392.92841267818613     
   65.750000000000000        393.18440049696528     
   66.000000000000000        393.12298891174470     
   66.250000000000000        392.74521825442486     
   66.500000000000000        392.05386923900755     
   66.750000000000000        391.05215767501983     
   67.000000000000000        389.74329937198866     
   67.250000000000000        388.13138033049165     
   67.500000000000000        386.22396731530887     
   67.750000000000000        384.02949728227094     
   68.000000000000000        381.55640718720815     
   68.250000000000000        378.81356908147666     
   68.500000000000000        375.81159539853337     
   68.750000000000000        372.56153366736072     
   69.000000000000000        369.07443141694102     
   69.250000000000000        365.36133617625660     
   69.500000000000000        361.43329547428976     
   69.750000000000000        357.30135684002306     
   70.000000000000000        352.97656780243864     
   70.250000000000000        348.46996563371852     
   70.500000000000000        343.79254657884292     
   70.750000000000000        338.95529662599176     
   71.000000000000000        333.96920176334498     
   71.250000000000000        328.84522746548163     
   71.500000000000000        323.59425715257737     
   71.750000000000000        318.22715373120724     
   72.000000000000000        312.75478010794615     
   72.250000000000000        307.18798893256849     
   72.500000000000000        301.53759182764730     
   72.750000000000000        295.81439015895489     
   73.000000000000000        290.02918529226383     
   73.250000000000000        284.19277859334665     
   73.500000000000000        278.31597142797563     
   73.750000000000000        272.40956516192347     
   74.000000000000000        266.48436116096224     
   74.250000000000000        260.55087567568455     
   74.500000000000000        254.61848449596133     
   74.750000000000000        248.69627829648360     
   75.000000000000000        242.79334775194221     
   75.250000000000000        236.91821330666764     
   75.500000000000000        231.07711448354803     
   75.750000000000000        225.27572057511136     
   76.000000000000000        219.51970087388540     
   76.250000000000000        213.81443955721772     
   76.500000000000000        208.16418034173481     
   76.750000000000000        202.57288182888291     
   77.000000000000000        197.04450262010835     
   77.250000000000000        191.58300131685732     
   77.500000000000000        186.19233652057611     
   77.750000000000000        180.87646683271100     
   78.000000000000000        175.63935085470820     
   78.250000000000000        170.48477136375740     
   78.500000000000000        165.41580784002198     
   78.750000000000000        160.43536393940866     
   79.000000000000000        155.54634331782415     
   79.250000000000000        150.75129798266207     
   79.500000000000000        146.05137334726325     
   79.750000000000000        141.44736317645547     
   80.000000000000000        136.94006123506637     
   80.250000000000000        132.53008546366712     
   80.500000000000000        128.21735050580250     
   80.750000000000000        124.00159518076066     
   81.000000000000000        119.88255830782988     
   81.250000000000000        115.85997870629831     
   81.500000000000000        111.93359519545413     
   81.750000000000000        108.10314659458557     
   82.000000000000000        104.36837172298081     
   82.250000000000000        100.72898966202013     
   82.500000000000000        97.184640541452183     
   82.750000000000000        93.734944753117730     
   83.000000000000000        90.379522688857492     
   83.250000000000000        87.117955264696405     
   83.500000000000000        83.949665493396125     
   83.750000000000000        80.874036911902479     
   84.000000000000000        77.890453057161324     
   84.250000000000000        74.998277728210581     
   84.500000000000000        72.196795772456539     
   84.750000000000000        69.485272299397565     
   85.000000000000000        66.862972418532081     
   85.250000000000000        64.329161239358456     
   85.500000000000000        61.883103871375049     
   85.750000000000000        59.524065424080263     
   86.000000000000000        57.251311006972493     
   86.250000000000000        55.064136085538365     
   86.500000000000000        52.961957549217594     
   86.750000000000000        50.944222643438074     
   87.000000000000000        49.010378613627765     
   87.250000000000000        47.159933417191134     
   87.500000000000000        45.392637859438722     
   87.750000000000000        43.708303457657564     
   88.000000000000000        42.106741729134733     
   88.250000000000000        40.587794547145535     
   88.500000000000000        39.151425208918312     
   88.750000000000000        37.797627367669698     
   89.000000000000000        36.526394676616285     
   89.250000000000000        35.337720788974693     
   89.500000000000000        34.231599357961528     
   89.750000000000000        33.208024036793411     
   90.000000000000000        32.266988478686940     
   90.250000000000000        31.408476030700530     
   90.500000000000000        30.632428815259679     
   90.750000000000000        29.938778648631697     
   91.000000000000000        29.327457347083893     
   91.250000000000000        28.798376114567134     
   91.500000000000000        28.351363705766534     
   91.750000000000000        27.986228263050776     
   92.000000000000000        27.702777928788564     
   92.250000000000000        27.500810539190343     
   92.500000000000000        27.380082705833729     
   92.750000000000000        27.340340734138078     
   93.000000000000000        27.381330929522790     
   93.250000000000000        27.502799597407222     
   93.500000000000000        27.704493043210761     
   93.750000000000000        27.986157572352784     
   94.000000000000000        28.347539490252665     
   94.250000000000000        28.788331194843781     
   94.500000000000000        29.308009454115474     
   94.750000000000000        29.905997128571091     
   95.000000000000000        30.581717078713975     
   95.250000000000000        31.334484350075456     
   95.500000000000000        32.163182728298821     
   95.750000000000000        33.066588184055341     
   96.000000000000000        34.043476688016312     
   96.250000000000000        35.092570303366983     
   96.500000000000000        36.212375463348607     
   96.750000000000000        37.401344693716432     
   97.000000000000000        38.657930520225690     
   97.250000000000000        39.980585468631624     
   97.500000000000000        41.367762064689479     
   97.750000000000000        42.817912834154498     
   98.000000000000000        44.329490302781920     
   98.250000000000000        45.900902542557837     
   98.500000000000000        47.530379810391771     
   98.750000000000000        49.216107909424110     
   99.000000000000000        50.956272642795213     
   99.250000000000000        52.748970906107175     
   99.500000000000000        54.591943964808898     
   99.750000000000000        56.482844176811042     
   100.00000000000000        58.419323900024253     
   100.25000000000000        60.398991038589998     
   100.50000000000000        62.419275681573232     
   100.75000000000000        64.477563464269679     
   101.00000000000000        66.571240021975143     
   101.25000000000000        68.697690989985375     
   101.50000000000000        70.854302003596160     
   101.75000000000000        73.038458698103256     
   102.00000000000000        75.247546708802446     
   102.25000000000000        77.478954941170144     
   102.50000000000000        79.730085381405374     
   102.75000000000000        81.998343285887827     
   103.00000000000000        84.281133910997141     
   103.25000000000000        86.575869053474335     
   103.50000000000000        88.879986671505520     
   103.75000000000000        91.190931263638291     
   104.00000000000000        93.506147328419999     
   104.25000000000000        95.823082634578867     
   104.50000000000000        98.139198031565613     
   104.75000000000000        100.45195763901161     
   105.00000000000000        102.75882557654823     
   105.25000000000000        105.05726596380690     
   105.50000000000000        107.34474292041895     
   105.75000000000000        109.61872056601581     
   106.00000000000000        111.87666302022885     
   106.25000000000000        114.11607582050748     
   106.50000000000000        116.33463017557324     
   106.75000000000000        118.53003871196566     
   107.00000000000000        120.70001405622423     
   107.25000000000000        122.84235167052462     
   107.50000000000000        124.95517835958663     
   107.75000000000000        127.03670376376608     
   108.00000000000000        129.08513752341892     
   108.25000000000000        131.09873069671892     
   108.50000000000000        133.07590001311218     
   108.75000000000000        135.01510361986266     
   109.00000000000000        136.91479966423438     
   109.25000000000000        138.77344629349139     
   109.50000000000000        140.58950165489767     
   109.75000000000000        142.36142389571731     
   110.00000000000000        144.08767116321425     
   110.25000000000000        145.76675134616329     
   110.50000000000000        147.39737129938194     
   110.75000000000000        148.97828761919857     
   111.00000000000000        150.50825690194137     
   111.25000000000000        151.98613522696007     
   111.50000000000000        153.41117660569006     
   111.75000000000000        154.78273453258817     
   112.00000000000000        156.10016250211112     
   112.25000000000000        157.36286375022647     
   112.50000000000000        158.57044047894453     
   112.75000000000000        159.72254463178643     
   113.00000000000000        160.81882815227314     
   113.25000000000000        161.85894298392580     
   113.50000000000000        162.84254107026541     
   113.75000000000000        163.76927435481306     
   114.00000000000000        164.63879478108981     
   114.25000000000000        165.45079519347087     
   114.50000000000000        166.20513203974784     
   114.75000000000000        166.90170266856660     
   115.00000000000000        167.54040442857294     
   115.25000000000000        168.12121647012097     
   115.50000000000000        168.64444515039773     
   115.75000000000000        169.11047862829855     
   116.00000000000000        169.51970506271877     
   116.25000000000000        169.87255351340781     
   116.50000000000000        170.16961664353167     
   116.75000000000000        170.41152801711044     
   117.00000000000000        170.59892119816416     
   117.25000000000000        170.73242975071298     
   117.50000000000000        170.81268723877690     
   117.75000000000000        170.84032722637608     
   118.00000000000000        170.81598327753056     
   118.25000000000000        170.74030333126271     
   118.50000000000000        170.61399282660392     
   118.75000000000000        170.43777157758791     
   119.00000000000000        170.21235939824828     
   119.25000000000000        169.93850485262334     
   119.50000000000000        169.61707150476934     
   119.75000000000000        169.24895166874717     
   120.00000000000000        168.83503765861775     
   120.25000000000000        168.37623616344416     
   120.50000000000000        167.87351137229851     
   120.75000000000000        167.32784184925538     
   121.00000000000000        166.74020615838921     
   121.25000000000000        166.11158286377440     
   121.50000000000000        165.44295052948542     
   121.75000000000000        164.73528771959678     
   122.00000000000000        163.98957299818287     
   122.25000000000000        163.20678304007745     
   122.50000000000000        162.38788696315137     
   122.75000000000000        161.53385199603474     
   123.00000000000000        160.64564536735776     
   123.25000000000000        159.72423052726901     
   123.50000000000000        158.77055581199141     
   123.75000000000000        157.78556577926642     
   124.00000000000000        156.77020498683549     
   124.25000000000000        155.72541610319942     
   124.50000000000000        154.65213423989593     
   124.75000000000000        153.55129261922221     
   125.00000000000000        152.42382446347537     
   125.25000000000000        151.27066299495254     
   125.50000000000000        150.09274143595084     
   125.75000000000000        148.89099300876737     
   126.00000000000000        147.66635093569928     
   126.25000000000000        146.41974969641032     
   126.50000000000000        145.15212880003111     
   126.75000000000000        143.86442901305875     
   127.00000000000000        142.55759110199057     
   127.25000000000000        141.23255834805710     
   127.50000000000000        139.89028409142239     
   127.75000000000000        138.53172418698389     
   128.00000000000000        137.15783448963896     
   128.25000000000000        135.76957211165171     
   128.50000000000000        134.36789919475294     
   128.75000000000000        132.95377913804023     
   129.00000000000000        131.52817534061106     
   129.25000000000000        130.09205120156292     
   129.50000000000000        128.64637011999338     
   129.75000000000000        127.19209549499985     
   130.00000000000000        125.73019072567996     
   130.25000000000000        124.26161537802038     
   130.50000000000000        122.78731368556515     
   130.75000000000000        121.30822604874726     
   131.00000000000000        119.82529286800003     
   131.25000000000000        118.33944687753517     
   131.50000000000000        116.85159014667857     
   131.75000000000000        115.36261707853477     
   132.00000000000000        113.87342207620829     
   132.25000000000000        112.38489570969288     
   132.50000000000000        110.89791321653948     
   132.75000000000000        109.41334600118819     
   133.00000000000000        107.93206546807923     
   133.25000000000000        106.45494302165275     
   133.50000000000000        104.98285006634893     
   133.75000000000000        103.51665800660794     
   134.00000000000000        102.05723824686994     
   134.25000000000000        100.60546149531199     
   134.50000000000000        99.162195675058683     
   134.75000000000000        97.728308012971553     
   135.00000000000000        96.304665735912067     
   135.25000000000000        94.892134678215456     
   135.50000000000000        93.491575104112172     
   135.75000000000000        92.103845885306342     
   136.00000000000000        90.729805893502089     
   136.25000000000000        89.370313304140467     
   136.50000000000000        88.026223507610069     
   136.75000000000000        86.698391198036404     
   137.00000000000000        85.387671069544865     
   137.25000000000000        84.094917816260988     
   137.50000000000000        82.820986132310239     
   137.75000000000000        81.566730711818096     
   138.00000000000000        80.333006248910024     
   138.25000000000000        79.120661071764076     
   138.50000000000000        77.930518044768505     
   138.75000000000000        76.763393666364152     
   139.00000000000000        75.620104434991873     
   139.25000000000000        74.501454117197582     
   139.50000000000000        73.408195551947713     
   139.75000000000000        72.341068846313831     
   140.00000000000000        71.300814107367472     
   140.25000000000000        70.288165076232730     
   140.50000000000000        69.303830030243944     
   140.75000000000000        68.348510880788027     
   141.00000000000000        67.422909539251890     
   141.25000000000000        66.527727917022403     
   141.50000000000000        65.663667925486479     
   141.75000000000000        64.831431476031042     
   142.00000000000000        64.031720480042949     
   142.25000000000000        63.265223237345737     
   142.50000000000000        62.532573601509291     
   142.75000000000000        61.834391814540169     
   143.00000000000000        61.171298118444845     
   143.25000000000000        60.543885532103047     
   143.50000000000000        59.952638181887323     
   143.75000000000000        59.398012971043414     
   144.00000000000000        58.880466802817054     
   144.25000000000000        58.400442968890601     
   144.50000000000000        57.958330314692795     
   144.75000000000000        57.554504074089010     

