#TitleText:Ni(001)-(5x5)-Li     Beam (1/5,1/5)            Rfac10=       1.3204
 IV theory
   60.250000000000000        2244814822.9869719     
   60.500000000000000        2157509316.4417043     
   60.750000000000000        2073402853.2407706     
   61.000000000000000        1992575148.1792719     
   61.250000000000000        1915105916.0523093     
   61.500000000000000        1841074871.6549833     
   61.750000000000000        1770561729.7823961     
   62.000000000000000        1703646205.2296481     
   62.250000000000000        1640408034.2859943     
   62.500000000000000        1580927039.2173047     
   62.750000000000000        1525283063.7836032     
   63.000000000000000        1473555951.7449136     
   63.250000000000000        1425825589.8495669     
   63.500000000000000        1382172036.7991247     
   63.750000000000000        1342675394.2834556     
   64.000000000000000        1307415763.9924288     
   64.250000000000000        1276473269.1100669     
   64.500000000000000        1249928118.7970073     
   64.750000000000000        1227860543.7080421     
   65.000000000000000        1210350774.4979625     
   65.250000000000000        1197479041.8215594     
   65.500000000000000        1189325576.3336253     
   65.750000000000000        1185970608.6889513     
   66.000000000000000        1187494369.5423281     
   66.250000000000000        1193970390.4550393     
   66.500000000000000        1205445406.6143324     
   66.750000000000000        1221959454.1139462     
   67.000000000000000        1243552569.0476193     
   67.250000000000000        1270251389.3220730     
   67.500000000000000        1302028960.0959592     
   67.750000000000000        1338844928.3409102     
   68.000000000000000        1380658941.0285614     
   68.250000000000000        1427423946.0370359     
   68.500000000000000        1479066094.8704245     
   68.750000000000000        1535504839.9393082     
   69.000000000000000        1596659633.6542673     
   69.250000000000000        1662449928.4258835     
   69.500000000000000        1732795176.6647375     
   69.750000000000000        1807614830.7814097     
   70.000000000000000        1886828343.1864827     
   70.250000000000000        1970347683.9802475     
   70.500000000000000        2058054894.0218434     
   70.750000000000000        2149824531.8601213     
   71.000000000000000        2245531156.0439305     
   71.250000000000000        2345034360.5015440     
   71.500000000000000        2448133880.6789293     
   71.750000000000000        2554614487.4014726     
   72.000000000000000        2664260951.4945664     
   72.250000000000000        2776850561.4733076     
   72.500000000000000        2892130676.6116443     
   72.750000000000000        3009841173.8732338     
   73.000000000000000        3129721930.2217360     
   73.250000000000000        3251512822.6208067     
   73.500000000000000        3374953728.0341058     
   73.750000000000000        3499784523.4252896     
   74.000000000000000        3625745085.7580180     
   74.250000000000000        3752574285.1046429     
   74.500000000000000        3880006963.9722981     
   74.750000000000000        4007776957.9768109     
   75.000000000000000        4135618102.7340107     
   75.250000000000000        4263262220.0771160     
   75.500000000000000        4390433076.7089052     
   75.750000000000000        4516852425.5495462     
   76.000000000000000        4642242019.5192080     
   76.250000000000000        4766322604.6467543     
   76.500000000000000        4888810899.3958302     
   76.750000000000000        5009422615.3387737     
   77.000000000000000        5127873464.0479212     
   77.250000000000000        5243879157.0956163     
   77.500000000000000        5357155406.0541935     
   77.750000000000000        5467417922.4959936     
   78.000000000000000        5574382417.9933558     
   78.250000000000000        5677772042.3262663     
   78.500000000000000        5777339698.1053019     
   78.750000000000000        5872845726.1486855     
   79.000000000000000        5964050467.2746439     
   79.250000000000000        6050729138.7166948     
   79.500000000000000        6132716463.3695393     
   79.750000000000000        6209862040.5431738     
   80.000000000000000        6282015469.5475912     
   80.250000000000000        6349033787.9004364     
   80.500000000000000        6410803785.9499407     
   80.750000000000000        6467219692.2519865     
   81.000000000000000        6518175735.3624554     
   81.250000000000000        6563566143.8372288     
   81.500000000000000        6603285146.2321844     
   81.750000000000000        6637226971.1032057     
   82.000000000000000        6665285847.0061722     
   82.250000000000000        6687365641.8775768     
   82.500000000000000        6703408781.1763554     
   82.750000000000000        6713367329.7420521     

