#TitleText:Ni(001)-(5x5)-Li     Beam (3/5,1/5)            Rfac10=       0.5449
 IV theory
   40.250000000000000        76.280468150928712     
   40.500000000000000        72.956289517290372     
   40.750000000000000        70.363613620275260     
   41.000000000000000        68.455162652661656     
   41.250000000000000        67.183658807227872     
   41.500000000000000        66.501824276752203     
   41.750000000000000        66.362381254012917     
   42.000000000000000        66.718051931788338     
   42.250000000000000        67.522069796517258     
   42.500000000000000        68.729713509280572     
   42.750000000000000        70.296773024819700     
   43.000000000000000        72.179038297876019     
   43.250000000000000        74.333321870512009     
   43.500000000000000        76.720526634074233     
   43.750000000000000        79.302578067230357     
   44.000000000000000        82.041401648648005     
   44.250000000000000        84.899434150655310     
   44.500000000000000        87.841157520222509     
   44.750000000000000        90.831564997980365     
   45.000000000000000        93.835649824559638     
   45.250000000000000        96.818405240591005     
   45.500000000000000        99.744824486705298     
   45.750000000000000        102.57990080353321     
   46.000000000000000        105.28862743170552     
   46.250000000000000        107.83760419963639     
   46.500000000000000        110.19985728687389     
   46.750000000000000        112.35001946074948     
   47.000000000000000        114.26272348859462     
   47.250000000000000        115.91581531330773     
   47.500000000000000        117.29999358005482     
   47.750000000000000        118.40917010956886     
   48.000000000000000        119.23725672258277     
   48.250000000000000        119.77977182761295     
   48.500000000000000        120.03866018430962     
   48.750000000000000        120.01747314010646     
   49.000000000000000        119.71976204243715     
   49.250000000000000        119.14907823873536     
   49.500000000000000        118.30897307643477     
   49.750000000000000        117.20299790296903     
   50.000000000000000        115.83470406577183     
   50.250000000000000        114.20850875195759     
   50.500000000000000        112.33229250736363     
   50.750000000000000        110.21480171750800     
   51.000000000000000        107.86478276790882     
   51.250000000000000        105.29271372344556     
   51.500000000000000        102.51599936644365     
   51.750000000000000        99.553776158589940     
   52.000000000000000        96.425180561571267     
   52.250000000000000        93.150214876755200     
   52.500000000000000        89.752344764232276     
   52.750000000000000        86.255901723773761     
   53.000000000000000        82.685217255150818     
   53.250000000000000        79.064622858134783     
   53.500000000000000        75.418450032496821     
   53.750000000000000        71.771030278008240     
   54.000000000000000        68.146695094440247     
   54.250000000000000        64.569262089213822     
   54.500000000000000        61.060493300348803     
   54.750000000000000        57.641636873514756     
   55.000000000000000        54.333940954381241     
   55.250000000000000        51.157625903917243     
   55.500000000000000        48.128800944289544     
   55.750000000000000        45.262547512964346     
   56.000000000000000        42.573947047407827     
   56.250000000000000        40.077567092735933     
   56.500000000000000        37.785919624663443     
   56.750000000000000        35.711002726554874     
   57.000000000000000        33.864814481774751     
   57.250000000000000        32.259352973687598     
   57.500000000000000        30.906616285657929     
   57.750000000000000        29.818602501050254     
   58.000000000000000        29.007309703229101     
   58.250000000000000        28.483717748232674     
   58.500000000000000        28.254733582793950     
   58.750000000000000        28.326245926319583     
   59.000000000000000        28.704143498216229     
   59.250000000000000        29.392278563237941     
   59.500000000000000        30.386357567528275     
   59.750000000000000        31.680050502578180     
   60.000000000000000        33.267027359878597     
   60.250000000000000        35.139939903594161     
   60.500000000000000        37.287366988584267     
   60.750000000000000        39.696869242382014     
   61.000000000000000        42.356007292520474     
   61.250000000000000        45.252341766532751     
   61.500000000000000        48.373433291951919     
   61.750000000000000        51.706842496311062     
   62.000000000000000        55.240130007143279     
   62.250000000000000        58.960563338403645     
   62.500000000000000        62.854237549735217     
   62.750000000000000        66.906954587203018     
   63.000000000000000        71.104516396872114     
   63.250000000000000        75.432138697651524     
   63.500000000000000        79.872692299826227     
   63.750000000000000        84.408461786525194     
   64.000000000000000        89.021731740877343     
   64.250000000000000        93.694493632433677     
   64.500000000000000        98.407566476433075     
   64.750000000000000        103.14147617453645     
   65.000000000000000        107.87674862840475     
   65.250000000000000        112.59390973969887     
   65.500000000000000        117.27348541007973     
   65.750000000000000        121.89600154120828     
   66.000000000000000        126.44198403474537     
   66.250000000000000        130.89262766816728     
   66.500000000000000        135.23180272221154     
   66.750000000000000        139.44404835343107     
   67.000000000000000        143.51390371837863     
   67.250000000000000        147.42724572523787     
   67.500000000000000        151.17530228871482     
   67.750000000000000        154.75063907514632     
   68.000000000000000        158.14582175086915     
   68.250000000000000        161.35408485803538     
   68.500000000000000        164.37133844205846     
   68.750000000000000        167.19416142416708     
   69.000000000000000        169.81913272559007     
   69.250000000000000        172.24283126755603     
   69.500000000000000        174.46183597129385     
   69.750000000000000        176.47272575803217     
   70.000000000000000        178.27207954899976     
   70.250000000000000        179.85738401506089     
   70.500000000000000        181.22975682562162     
   70.750000000000000        182.39122339972369     
   71.000000000000000        183.34380915640881     
   71.250000000000000        184.09135501398958     
   71.500000000000000        184.64496388786262     
   71.750000000000000        185.01755419269537     
   72.000000000000000        185.22204434315546     
   72.250000000000000        185.27226050354588     
   72.500000000000000        185.18565983671161     
   72.750000000000000        184.98060725513309     
   73.000000000000000        184.67546767129090     
   73.250000000000000        184.28860599766540     
   73.500000000000000        183.83838714673709     
   73.750000000000000        183.34317603098646     
   74.000000000000000        182.82133756289400     
   74.250000000000000        182.29138124372545     
   74.500000000000000        181.77239492988821     
   74.750000000000000        181.28361106657485     
   75.000000000000000        180.84426209897788     
   75.250000000000000        180.47386964986077     
   75.500000000000000        180.19311205226973     
   75.750000000000000        180.02295681682151     
   76.000000000000000        179.98437145413322     
   76.250000000000000        180.09846806360699     
   76.500000000000000        180.38693709978665     
   76.750000000000000        180.87161360600115     
   77.000000000000000        181.57433262557961     
   77.250000000000000        182.51692920185110     
   77.500000000000000        183.72123837814465     
   77.750000000000000        185.20909519778937     
   78.000000000000000        187.00233470411430     
   78.250000000000000        189.12200627413702     
   78.500000000000000        191.58601661962925     
   78.750000000000000        194.41148678605114     
   79.000000000000000        197.61553781886292     
   79.250000000000000        201.21371943090185     
   79.500000000000000        205.21529600451331     
   79.750000000000000        209.62796058941987     
   80.000000000000000        214.45940623534398     
   80.250000000000000        219.71654032569660     
   80.500000000000000        225.40312757864297     
   80.750000000000000        231.52214704603654     
   81.000000000000000        238.07657777973105     
   81.250000000000000        245.06939883158006     
   81.500000000000000        252.50358925343724     
   81.750000000000000        260.38212809715623     
   82.000000000000000        268.70799441459064     
   82.250000000000000        277.48311898947804     
   82.500000000000000        286.70523953309208     
   82.750000000000000        296.37104548859020     
   83.000000000000000        306.47722629913017     
   83.250000000000000        317.01837487163738     
   83.500000000000000        327.98069796810944     
   83.750000000000000        339.34830581431169     
   84.000000000000000        351.10530863600962     
   84.250000000000000        363.23476839085271     
   84.500000000000000        375.71555396402647     
   84.750000000000000        388.52548597260005     
   85.000000000000000        401.64238503364311     
   85.250000000000000        415.04407176422490     
   85.500000000000000        428.70836678141495     
   85.750000000000000        442.61309070228265     
   86.000000000000000        456.73606414389724     
   86.250000000000000        471.05461565912412     
   86.500000000000000        485.54410554401130     
   86.750000000000000        500.17940203040297     
   87.000000000000000        514.93537335014310     
   87.250000000000000        529.78590360666703     
   87.500000000000000        544.70094038977663     
   87.750000000000000        559.64944716086518     
   88.000000000000000        574.60038738132539     
   88.250000000000000        589.52223244834670     
   88.500000000000000        604.38148550230096     
   88.750000000000000        619.14415761935572     
   89.000000000000000        633.77625987567910     
   89.250000000000000        648.24380334743864     
   89.500000000000000        662.51279911080235     
   89.750000000000000        676.54925824193754     
   90.000000000000000        690.31919181701244     
   90.250000000000000        703.78907862110793     
   90.500000000000000        716.92726827495903     
   90.750000000000000        729.70257810821363     
   91.000000000000000        742.08382545051984     
   91.250000000000000        754.04076304935279     
   91.500000000000000        765.54688532349417     
   91.750000000000000        776.57662210955289     
   92.000000000000000        787.10440324413787     
   92.250000000000000        797.10512627277126     
   92.500000000000000        806.55555957662887     
   92.750000000000000        815.43293924579962     
   93.000000000000000        823.71450137037300     
   93.250000000000000        831.37748204043783     
   93.500000000000000        838.39911734608347     
   93.750000000000000        844.75664337739875     
   94.000000000000000        850.42729622447314     
   94.250000000000000        855.38942048039314     
   94.500000000000000        859.62579475023551     
   94.750000000000000        863.12030614207424     
   95.000000000000000        865.85684176398320     
   95.250000000000000        867.82150573003173     
   95.500000000000000        869.00927017826871     
   95.750000000000000        869.41732425273790     
   96.000000000000000        869.04285709748353     
   96.250000000000000        867.88416635954684     
   96.500000000000000        865.94398369795942     
   96.750000000000000        863.22614927474979     
   97.000000000000000        859.73450325194699     
   97.250000000000000        855.47288579157998     
   97.500000000000000        850.44513705567772     
   97.750000000000000        844.65509720626892     
   98.000000000000000        838.10660640538242     
   98.250000000000000        830.80456083218553     
   98.500000000000000        822.75808073439850     
   98.750000000000000        813.97734237687962     
   99.000000000000000        804.47252202448772     
   99.250000000000000        794.25590797635800     
   99.500000000000000        783.34823666873149     
   99.750000000000000        771.77235657212611     
   100.00000000000000        759.55111615706005     
   100.25000000000000        746.70841991118937     
   100.50000000000000        733.27239639072320     
   100.75000000000000        719.27223016900916     
   101.00000000000000        704.73710581939497     
   101.25000000000000        689.69620791522823     
   101.50000000000000        674.17872102985598     
   101.75000000000000        658.21382973662662     
   102.00000000000000        641.83071860888708     
   102.25000000000000        625.05896301444102     
   102.50000000000000        607.92970149891528     
   102.75000000000000        590.47446340239219     
   103.00000000000000        572.72477806495431     
   103.25000000000000        554.71295641559584     
   103.50000000000000        536.47443573895782     
   103.75000000000000        518.04543490859248     
   104.00000000000000        499.46217279805239     
   104.25000000000000        480.76125907534589     
   104.50000000000000        461.98086658630461     
   104.75000000000000        443.15955897121603     
   105.00000000000000        424.33589987036765     
   105.25000000000000        405.54845292404679     
   105.50000000000000        386.83578177254111     
   105.75000000000000        368.23645005613781     
   106.00000000000000        349.78902141512464     
   106.25000000000000        331.53162984336814     
   106.50000000000000        313.50069074905252     
   106.75000000000000        295.73218989394110     
   107.00000000000000        278.26211303979727     
   107.25000000000000        261.12558665554303     
   107.50000000000000        244.35430003873486     
   107.75000000000000        227.97908319408813     
   108.00000000000000        212.03076612631787     
   108.25000000000000        196.53974919371868     
   108.50000000000000        181.53471416890224     
   108.75000000000000        167.04391317805977     
   109.00000000000000        153.09559834738229     
   109.25000000000000        139.71802180306096     
   109.50000000000000        126.93943567128684     
   109.75000000000000        114.78809207825107     
   110.00000000000000        103.29224315014471     
   110.25000000000000        92.479201797434456     
   110.50000000000000        82.372524067689284     
   110.75000000000000        72.994826792753742     
   111.00000000000000        64.368726804472416     
   111.25000000000000        56.514962503240987     
   111.50000000000000        49.446758563659770     
   111.75000000000000        43.175461228880216     
   112.00000000000000        37.712416742053797     
   112.25000000000000        33.068032130607541     
   112.50000000000000        29.248957559070792     
   112.75000000000000        26.260903976248464     
   113.00000000000000        24.109582330945472     
   113.25000000000000        22.800703571966725     
   113.50000000000000        22.339978648117139     
   113.75000000000000        22.733118508201621     
   114.00000000000000        23.985834101025091     
   114.25000000000000        26.102892315866590     
   114.50000000000000        29.085283803901671     
   114.75000000000000        32.933055156780014     
   115.00000000000000        37.646252966151302     
   115.25000000000000        43.223035704613473     
   115.50000000000000        49.654009368557475     
   115.75000000000000        56.927891835322548     
   116.00000000000000        65.033400982247883     
   116.25000000000000        73.958310627146858     
   116.50000000000000        83.686618349729287     
   116.75000000000000        94.201377670179184     
   117.00000000000000        105.48564210868054     
   117.25000000000000        117.52246518541730     
   117.50000000000000        130.29490042057350     
   117.75000000000000        143.78600133433309     
   118.00000000000000        157.97882144688006     
   118.25000000000000        172.85592149767399     
   118.50000000000000        188.39789110327695     
   118.75000000000000        204.58482709952659     
   119.00000000000000        221.39682632226058     
   119.25000000000000        238.81300004586780     
   119.50000000000000        256.80851729894198     
   119.75000000000000        275.35756154862821     
   120.00000000000000        294.43431626207149     
   120.25000000000000        314.01247212569234     
   120.50000000000000        334.06374870301386     
   120.75000000000000        354.55937277683483     
   121.00000000000000        375.47057112995384     
   121.25000000000000        396.76857054516955     
   121.50000000000000        418.42459780528065     
   121.75000000000000        440.40987969308588     
   122.00000000000000        462.69564299138381     
   122.25000000000000        485.25319254069717     
   122.50000000000000        508.05414541244420     
   122.75000000000000        531.07019673576713     
   123.00000000000000        554.27304163980818     
   123.25000000000000        577.63453136915746     
   123.50000000000000        601.12714163019655     
   123.75000000000000        624.72350424475451     
   124.00000000000000        648.39625103466062     
   124.25000000000000        672.11809187946858     
   124.50000000000000        695.86204888962709     
   124.75000000000000        719.60122223330893     
   125.00000000000000        743.30871207868711     
   125.25000000000000        766.95761859393451     
   125.50000000000000        790.52104194722392     
   125.75000000000000        813.97208230672834     
   126.00000000000000        837.28383984062054     
   126.25000000000000        860.42999133290630     
   126.50000000000000        883.38652003092216     
   126.75000000000000        906.12998579783789     
   127.00000000000000        928.63694849682304     
   127.25000000000000        950.88512122271254     
   127.50000000000000        972.85682999700407     
   127.75000000000000        994.53555407286024     
   128.00000000000000        1015.9047727034441     
   128.25000000000000        1036.9485417577514     
   128.50000000000000        1057.6532235681086     
   128.75000000000000        1078.0057570826755     
   129.00000000000000        1097.9930812496120     
   129.25000000000000        1117.6021350170772     
   129.50000000000000        1136.8198573332309     
   129.75000000000000        1155.6331871462326     
   130.00000000000000        1174.0290634042422     
   130.25000000000000        1191.9951171680934     
   130.50000000000000        1209.5217479493176     
   130.75000000000000        1226.6000473721215     
   131.00000000000000        1243.2211070607109     
   131.25000000000000        1259.3774028646405     
   131.50000000000000        1275.0669475348607     
   131.75000000000000        1290.2891380476703     
   132.00000000000000        1305.0433713793686     
   132.25000000000000        1319.3297366189288     
   132.50000000000000        1333.1510913060222     
   132.75000000000000        1346.5109850929941     
   133.00000000000000        1359.4129676321900     
   133.25000000000000        1371.8605885759555     
   133.50000000000000        1383.8573975766365     
   133.75000000000000        1395.4069442865778     
   134.00000000000000        1406.5127783581256     
   134.25000000000000        1417.1789333228594     
   134.50000000000000        1427.4113782292970     
   134.75000000000000        1437.2165660051924     
   135.00000000000000        1446.6009495782978     
   135.25000000000000        1455.5719496348349     
   135.50000000000000        1464.1408578949022     
   135.75000000000000        1472.3199338370669     
   136.00000000000000        1480.1214369398961     
   136.25000000000000        1487.5581105611916     
   136.50000000000000        1494.6446335756939     
   136.75000000000000        1501.3961687373771     
   137.00000000000000        1507.8278788002167     
   137.25000000000000        1513.9549265181863     
   137.50000000000000        1519.7924746452613     
   137.75000000000000        1525.3556859354160     
   138.00000000000000        1530.6597231426244     
   138.25000000000000        1535.7198852387016     
   138.50000000000000        1540.5520160668184     
   138.75000000000000        1545.1720956879865     
   139.00000000000000        1549.5961041632170     
   139.25000000000000        1553.8402939892001     
   139.50000000000000        1557.9220074053412     
   139.75000000000000        1561.8588590867250     
   140.00000000000000        1565.6684637084352     
   140.25000000000000        1569.3685721633963     
   140.50000000000000        1572.9774802158897     
   140.75000000000000        1576.5136198480363     
   141.00000000000000        1579.9954230419576     
   141.25000000000000        1583.4413217797739     
   141.50000000000000        1586.8697480436067     
   141.75000000000000        1590.2991338155773     

