#TitleText:Ni(001)-(5x5)-Li     Beam (1,4/5)              Rfac10=       1.3280
 IV theory
   72.250000000000000        1792.7565945708129     
   72.500000000000000        1740.0665397306529     
   72.750000000000000        1684.5410674907712     
   73.000000000000000        1626.5255629008793     
   73.250000000000000        1566.3654110106904     
   73.500000000000000        1504.4059968699166     
   73.750000000000000        1440.9927055282703     
   74.000000000000000        1376.4709220354637     
   74.250000000000000        1311.1793198715272     
   74.500000000000000        1245.4297262377636     
   74.750000000000000        1179.5272567657921     
   75.000000000000000        1113.7770270872340     
   75.250000000000000        1048.4707296943454     
   75.500000000000000        983.84636452192672     
   75.750000000000000        920.12850836541361     
   76.000000000000000        857.54173802024275     
   76.250000000000000        796.30391871216818     
   76.500000000000000        736.60606938821616     
   76.750000000000000        678.63249742573078     
   77.000000000000000        622.56751020205650     
   77.250000000000000        568.59541509453720     
   77.500000000000000        516.90051948051700     
   77.750000000000000        467.66713073734036     
   78.000000000000000        421.07955624235137     
   78.250000000000000        377.31140877475787     
   78.500000000000000        336.49352272122292     
   78.750000000000000        298.74603787027326     
   79.000000000000000        264.18909401043561     
   79.250000000000000        232.92144173396423     
   79.500000000000000        204.95627484802338     
   79.750000000000000        180.28539796350503     
   80.000000000000000        158.90061569130086     
   80.250000000000000        140.78303804416652     
   80.500000000000000        125.87099664231268     
   80.750000000000000        114.09212850781367     
   81.000000000000000        105.37407066274389     
   81.250000000000000        99.644460129177759     
   81.500000000000000        96.830933929189641     
   81.750000000000000        96.861129084853914     
   82.000000000000000        99.662682618244958     
   82.250000000000000        105.15957437311829     
   82.500000000000000        113.26115547995391     
   82.750000000000000        123.87311989091300     
   83.000000000000000        136.90116155815670     
   83.250000000000000        152.24366007720832     
   83.500000000000000        169.76973761704033     
   83.750000000000000        189.34120198998738     
   84.000000000000000        210.81986100838404     
   84.250000000000000        234.06386530624613     
   84.500000000000000        258.91673680431393     
   84.750000000000000        285.21834024500885     
   85.000000000000000        312.80854037075216     
   85.250000000000000        341.52720192396555     
   85.500000000000000        371.21418964707010     
   85.750000000000000        401.70936828248739     
   86.000000000000000        432.85260257263877     
   86.250000000000000        464.48651797017919     
   86.500000000000000        496.46478276869823     
   86.750000000000000        528.64382597201904     
   87.000000000000000        560.88007658396441     
   87.250000000000000        593.03548502882518     
   87.500000000000000        624.99408741276022     
   87.750000000000000        656.64544126239605     
   88.000000000000000        687.87910410435939     
   88.250000000000000        718.58739417551033     
   88.500000000000000        748.67367255364320     
   88.750000000000000        778.04406102678661     
   89.000000000000000        806.60468138296835     
   89.250000000000000        834.26165541021692     
   89.500000000000000        860.92110489656034     
   89.750000000000000        886.48915163002698     
   90.000000000000000        910.87191739864500     
   90.250000000000000        933.97951273706281     
   90.500000000000000        955.73800316641041     
   90.750000000000000        976.07744295443740     
   91.000000000000000        994.92788636889384     
   91.250000000000000        1012.2273651707704     
   91.500000000000000        1027.9458210940204     
   91.750000000000000        1042.0611733658370     
   92.000000000000000        1054.5513412134142     
   92.250000000000000        1065.3982326105652     
   92.500000000000000        1074.5997105175857     
   92.750000000000000        1082.1576266413906     
   93.000000000000000        1088.0738326888959     
   93.250000000000000        1092.3501803670165     
   93.500000000000000        1094.9885213826681     
   93.750000000000000        1095.9907074427656     
   94.000000000000000        1095.3585902542247     
   94.250000000000000        1093.0965196603370     
   94.500000000000000        1089.2188380498967     
   94.750000000000000        1083.7423859480746     
   95.000000000000000        1076.6840038800417     
   95.250000000000000        1068.0655286437200     
   95.500000000000000        1057.9287821280388     
   95.750000000000000        1046.3205824946797     
   96.000000000000000        1033.2877479053236     
   96.250000000000000        1018.8795946580275     
   96.500000000000000        1003.1554315963521     
   96.750000000000000        986.17706570023358     
   97.000000000000000        968.00630394960876     
   97.250000000000000        948.70495332441396     
   97.500000000000000        928.33482080458543     
   97.750000000000000        906.95771337005965     
   98.000000000000000        884.63543800077321     
   98.250000000000000        861.43084230034810     
   98.500000000000000        837.41093636715050     
   98.750000000000000        812.64377092323218     
   99.000000000000000        787.19739669064472     
   99.250000000000000        761.14194563881176     
   99.500000000000000        734.55587472664388     
   99.750000000000000        707.51972216042395     
   100.00000000000000        680.11402614643373     
   100.25000000000000        652.42036551464219     
   100.50000000000000        624.52448158976074     
   100.75000000000000        596.51315632018748     
   101.00000000000000        568.47317165432014     
   101.25000000000000        540.49130954055647     
   101.50000000000000        512.65435192729433     
   101.75000000000000        485.04908076293145     
   102.00000000000000        457.76227799586570     
   102.25000000000000        430.88052073313048     
   102.50000000000000        404.48956671630197     
   102.75000000000000        378.67496884559193     
   103.00000000000000        353.52228002121228     
   103.25000000000000        329.11664346064606     
   103.50000000000000        305.54156365046214     
   103.75000000000000        282.88013539450014     
   104.00000000000000        261.21545349659999     
   104.25000000000000        240.63040791923746     
   104.50000000000000        221.20706925943060     
   104.75000000000000        203.02730327283345     
   105.00000000000000        186.17297571510005     
   105.25000000000000        170.72595234188418     
   105.50000000000000        156.76809890883987     
   105.75000000000000        144.38128117162114     
   106.00000000000000        133.64736488588179     
   106.25000000000000        124.64643311774768     
   106.50000000000000        117.45143817523207     
   106.75000000000000        112.13354967682005     
   107.00000000000000        108.76393724099671     
   107.25000000000000        107.41020510719082     
   107.50000000000000        108.12569599860610     
   107.75000000000000        110.96018725938991     
   108.00000000000000        115.96345623368964     
   108.25000000000000        123.18349757612452     
   108.50000000000000        132.66117518320124     
   108.75000000000000        144.43557026189833     
   109.00000000000000        158.54576401919434     
   109.25000000000000        175.03083766206774     
   109.50000000000000        193.92987239749715     
   109.75000000000000        215.28194943246109     
   110.00000000000000        239.12614997393797     
   110.25000000000000        265.49836139540145     
   110.50000000000000        294.42169573630508     
   110.75000000000000        325.91607120259732     
   111.00000000000000        360.00140600022678     
   111.25000000000000        396.69123066813216     
   111.50000000000000        435.97352507721189     
   111.75000000000000        477.82988143135469     
   112.00000000000000        522.24189193444909     
   112.25000000000000        569.18795495687880     
   112.50000000000000        618.63369353500741     
   112.75000000000000        670.54153687169344     
   113.00000000000000        724.87391416979574     
   113.25000000000000        781.59325463217283     
   113.50000000000000        840.66198746168345     
   113.75000000000000        902.04254186118612     
   114.00000000000000        965.69734703353959     
   114.25000000000000        1031.5856171026521     
   114.50000000000000        1099.6537058766280     
   114.75000000000000        1169.8447520846230     
   115.00000000000000        1242.1018944557916     
   115.25000000000000        1316.3618415613867     
   115.50000000000000        1392.5355813410567     
   115.75000000000000        1470.5276715765488     

