#TitleText:Ni(001)-(5x5)-Li     Beam (2/5,2/5)            Rfac10=       0.7810
 IV theory
   40.250000000000000        164.57615400840115     
   40.500000000000000        161.38198966418901     
   40.750000000000000        158.29342482674028     
   41.000000000000000        155.31777697537711     
   41.250000000000000        152.46236358942170     
   41.500000000000000        149.73450214819619     
   41.750000000000000        147.14151013102264     
   42.000000000000000        144.69070501722342     
   42.250000000000000        142.38875215162321     
   42.500000000000000        140.23970834105799     
   42.750000000000000        138.24697825786632     
   43.000000000000000        136.41396657438679     
   43.250000000000000        134.74277369396347     
   43.500000000000000        133.23028294396235     
   43.750000000000000        131.87207338275491     
   44.000000000000000        130.66372406871258     
   44.250000000000000        129.60016192570959     
   44.500000000000000        128.67370533963108     
   44.750000000000000        127.87602056186496     
   45.000000000000000        127.19877384379915     
   45.250000000000000        126.63363143682155     
   45.500000000000000        126.17225959232003     
   45.750000000000000        125.80632456168252     
   46.000000000000000        125.52749259629691     
   46.250000000000000        125.32745921509049     
   46.500000000000000        125.19803700714806     
   46.750000000000000        125.13106782909384     
   47.000000000000000        125.11839353755202     
   47.250000000000000        125.15191452422557     
   47.500000000000000        125.22376532113252     
   47.750000000000000        125.32613899536966     
   48.000000000000000        125.45122861403378     
   48.250000000000000        125.59125651176106     
   48.500000000000000        125.73856209334522     
   48.750000000000000        125.88551403111934     
   49.000000000000000        126.02448099741653     
   49.250000000000000        126.14783166456985     
   49.500000000000000        126.24793470491241     
   49.750000000000000        126.31715879077731     
   50.000000000000000        126.34787259449764     
   50.250000000000000        126.33277835508473     
   50.500000000000000        126.26591257826271     
   50.750000000000000        126.14164533643407     
   51.000000000000000        125.95434670200120     
   51.250000000000000        125.69905388072294     
   51.500000000000000        125.37347261178394     
   51.750000000000000        124.97597576772523     
   52.000000000000000        124.50493622108789     
   52.250000000000000        123.95906041109117     
   52.500000000000000        123.33838904366729     
   52.750000000000000        122.64329639142656     
   53.000000000000000        121.87415672697944     
   53.250000000000000        121.03134432293626     
   53.500000000000000        120.11523345190744     
   53.750000000000000        119.12619838650332     
   54.000000000000000        118.06461339933432     
   54.250000000000000        116.93098815799269     
   54.500000000000000        115.72637390999814     
   54.750000000000000        114.45195729785237     
   55.000000000000000        113.10892496405692     
   55.250000000000000        111.69873434107723     
   55.500000000000000        110.22392602123361     
   55.750000000000000        108.68731138681017     
   56.000000000000000        107.09170182009100     
   56.250000000000000        105.44004409834210     
   56.500000000000000        103.73582657875690     
   56.750000000000000        101.98267301351075     
   57.000000000000000        100.18420715477900     
   57.250000000000000        98.344052754736992     
   57.500000000000000        96.465833565560047     
   57.750000000000000        94.553173339423495     
   58.000000000000000        92.609695828502694     
   58.250000000000000        90.638967794764397     
   58.500000000000000        88.644328039341076     
   58.750000000000000        86.629058373156582     
   59.000000000000000        84.596440607134838     
   59.250000000000000        82.549642571782556     
   59.500000000000000        80.491376175937830     
   59.750000000000000        78.424239348021672     
   60.000000000000000        76.350830016455021     
   60.250000000000000        74.273689119450268     
   60.500000000000000        72.195129634385552     
   60.750000000000000        70.117407548430307     
   61.000000000000000        68.042778848754082     
   61.250000000000000        65.973499522526396     
   61.500000000000000        63.911825556916760     
   61.750000000000000        61.860012939094688     
   62.000000000000000        59.820317656229676     
   62.250000000000000        57.794952865295272     
   62.500000000000000        55.785960402481088     
   62.750000000000000        53.795339273780748     
   63.000000000000000        51.825088485187891     
   63.250000000000000        49.877121382304189     
   63.500000000000000        47.953008669163474     
   63.750000000000000        46.054235389407630     
   64.000000000000000        44.182286586678515     
   64.250000000000000        42.338604474422041     
   64.500000000000000        40.524459945300180     
   64.750000000000000        38.741081061778928     
   65.000000000000000        36.989695886324263     
   65.250000000000000        35.271532481402211     
   65.500000000000000        33.587818909478749     
   65.750000000000000        31.939783233019885     
   66.000000000000000        30.328653514491599     
   66.250000000000000        28.755695140115989     
   66.500000000000000        27.222322791139494     
   66.750000000000000        25.729988472564656     
   67.000000000000000        24.280144189393990     
   67.250000000000000        22.874316594142233     
   67.500000000000000        21.514330929372800     
   67.750000000000000        20.202087085161299     
   68.000000000000000        18.939484951583356     
   68.250000000000000        17.728461742470653     
   68.500000000000000        16.571103966679260     
   68.750000000000000        15.469535456821319     
   69.000000000000000        14.425880045508979     
   69.250000000000000        13.442261565354386     
   69.500000000000000        12.520803848969692     
   69.750000000000000        11.663630728967041     
   70.000000000000000        10.872866037958580     
   70.250000000000000        10.150618065352250     
   70.500000000000000        9.4989329277391406     
   70.750000000000000        8.9198411985061377     
   71.000000000000000        8.4153734510401232     
   71.250000000000000        7.9875291723195607     
   71.500000000000000        7.6381835036892234     
   71.750000000000000        7.3691805000854647     
   72.000000000000000        7.1823642164446415     
   72.250000000000000        7.0795631644988930     
   72.500000000000000        7.0625436831635229     
   72.750000000000000        7.1330565681496179     
   73.000000000000000        7.2928526151682682     
   73.250000000000000        7.5436826199305633     
   73.500000000000000        7.8872973781475926     
   73.750000000000000        8.3254476855304453     
   74.000000000000000        8.8598843377902092     
   74.250000000000000        9.4922179724120710     
   74.500000000000000        10.223498593977595     
   74.750000000000000        11.054636048842450     
   75.000000000000000        11.986540183362296     
   75.250000000000000        13.019840527440985     
   75.500000000000000        14.154045345175140     
   75.750000000000000        15.388382584209573     
   76.000000000000000        16.722080192189093     
   76.250000000000000        18.154225958532606     
   76.500000000000000        19.683347039755400     
   76.750000000000000        21.307830434146865     
   77.000000000000000        23.026063139996385     
   77.250000000000000        24.836432155593339     
   77.500000000000000        26.737324479227119     
   77.750000000000000        28.727127109187101     
   78.000000000000000        30.804227043762687     
   78.250000000000000        32.966846524518282     
   78.500000000000000        35.212548766118481     
   78.750000000000000        37.538732226502916     
   79.000000000000000        39.942795363611225     
   79.250000000000000        42.421807121933085     
   79.500000000000000        44.971518392158565     
   79.750000000000000        47.587350551527770     
   80.000000000000000        50.264724977280807     
   80.250000000000000        52.998898289932846     
   80.500000000000000        55.784468083099199     
   80.750000000000000        58.615867193670219     
   81.000000000000000        61.487528458536275     
   81.250000000000000        64.393884714587713     
   81.500000000000000        67.329368798714924     
   81.750000000000000        70.288413547808233     
   82.000000000000000        73.265451798758008     
   82.250000000000000        76.254910901453314     
   82.500000000000000        79.251196257777877     
   82.750000000000000        82.248707782614161     
   83.000000000000000        85.241845390844659     
   83.250000000000000        88.224998023349144     
   83.500000000000000        91.192510724996893     
   83.750000000000000        94.138717566654535     
   84.000000000000000        97.057952619188697     
   84.250000000000000        99.944544466464706     
   84.500000000000000        102.79279974434260     
   84.750000000000000        105.59701960168110     
   85.000000000000000        108.35150518733893     
   85.250000000000000        111.05055765017482     
   85.500000000000000        113.68847813904750     
   85.750000000000000        116.25956780281570     
   86.000000000000000        118.75812779033809     
   86.250000000000000        121.17864824126387     
   86.500000000000000        123.51637525840381     
   86.750000000000000        125.76674393535914     
   87.000000000000000        127.92518936573109     
   87.250000000000000        129.98752462470168     
   87.500000000000000        131.95107471377631     
   87.750000000000000        133.81354261604119     
   88.000000000000000        135.57263131458251     
   88.250000000000000        137.22623278327691     
   88.500000000000000        138.77299495916267     
   88.750000000000000        140.21175477006852     
   89.000000000000000        141.54134914382314     
   89.250000000000000        142.76061500825526     
   89.500000000000000        143.86838929119349     
   89.750000000000000        144.86350892046667     
   90.000000000000000        145.74481082390341     
   90.250000000000000        146.51137796005037     
   90.500000000000000        147.16327741032603     
   90.750000000000000        147.70082228686670     
   91.000000000000000        148.12432570180860     
   91.250000000000000        148.43459282872413     
   91.500000000000000        148.63439708692897     
   91.750000000000000        148.72700395717473     
   92.000000000000000        148.71567892021315     
   92.250000000000000        148.60393348751367     
   92.500000000000000        148.39626329341766     
   92.750000000000000        148.09741000298442     
   93.000000000000000        147.71211528127321     
   93.250000000000000        147.24512079334332     
   93.500000000000000        146.70116820425406     
   93.750000000000000        146.08499917906462     
   94.000000000000000        145.40135538283434     
   94.250000000000000        144.65509329292541     
   94.500000000000000        143.85152863591159     
   94.750000000000000        142.99609195066978     
   95.000000000000000        142.09421377607671     
   95.250000000000000        141.15155427561498     
   95.500000000000000        140.17469211119052     
   95.750000000000000        139.17043556931512     
   96.000000000000000        138.14559293650052     
   96.250000000000000        137.10708731156143     
   96.500000000000000        136.06230104252418     
   96.750000000000000        135.01873128971806     
   97.000000000000000        133.98387521347229     
   97.250000000000000        132.96522997411620     
   97.500000000000000        131.97029273197904     
   97.750000000000000        131.00656064739007     
   98.000000000000000        130.08153088067854     
   98.250000000000000        129.20258631265037     
   98.500000000000000        128.37665270601806     
   98.750000000000000        127.61054154397071     
   99.000000000000000        126.91106430969748     
   99.250000000000000        126.28480392734080     
   99.500000000000000        125.73742908485622     
   99.750000000000000        125.27437991115255     
   100.00000000000000        124.90109653513873     
   100.25000000000000        124.62290480620021     
   100.50000000000000        124.44467345562909     
   100.75000000000000        124.37115693519407     
   101.00000000000000        124.40710969666385     
   101.25000000000000        124.55728619180721     
   101.50000000000000        124.82644087239281     
   101.75000000000000        125.21932819018940     
   102.00000000000000        125.74070259696573     
   102.25000000000000        126.39504836092382     
   102.50000000000000        127.18576901599930     
   102.75000000000000        128.11599791256111     
   103.00000000000000        129.18886840097818     
   103.25000000000000        130.40697346448621     
   103.50000000000000        131.77074461778790     
   103.75000000000000        133.28007300845263     
   104.00000000000000        134.93484978404987     
   104.25000000000000        136.73469590858232     
   104.50000000000000        138.67815161178632     
   104.75000000000000        140.76348693983149     
   105.00000000000000        142.98897193888749     
   105.25000000000000        145.35287665512399     
   105.50000000000000        147.85347113471047     
   105.75000000000000        150.48902542381677     
   106.00000000000000        153.25780956861252     
   106.25000000000000        156.15784706771819     
   106.50000000000000        159.18617522955822     
   106.75000000000000        162.33958481500781     
   107.00000000000000        165.61486658494223     
   107.25000000000000        169.00831820513866     
   107.50000000000000        172.51426496098165     
   107.75000000000000        176.12653904275783     

