#TitleText:Ni(001)-(5x5)-Li     Beam (3/5,0)              Rfac10=       0.2520
 IV theory
   35.250000000000000        621.84816534462186     
   35.500000000000000        599.62901545907766     
   35.750000000000000        577.73326589143971     
   36.000000000000000        556.20192316642840     
   36.250000000000000        535.07770251646696     
   36.500000000000000        514.41015400479228     
   36.750000000000000        494.25053640234466     
   37.000000000000000        474.65010848006432     
   37.250000000000000        455.66012900889132     
   37.500000000000000        437.33185675976517     
   37.750000000000000        419.71655050362489     
   38.000000000000000        402.86546901140963     
   38.250000000000000        386.82791230148166     
   38.500000000000000        371.64534538189349     
   38.750000000000000        357.35727450812112     
   39.000000000000000        344.00320593563993     
   39.250000000000000        331.61872841477106     
   39.500000000000000        320.22376067521725     
   39.750000000000000        309.83430394152623     
   40.000000000000000        300.46635943824595     
   40.250000000000000        292.13396963734709     
   40.500000000000000        284.84334200049113     
   40.750000000000000        278.59872523676222     
   41.000000000000000        273.40436805524445     
   41.250000000000000        269.26451916502208     
   41.500000000000000        266.18342727517904     
   41.750000000000000        264.16534109479966     
   42.000000000000000        263.21450933296791     
   42.250000000000000        263.33250998746672     
   42.500000000000000        264.51023821087358     
   42.750000000000000        266.73591844446480     
   43.000000000000000        269.99777512951636     
   43.250000000000000        274.27869128470201     
   43.500000000000000        279.54018423828450     
   43.750000000000000        285.73842989592436     
   44.000000000000000        292.82960416328177     
   44.250000000000000        300.76721223471588     
   44.500000000000000        309.49407645938021     
   44.750000000000000        318.95034847512716     
   45.000000000000000        329.07617991980914     
   45.250000000000000        339.81172243127844     
   45.500000000000000        351.09712764738771     
   45.750000000000000        362.87254720598895     
   46.000000000000000        375.07813274493475     
   46.250000000000000        387.65392955113111     
   46.500000000000000        400.53955750769853     
   46.750000000000000        413.67453014681155     
   47.000000000000000        426.99836100064437     
   47.250000000000000        440.45035089947839     
   47.500000000000000        453.96894986602473     
   47.750000000000000        467.49239522110128     
   48.000000000000000        480.95892428552628     
   48.250000000000000        494.30666802917148     
   48.500000000000000        507.47333201812319     
   48.750000000000000        520.39651546752157     
   49.000000000000000        533.01381759250671     
   49.250000000000000        545.26283760821843     
   49.500000000000000        557.08117472979689     
   49.750000000000000        568.40642817238222     
   50.000000000000000        579.17619715111448     
   50.250000000000000        589.33054614667799     
   50.500000000000000        598.81940070193411     
   50.750000000000000        607.59515162528930     
   51.000000000000000        615.61018972514944     
   51.250000000000000        622.82183634100898     
   51.500000000000000        629.20713493671735     
   51.750000000000000        634.74805950721236     
   52.000000000000000        639.42658404743202     
   52.250000000000000        643.22714781785851     
   52.500000000000000        646.14405114115141     
   52.750000000000000        648.17405960551457     
   53.000000000000000        649.31393879915186     
   53.250000000000000        649.56045431026712     
   53.500000000000000        648.91037172706422     
   53.750000000000000        647.36045663774701     
   54.000000000000000        644.90747463051935     
   54.250000000000000        641.55042890613265     
   54.500000000000000        637.29727311552790     
   54.750000000000000        632.15819852219340     
   55.000000000000000        626.14339638961781     
   55.250000000000000        619.26753320638443     
   55.500000000000000        611.56317636145627     
   55.750000000000000        603.06736846889089     
   56.000000000000000        593.81715214274595     
   56.250000000000000        583.85180760962692     
   56.500000000000000        573.21956554632834     
   56.750000000000000        561.97089424219268     
   57.000000000000000        550.15626198656253     
   57.250000000000000        537.82613706877987     
   57.500000000000000        525.03098777818730     
   57.750000000000000        511.82128240412692     
   58.000000000000000        498.24748923594137     
   58.250000000000000        484.35982423824680     
   58.500000000000000        470.20749407675595     
   58.750000000000000        455.83945309245570     
   59.000000000000000        441.30465562633265     
   59.250000000000000        426.65155136992161     
   59.500000000000000        411.92657141695020     
   59.750000000000000        397.17564221169386     
   60.000000000000000        382.44469019842808     
   60.250000000000000        367.77938949670238     
   60.500000000000000        353.22440492716277     
   60.750000000000000        338.82414898572921     
   61.000000000000000        324.62303416832145     
   61.250000000000000        310.66547297085953     
   61.500000000000000        296.99587788926357     
   61.750000000000000        283.65866141945315     
   62.000000000000000        270.69823605734848     
   62.250000000000000        258.15699179328556     
   62.500000000000000        246.06922859526543     
   62.750000000000000        234.46722392570524     
   63.000000000000000        223.38325524702222     
   63.250000000000000        212.84555501046592     
   63.500000000000000        202.86617562261569     
   63.750000000000000        193.45312447888313     
   64.000000000000000        184.61440897468000     
   64.250000000000000        176.35601399983420     
   64.500000000000000        168.67583442183852     
   64.750000000000000        161.56974260260179     
   65.000000000000000        155.03361090403305     
   65.250000000000000        149.06331168804124     
   65.500000000000000        143.65471731653528     
   65.750000000000000        138.80370015142415     
   66.000000000000000        134.50613255461678     
   66.250000000000000        130.75653667388892     
   66.500000000000000        127.54403380048360     
   66.750000000000000        124.85639501151059     
   67.000000000000000        122.68139138407969     
   67.250000000000000        121.00409356703432     
   67.500000000000000        119.79877049615236     
   67.750000000000000        119.03699067894530     
   68.000000000000000        118.69032262292465     
   68.250000000000000        118.72898462146871     
   68.500000000000000        119.11779411142298     
   68.750000000000000        119.82021831549987     
   69.000000000000000        120.79972445641167     
   69.250000000000000        122.01977975687073     
   69.500000000000000        123.44385143958941     
   69.750000000000000        125.03540672728003     
   70.000000000000000        126.75791284265495     
   70.250000000000000        128.57553919850358     
   70.500000000000000        130.45526396792332     
   70.750000000000000        132.36476751408878     
   71.000000000000000        134.27173020017449     
   71.250000000000000        136.14523676950901     
   71.500000000000000        137.95998948603716     
   71.750000000000000        139.69209499385786     
   72.000000000000000        141.31765993706995     
   72.250000000000000        142.81349314984945     
   72.500000000000000        144.15921222668032     
   72.750000000000000        145.33513695212366     
   73.000000000000000        146.32158711074061     
   73.250000000000000        147.09888248709217     
   73.500000000000000        147.64734286573943     
   73.750000000000000        147.94728803124349     
   74.000000000000000        147.97903776816543     
   74.250000000000000        147.72479192442376     
   74.500000000000000        147.17427060136703     
   74.750000000000000        146.31907396370110     
   75.000000000000000        145.15080217613203     
   75.250000000000000        143.66481553008066     
   75.500000000000000        141.87151482382779     
   75.750000000000000        139.78506098236912     
   76.000000000000000        137.41961493070033     
   76.250000000000000        134.79121765717466     
   76.500000000000000        131.92343040357517     
   76.750000000000000        128.84169447504246     
   77.000000000000000        125.57145117671715     
   77.250000000000000        122.13814181373981     
   77.500000000000000        118.56720769125100     
   77.750000000000000        114.88409011439138     
   78.000000000000000        111.11423038830149     
   78.250000000000000        107.28410395094441     
   78.500000000000000        103.42432277157310     
   78.750000000000000        99.566532952262989     
   79.000000000000000        95.742380595089500     
   79.250000000000000        91.985580067773043     
   79.500000000000000        88.338118800613756     
   79.750000000000000        84.844052489556788     
   80.000000000000000        81.547436830547255     
   80.250000000000000        78.493361652352718     
   80.500000000000000        75.731053315030692     
   80.750000000000000        73.310772311461179     
   81.000000000000000        71.282779134524063     
   81.250000000000000        69.697334277099372     
   81.500000000000000        68.604698232067065     
   81.750000000000000        68.055131492307069     
   82.000000000000000        68.098894550699384     
   82.250000000000000        68.785314661174326     
   82.500000000000000        70.159986121863795     
   82.750000000000000        72.267569991950054     
   83.000000000000000        75.152727330615349     
   83.250000000000000        78.858252719142698     
   83.500000000000000        83.419474827218195     
   83.750000000000000        88.869855846628681     
   84.000000000000000        95.242857969161008     
   84.250000000000000        102.57101014765242     
   84.500000000000000        110.88310837914163     
   84.750000000000000        120.20701542171783     
   85.000000000000000        130.57059403347014     
   85.250000000000000        142.00170697248771     
   85.500000000000000        154.52821699685964     
   85.750000000000000        168.17798686467515     
   86.000000000000000        182.97887933402333     
   86.250000000000000        198.95652275592272     
   86.500000000000000        216.12760785310923     
   86.750000000000000        234.50659094124816     
   87.000000000000000        254.10792833600482     
   87.250000000000000        274.94160753890327     
   87.500000000000000        296.99974079490238     
   87.750000000000000        320.26997153481977     
   88.000000000000000        344.73994318947314     
   88.250000000000000        370.39506478260950     
   88.500000000000000        397.21180770969306     
   88.750000000000000        425.16440895911774     
   89.000000000000000        454.22710551927747     
   89.250000000000000        484.37413437856600     
   89.500000000000000        515.57973252537704     
   89.750000000000000        547.81813694810432     
   90.000000000000000        581.06358463514175     
   90.250000000000000        615.28846481044877     
   90.500000000000000        650.45777564024729     
   90.750000000000000        686.53466752632517     
   91.000000000000000        723.48229087047014     
   91.250000000000000        761.26010054560118     
   91.500000000000000        799.81276930916238     
   91.750000000000000        839.08127438972986     
   92.000000000000000        879.00659301587859     
   92.250000000000000        919.52785465174998     
   92.500000000000000        960.57679770374818     
   92.750000000000000        1002.0833128138422     
   93.000000000000000        1043.9772906240016     
   93.250000000000000        1086.1886217761960     
   93.500000000000000        1128.6471969123952     
   93.750000000000000        1171.2829066745680     
   94.000000000000000        1214.0256417046849     
   94.250000000000000        1256.8051528394806     
   94.500000000000000        1299.5506316947576     
   94.750000000000000        1342.1911300810834     
   95.000000000000000        1384.6556998090261     
   95.250000000000000        1426.8731130786866     
   95.500000000000000        1468.7710236482965     
   95.750000000000000        1510.2768056656216     
   96.000000000000000        1551.3178332784262     
   96.250000000000000        1591.8213408292418     
   96.500000000000000        1631.7140034396655     
   96.750000000000000        1670.9223564260606     
   97.000000000000000        1709.3729351047909     
   97.250000000000000        1746.9922747922194     
   97.500000000000000        1783.7069108047097     
   97.750000000000000        1819.4433784586251     
   98.000000000000000        1854.1282130703289     
   98.250000000000000        1887.6896205620055     
   98.500000000000000        1920.0624892791213     
   98.750000000000000        1951.1833781729642     
   99.000000000000000        1980.9888461948219     
   99.250000000000000        2009.4187935076229     
   99.500000000000000        2036.4264851208620     
   99.750000000000000        2061.9685272556744     
   100.00000000000000        2086.0015261331960     
   100.25000000000000        2108.4837585803839     
   100.50000000000000        2129.3801838474760     
   100.75000000000000        2148.6574317905329     
   101.00000000000000        2166.2821322656150     
   101.25000000000000        2182.2209151287807     
   101.50000000000000        2196.4404102360904     
   101.75000000000000        2208.9072474436048     
   102.00000000000000        2219.5880566073829     
   102.25000000000000        2228.4519081378330     
   102.50000000000000        2235.4776346627564     
   102.75000000000000        2240.6465093643028     
   103.00000000000000        2243.9398054246221     
   103.25000000000000        2245.3436771345600     
   103.50000000000000        2244.8638032197500     
   103.75000000000000        2242.5107435145210     
   104.00000000000000        2238.2950578532018     
   104.25000000000000        2232.2297466244709     
   104.50000000000000        2224.3375724343987     
   104.75000000000000        2214.6437384434043     
   105.00000000000000        2203.1734478119070     
   105.25000000000000        2189.9519037003256     
   105.50000000000000        2175.0043092690794     
   105.75000000000000        2158.3558676785879     
   106.00000000000000        2140.0317820892697     
   106.25000000000000        2120.0590148344809     
   106.50000000000000        2098.4715649393247     
   106.75000000000000        2075.3051906018413     
   107.00000000000000        2050.5956500200700     
   107.25000000000000        2024.3822197379245     
   107.50000000000000        1996.7182496828129     
   107.75000000000000        1967.6606081280170     
   108.00000000000000        1937.2661633468178     
   108.25000000000000        1905.5935427854340     
   108.50000000000000        1872.7084105818305     
   108.75000000000000        1838.6781900469102     
   109.00000000000000        1803.5703044915751     
   109.25000000000000        1767.4521772267276     
   109.50000000000000        1730.3912315632699     
   109.75000000000000        1692.4548908121044     
   110.00000000000000        1653.7105782841331     
   110.25000000000000        1614.2260158448103     
   110.50000000000000        1574.0701195777956     
   110.75000000000000        1533.3121041213010     
   111.00000000000000        1492.0211841135372     
   111.25000000000000        1450.2671713018194     
   111.50000000000000        1408.1222658698741     
   111.75000000000000        1365.6592651105314     
   112.00000000000000        1322.9509663166207     
   112.25000000000000        1280.0704653355237     
   112.50000000000000        1237.0920522328279     
   112.75000000000000        1194.0903156286722     
   113.00000000000000        1151.1398441431957     
   113.25000000000000        1108.3152263965376     
   113.50000000000000        1065.6910510088369     
   113.75000000000000        1023.3419066002325     
   114.00000000000000        981.34238179086356     
   114.25000000000000        939.76588182240357     
   114.50000000000000        898.68107842266386     
   114.75000000000000        858.15545994099068     
   115.00000000000000        818.25651472672962     
   115.25000000000000        779.04936437229594     
   115.50000000000000        740.58966344238024     
   115.75000000000000        702.93069974474236     
   116.00000000000000        666.12576108714211     
   116.25000000000000        630.22695189887361     
   116.50000000000000        595.28164309536908     
   116.75000000000000        561.33602221359536     
   117.00000000000000        528.43627679051895     
   117.25000000000000        496.62859436310669     
   117.50000000000000        465.95916246832502     
   117.75000000000000        436.47416864314079     
   118.00000000000000        408.21980042452077     
   118.25000000000000        381.24030855617974     
   118.50000000000000        355.57219660882566     
   118.75000000000000        331.25003135991449     
   119.00000000000000        308.30837958690245     
   119.25000000000000        286.77793448074215     
   119.50000000000000        266.67389488637212     
   119.75000000000000        248.00758606222735     
   120.00000000000000        230.79033326674283     
   120.25000000000000        215.03152496510182     
   120.50000000000000        200.73280244948060     
   120.75000000000000        187.89387021880347     
   121.00000000000000        176.51443277199493     
   121.25000000000000        166.59419460797946     
   121.50000000000000        158.13286022568150     
   121.75000000000000        151.13013412402546     
   122.00000000000000        145.58572080193579     
   122.25000000000000        141.49765078020579     
   122.50000000000000        138.85725866710413     
   122.75000000000000        137.65420509276836     
   123.00000000000000        137.87815068733596     
   123.25000000000000        139.51540812468221     
   123.50000000000000        142.53889825363305     
   123.75000000000000        146.91819396675214     
   124.00000000000000        152.62286815660323     
   124.25000000000000        159.62081973761883     
   124.50000000000000        167.87325171170684     
   124.75000000000000        177.33969310264405     
   125.00000000000000        187.97967293420717     
   125.25000000000000        199.75272023017303     
   125.50000000000000        212.61836401431836     
   125.75000000000000        226.53613331041993     
   126.00000000000000        241.46555714225451     
   126.25000000000000        257.36545804221521     
   126.50000000000000        274.19183257716071     
   126.75000000000000        291.89997082256588     
   127.00000000000000        310.44516285390569     
   127.25000000000000        329.78128576388804     
   127.50000000000000        349.85656471415143     
   127.75000000000000        370.61781188356736     
   128.00000000000000        392.01183945100706     
   128.25000000000000        413.98475310395850     
   128.50000000000000        436.47983256437487     
   128.75000000000000        459.43965106282570     
   129.00000000000000        482.80678182988072     
   129.25000000000000        506.52379809610949     
   129.50000000000000        530.53327309208157     
   129.75000000000000        554.77778004836671     
   130.00000000000000        579.19989219553463     
   130.25000000000000        603.74262793070989     
   130.50000000000000        628.35078631723866     
   130.75000000000000        652.96961158502222     
   131.00000000000000        677.54434796396140     
   131.25000000000000        702.02113001706834     
   131.50000000000000        726.34965363979666     
   131.75000000000000        750.48050506071104     
   132.00000000000000        774.36427050837540     
   132.25000000000000        797.95198137790987     
   132.50000000000000        821.19644973065499     
   132.75000000000000        844.05093279450682     
   133.00000000000000        866.46868779736099     
   133.25000000000000        888.40297196711390     
   133.50000000000000        909.80704253166130     
   133.75000000000000        930.63415671889925     
   134.00000000000000        950.83757175672395     
   134.25000000000000        970.37177172805059     
   134.50000000000000        989.19614813587191     
   134.75000000000000        1007.2713193382001     
   135.00000000000000        1024.5579036930480     
   135.25000000000000        1041.0189732684667     
   135.50000000000000        1056.6274149726619     
   135.75000000000000        1071.3585694238786     
   136.00000000000000        1085.1877772403618     
   136.25000000000000        1098.0916058953762     
   136.50000000000000        1110.0515302822635     
   136.75000000000000        1121.0502521493850     
   137.00000000000000        1131.0704732451015     
   137.25000000000000        1140.0948953177749     
   137.50000000000000        1148.1062201157661     
   137.75000000000000        1155.0871493874367     
   138.00000000000000        1161.0203848811477     
   138.25000000000000        1165.8900795424599     
   138.50000000000000        1169.6861911057338     
   138.75000000000000        1172.4001285025281     
   139.00000000000000        1174.0233006644025     
   139.25000000000000        1174.5500189173160     
   139.50000000000000        1173.9862041648250     
   139.75000000000000        1172.3406797048849     
   140.00000000000000        1169.6222688354521     
   140.25000000000000        1165.8412460516815     
   140.50000000000000        1161.0136906375285     
   140.75000000000000        1155.1571330741458     
   141.00000000000000        1148.2891038426883     
   141.25000000000000        1140.4271334243097     
   141.50000000000000        1131.5887523001636     
   141.75000000000000        1121.7914909514047     
   142.00000000000000        1111.0528798591868     
   142.25000000000000        1099.3914907408573     
   142.50000000000000        1086.8300602585398     
   142.75000000000000        1073.3923663105504     
   143.00000000000000        1059.1021867952063     
   143.25000000000000        1043.9853820832116     
   143.50000000000000        1028.0761424348209     
   143.75000000000000        1011.4107405826767     
   144.00000000000000        994.02544925942095     
   144.25000000000000        975.95758243388968     
   144.50000000000000        957.24861901969439     
   144.75000000000000        937.94107916663984     
   145.00000000000000        918.07748302453069     
   145.25000000000000        897.70035074317229     
   145.50000000000000        876.85220247236953     
   145.75000000000000        855.57555836192751     

