<<<<<<< HEAD
#TitleText:Ni(001)-(5x5)-Li     Beam (2/5,1/5)            Rfac10=       0.7331
 IV theory
   40.250000000000000        27.936715031018306     
   40.500000000000000        27.014694689767310     
   40.750000000000000        26.401761974713086     
   41.000000000000000        26.091497747650184     
   41.250000000000000        26.077482870373110     
   41.500000000000000        26.353298204676413     
   41.750000000000000        26.912524612354613     
   42.000000000000000        27.748742955202243     
   42.250000000000000        28.855696908341844     
   42.500000000000000        30.227781400208052     
   42.750000000000000        31.859554172563524     
   43.000000000000000        33.745572967170901     
   43.250000000000000        35.880721152448899     
   43.500000000000000        38.261184603440348     
   43.750000000000000        40.883474821844167     
   44.000000000000000        43.744103309359254     
   44.250000000000000        46.839744381012530     
   44.500000000000000        50.167723605142982     
   44.750000000000000        53.725529363417650     
   45.000000000000000        57.510650037503567     
   45.250000000000000        61.520574009067722     
   45.500000000000000        65.752789659777164     
   45.750000000000000        70.204785371298911     
   46.000000000000000        74.874049525299981     
   46.250000000000000        79.757746885497724     
   46.500000000000000        84.851747743810705     
   46.750000000000000        90.151598774207827     
   47.000000000000000        95.652846650657992     
   47.250000000000000        101.35039081123072     
   47.500000000000000        107.23654175039805     
   47.750000000000000        113.30296272673262     
   48.000000000000000        119.54131699880706     
   48.250000000000000        125.94294420724437     
   48.500000000000000        132.49788952086868     
   48.750000000000000        139.19587449055464     
   49.000000000000000        146.02662066717664     
   49.250000000000000        152.97984960160929     
   49.500000000000000        160.04528284472707     
   49.750000000000000        167.21264194740453     
   50.000000000000000        174.47164846051618     
   50.250000000000000        181.81183706152041     
   50.500000000000000        189.22199493421124     
   50.750000000000000        196.69072238896658     
   51.000000000000000        204.20661973616424     
   51.250000000000000        211.75791353934997     
   51.500000000000000        219.33133537474058     
   51.750000000000000        226.91324307172064     
   52.000000000000000        234.48999445967482     
   52.250000000000000        242.04776049457158     
   52.500000000000000        249.57196463871500     
   52.750000000000000        257.04784348099309     
   53.000000000000000        264.46063361029383     
   53.250000000000000        271.79557161550503     
   53.500000000000000        279.03789408551495     
   53.750000000000000        286.17283760921140     
   54.000000000000000        293.18563877548229     
   54.250000000000000        300.06175685204022     
   54.500000000000000        306.78754182189556     
   54.750000000000000        313.34956634688308     
   55.000000000000000        319.73440308883772     
   55.250000000000000        325.92907006724317     
   55.500000000000000        331.92236673217928     
   55.750000000000000        337.70353789137459     
   56.000000000000000        343.26182835255770     
   56.250000000000000        348.58670560228182     
   56.500000000000000        353.66852784239785     
   56.750000000000000        358.49787595358163     
   57.000000000000000        363.06533081650826     
   57.250000000000000        367.36147331185350     
   57.500000000000000        371.37688432029290     
   57.750000000000000        375.10214472250192     
   58.000000000000000        378.52783539915606     
   58.250000000000000        381.64503407046197     
   58.500000000000000        384.44680581475160     
   58.750000000000000        386.92671254988750     
   59.000000000000000        389.07831619373258     
   59.250000000000000        390.89617234321213     
   59.500000000000000        392.37881131150129     
   59.750000000000000        393.52575709083749     
   60.000000000000000        394.33653367345829     
   60.250000000000000        394.81116189113231     
   60.500000000000000        394.95164993375334     
   60.750000000000000        394.76050283074608     
   61.000000000000000        394.24022561153532     
   61.250000000000000        393.39332330554601     
   61.500000000000000        392.22230094220271     
   61.750000000000000        390.72966355093070     
   62.000000000000000        388.91791616115449     
   62.250000000000000        386.78996176047275     
   62.500000000000000        384.35029516917905     
   62.750000000000000        381.60380916574042     
   63.000000000000000        378.55539652862427     
   63.250000000000000        375.21074595264537     
   63.500000000000000        371.57872979800828     
   63.750000000000000        367.66901634126503     
   64.000000000000000        363.49127385896782     
   64.250000000000000        359.05556858584242     
   64.500000000000000        354.37355858930954     
   64.750000000000000        349.45729989496374     
   65.000000000000000        344.31884852839966     
   65.250000000000000        338.97026051521163     
   65.500000000000000        333.42359188099437     
   65.750000000000000        327.69089865134225     
   66.000000000000000        321.78423685184964     
   66.250000000000000        315.71569467979390     
   66.500000000000000        309.49748901918230     
   66.750000000000000        303.14186892570473     
   67.000000000000000        296.66108345505137     
   67.250000000000000        290.06744600627718     
   67.500000000000000        283.37352735189808     
   67.750000000000000        276.59196260779481     
   68.000000000000000        269.73538688984831     
   68.250000000000000        262.81646748562213     
   68.500000000000000        255.84800036940999     
   68.750000000000000        248.84281368718825     
   69.000000000000000        241.81373558493334     
   69.250000000000000        234.77359420862163     
   69.500000000000000        227.73521770422946     
   69.750000000000000        220.71143421773317     
   70.000000000000000        213.71507189510913     
   70.250000000000000        206.75871751042641     
   70.500000000000000        199.85399235012440     
   70.750000000000000        193.01227632873528     
   71.000000000000000        186.24494936079103     
   71.250000000000000        179.56290861700907     
   71.500000000000000        172.97512029284769     
   71.750000000000000        166.49006783995046     
   72.000000000000000        160.11623470996088     
   72.250000000000000        153.86186298261518     
   72.500000000000000        147.73422925002001     
   72.750000000000000        141.74036873237458     
   73.000000000000000        135.88731664987827     
   73.250000000000000        130.18210822273034     
   73.500000000000000        124.63177867112998     
   73.750000000000000        119.24336321527657     
   74.000000000000000        114.02389707536932     
   74.250000000000000        108.98007031373670     
   74.500000000000000        104.11719236122354     
   74.750000000000000        99.440227490803935     
   75.000000000000000        94.954139975451895     
   75.250000000000000        90.663203772399683     
   75.500000000000000        86.568931575912600     
   75.750000000000000        82.672145764514198     
   76.000000000000000        78.973668716727957     
   76.250000000000000        75.473977653206589     
   76.500000000000000        72.172169163119236     
   76.750000000000000        69.066994677764185     
   77.000000000000000        66.157205628439712     
   77.250000000000000        63.441553446444125     
   77.500000000000000        60.918789563075698     
   77.750000000000000        58.587665409632699     
   78.000000000000000        56.446932417413464     
   78.250000000000000        54.495125284475421     
   78.500000000000000        52.729911775912917     
   78.750000000000000        51.148742923579448     
   79.000000000000000        49.749069759328528     
   79.250000000000000        48.527909848532076     
   79.500000000000000        47.480546890635637     
   79.750000000000000        46.601831118603172     
   80.000000000000000        45.886612765398645     
   80.250000000000000        45.329525330745227     
   80.500000000000000        44.924335381402869     
   80.750000000000000        44.664592750890769     
   81.000000000000000        44.543847272728108     
   81.250000000000000        44.555648780434090     
   81.500000000000000        44.693547107527856     
   81.750000000000000        44.951092087528636     
   82.000000000000000        45.321833553955585     
   82.250000000000000        45.799308088595915     
   82.500000000000000        46.376999266309049     
   82.750000000000000        47.048377410222379     
   83.000000000000000        47.806912843463330     
   83.250000000000000        48.646049385695406     
   83.500000000000000        49.559124842726433     
   83.750000000000000        50.539450516900317     
   84.000000000000000        51.580337710560954     
   84.250000000000000        52.675084474320293     
   84.500000000000000        53.816935851862418     
   84.750000000000000        54.999123635139490     
   85.000000000000000        56.214879616103644     
   85.250000000000000        57.457435586707014     
   85.500000000000000        58.720023338901754     
   85.750000000000000        59.995874664640006     
   86.000000000000000        61.278221355873889     
   86.250000000000000        62.560446806627951     
   86.500000000000000        63.836540819216225     
   86.750000000000000        65.100644798025144     
   87.000000000000000        66.346900147441147     
   87.250000000000000        67.569751475995403     
   87.500000000000000        68.764856208798193     
   87.750000000000000        69.928174975104469     
   88.000000000000000        71.055668404169253     
   88.250000000000000        72.143448727319935     
   88.500000000000000        73.188234584173429     
   88.750000000000000        74.186896216419015     
   89.000000000000000        75.136303865745973     
   89.250000000000000        76.033327773843595     
   89.500000000000000        76.874838182401206     
   89.750000000000000        77.657705333108055     
   90.000000000000000        78.378799467653437     
   90.250000000000000        79.035183729377309     
   90.500000000000000        79.624692868222127     
   90.750000000000000        80.145354535781067     
   91.000000000000000        80.595196383647234     
   91.250000000000000        80.972631866715076     
   91.500000000000000        81.277617653084121     
   91.750000000000000        81.510496214155239     
   92.000000000000000        81.671610021329215     
   92.250000000000000        81.761494447657554     
   92.500000000000000        81.781456472794318     
   92.750000000000000        81.732995978044158     
   93.000000000000000        81.617612844711758     
   93.250000000000000        81.436806954101797     
   93.500000000000000        81.192078187518973     
   93.750000000000000        80.884926426267953     
   94.000000000000000        80.516851551653431     
   94.250000000000000        80.089484390027650     
   94.500000000000000        79.604979547933041     
   94.750000000000000        79.065622576959584     
   95.000000000000000        78.473699028697339     
   95.250000000000000        77.831756344831362     
   95.500000000000000        77.143389527427189     
   95.750000000000000        76.412455468645447     
   96.000000000000000        75.642811060646750     
   96.250000000000000        74.838444140639325     
   96.500000000000000        74.003866326021509     
   96.750000000000000        73.143720179239281     
   97.000000000000000        72.262648262738608     
   97.250000000000000        71.365293138965399     
   97.500000000000000        70.456297370365647     
   97.750000000000000        69.540303519385247     
   98.000000000000000        68.621954148470152     
   98.250000000000000        67.705899830719730     
   98.500000000000000        66.796823181846946     
   98.750000000000000        65.899414828218099     
   99.000000000000000        65.018365396199584     
   99.250000000000000        64.158381533464507     
   99.500000000000000        63.324233972913269     
   99.750000000000000        62.520709468752990     
   100.00000000000000        61.752594775190843     
   100.25000000000000        61.024684657087370     
   100.50000000000000        60.341805921916730     
   100.75000000000000        59.708793387806487     
   101.00000000000000        59.130481872884204     
   101.25000000000000        58.611706195277414     
   101.50000000000000        58.157301173113702     
   101.75000000000000        57.772101624520602     
   102.00000000000000        57.460942367625698     
   102.25000000000000        57.228551086854857     
   102.50000000000000        57.079226931827385     
   102.75000000000000        57.017161918460900     
   103.00000000000000        57.046548062673061     
   103.25000000000000        57.171363112978135     
   103.50000000000000        57.394727748277248     
   103.75000000000000        57.719548380068147     
   104.00000000000000        58.148731419848616     
   104.25000000000000        58.685076145414747     
   104.50000000000000        59.330953299756061     
   104.75000000000000        60.088626492160415     
=======
#TitleText:Ni(001)-(5x5)-Li     Beam (2/5,1/5)            Rfac10=       0.7845
 IV theory
   40.250000000000000        58.796546218437612     
   40.500000000000000        56.084003603602810     
   40.750000000000000        53.683566960939437     
   41.000000000000000        51.591461052264471     
   41.250000000000000        49.803910639394928     
   41.500000000000000        48.317140484147828     
   41.750000000000000        47.127375348340180     
   42.000000000000000        46.230839993788997     
   42.250000000000000        45.623334694303118     
   42.500000000000000        45.298961771658824     
   42.750000000000000        45.251399059624205     
   43.000000000000000        45.474324391967365     
   43.250000000000000        45.960566626440112     
   43.500000000000000        46.699558716729058     
   43.750000000000000        47.679884640504469     
   44.000000000000000        48.890128375436653     
   44.250000000000000        50.318449411187750     
   44.500000000000000        51.951309285387310     
   44.750000000000000        53.774745047656701     
   45.000000000000000        55.774793747617331     
   45.250000000000000        57.937492434890586     
   45.500000000000000        60.248878159097863     
   45.750000000000000        62.694987969860520     
   46.000000000000000        65.261858916799966     
   46.250000000000000        67.935620334773375     
   46.500000000000000        70.702770699581009     
   46.750000000000000        73.549900772258923     
   47.000000000000000        76.463601313843142     
   47.250000000000000        79.430647655841256     
   47.500000000000000        82.438553411647106     
   47.750000000000000        85.475016765126014     
   48.000000000000000        88.527735900143384     
   48.250000000000000        91.584501285800300     
   48.500000000000000        94.633472532141028     
   48.750000000000000        97.662901534445581     
   49.000000000000000        100.66104018799392     
   49.250000000000000        103.61614038806617     
   49.500000000000000        106.51645402994222     
   49.750000000000000        109.35023300890219     
   50.000000000000000        112.10572922022605     
   50.250000000000000        114.77165882282794     
   50.500000000000000        117.33859503015854     
   50.750000000000000        119.79757531930274     
   51.000000000000000        122.13963716734527     
   51.250000000000000        124.35674657863930     
   51.500000000000000        126.44458366661101     
   51.750000000000000        128.39975707195481     
   52.000000000000000        130.21887543536516     
   52.250000000000000        131.89901166117068     
   52.500000000000000        133.43909570823647     
   52.750000000000000        134.83852179906179     
   53.000000000000000        136.09668415614593     
   53.250000000000000        137.21297700198812     
   53.500000000000000        138.18679455908762     
   53.750000000000000        139.01753104994370     
   54.000000000000000        139.70458069705566     
   54.250000000000000        140.24761973193773     
   54.500000000000000        140.64745242216424     
   54.750000000000000        140.90516504432469     
   55.000000000000000        141.02184387500830     
   55.250000000000000        140.99913920883458     
   55.500000000000000        140.84095741254299     
   55.750000000000000        140.55176887090315     
   56.000000000000000        140.13604396868470     
   56.250000000000000        139.59853509967218     
   56.500000000000000        138.94512269371026     
   56.750000000000000        138.18196918965867     
   57.000000000000000        137.31523702637710     
   57.250000000000000        136.35108864272522     
   57.500000000000000        135.29568647756273     
   57.750000000000000        134.15519296974929     
   58.000000000000000        132.93577055814464     
   58.250000000000000        131.64350062897088     
   58.500000000000000        130.28414035790004     
   58.750000000000000        128.86336586796654     
   59.000000000000000        127.38685328220474     
   59.250000000000000        125.86011661837406     
   59.500000000000000        124.28802147313345     
   59.750000000000000        122.67527133786686     
   60.000000000000000        121.02656970395815     
   60.250000000000000        119.34653901015369     
   60.500000000000000        117.63947748464970     
   60.750000000000000        115.90960230300475     
   61.000000000000000        114.16113064077754     
   61.250000000000000        112.39827967352672     
   61.500000000000000        110.62526657681092     
   61.750000000000000        108.84630852618872     
   62.000000000000000        107.06562269721886     
   62.250000000000000        105.28725926090087     
   62.500000000000000        103.51460036999809     
   62.750000000000000        101.75086117271488     
   63.000000000000000        99.999256817255457     
   63.250000000000000        98.262668442706016     
   63.500000000000000        96.542641151680314     
   63.750000000000000        94.840386037673852     
   64.000000000000000        93.157114194182299     
   64.250000000000000        91.493869710142121     
   64.500000000000000        89.851028656253689     
   64.750000000000000        88.228800098658184     
   65.000000000000000        86.627393103496871     
   65.250000000000000        85.047016736910990     
   65.500000000000000        83.487880065041765     
   65.750000000000000        81.950192154030461     
   66.000000000000000        80.434162070018274     
   66.250000000000000        78.940005761475703     
   66.500000000000000        77.467966706190012     
   66.750000000000000        76.018295264277711     
   67.000000000000000        74.591241795855368     
   67.250000000000000        73.187070425697897     
   67.500000000000000        71.806100337213891     
   67.750000000000000        70.448664478470477     
   68.000000000000000        69.115095797534636     
   68.250000000000000        67.805734124802711     
   68.500000000000000        66.520946819987799     
   68.750000000000000        65.261108125132239     
   69.000000000000000        64.026592282278330     
   69.250000000000000        62.817773533468433     
   69.500000000000000        61.635026120744904     
   69.750000000000000        60.478724286150040     
   70.000000000000000        59.349242271726197     
   70.250000000000000        58.247091204069875     
   70.500000000000000        57.173329747994174     
   70.750000000000000        56.129153452866419     
   71.000000000000000        55.115757868053898     
   71.250000000000000        54.134612312032218     
   71.500000000000000        53.188281179710259     
   71.750000000000000        52.279602635105242     
   72.000000000000000        51.411414842234372     
   72.250000000000000        50.586692849669028     
   72.500000000000000        49.808959244197219     
   72.750000000000000        49.081873497161112     
   73.000000000000000        48.409095079902876     
   73.250000000000000        47.794283463764678     
   73.500000000000000        47.241098120088687     
   73.750000000000000        46.753198520217076     
   74.000000000000000        46.334244135492014     
   74.250000000000000        45.987896445505065     
   74.500000000000000        45.717824962845341     
   74.750000000000000        45.527701208351388     
   75.000000000000000        45.421196702861714     
   75.250000000000000        45.401986983713620     
   75.500000000000000        45.473763654239562     
   75.750000000000000        45.640222334270760     
   76.000000000000000        45.905058643638419     
   76.250000000000000        46.271970210423177     
   76.500000000000000        46.744662695703212     
   76.750000000000000        47.326843768806093     
   77.000000000000000        48.022221099059422     
   77.250000000000000        48.834502355790747     
   77.500000000000000        49.767395208327656     
   77.750000000000000        50.824607325997739     
   78.000000000000000        52.009846378128550     
   78.250000000000000        53.326627053699937     
   78.500000000000000        54.777692120300834     
   78.750000000000000        56.365591365172435     
   79.000000000000000        58.092874575555939     
   79.250000000000000        59.961705577997080     
   79.500000000000000        61.972704356259733     
   79.750000000000000        64.126104933412350     
   80.000000000000000        66.422141332523324     
   80.250000000000000        68.860854596313402     
   80.500000000000000        71.441513846112329     
   80.750000000000000        74.163195222902175     
   81.000000000000000        77.024974867664994     
   81.250000000000000        80.025928921382814     
   81.500000000000000        83.165133525037703     
   81.750000000000000        86.441664819611674     
   82.000000000000000        89.854598946086824     
   82.250000000000000        93.402783135092065     
   82.500000000000000        97.084148975843931     
   82.750000000000000        100.89639914720574     
   83.000000000000000        104.83723632804093     
   83.250000000000000        108.90390537650667     
   83.500000000000000        113.09181986793527     
   83.750000000000000        117.39593555695275     
   84.000000000000000        121.81120819818523     
   84.250000000000000        126.33236463590565     
   84.500000000000000        130.95321607297456     
   84.750000000000000        135.66734480189936     
   85.000000000000000        140.46833311518748     
   85.250000000000000        145.34976330534627     
   85.500000000000000        150.30521766488323     
   85.750000000000000        155.32827848630578     
   86.000000000000000        160.41252806212123     
   86.250000000000000        165.55146633819297     
   86.500000000000000        170.73826387380791     
   86.750000000000000        175.96600888160887     
   87.000000000000000        181.22778957423870     
   87.250000000000000        186.51652947105202     
   87.500000000000000        191.82449331825060     
   87.750000000000000        197.14378116874826     
   88.000000000000000        202.46649307545849     
   88.250000000000000        207.78464674465090     
   88.500000000000000        213.08993049601861     
   88.750000000000000        218.37395030261075     
   89.000000000000000        223.62831213747629     
   89.250000000000000        228.84462197366437     
   89.500000000000000        234.01448578422392     
   89.750000000000000        239.12950954220415     
   90.000000000000000        244.18129922065407     
   90.250000000000000        249.16158819540087     
   90.500000000000000        254.06261945338454     
   90.750000000000000        258.87676338432328     
   91.000000000000000        263.59639037793522     
   91.250000000000000        268.21412562949490     
   91.500000000000000        272.72361355650247     
   91.750000000000000        277.11875338201406     
   92.000000000000000        281.39344432908609     
   92.250000000000000        285.54171302355309     
   92.500000000000000        289.55809570236249     
   92.750000000000000        293.43725600523970     
   93.000000000000000        297.17385757191028     
   93.250000000000000        300.76256404209954     
   93.500000000000000        304.19803905553300     
   93.750000000000000        307.47494625193616     
   94.000000000000000        310.58794927103446     
   94.250000000000000        313.53193499821128     
   94.500000000000000        316.30268330148112     
   94.750000000000000        318.89619729451636     
   95.000000000000000        321.30848009098935     
   95.250000000000000        323.53598129588818     
   95.500000000000000        325.57693647946337     
   95.750000000000000        327.43002770328121     
   96.000000000000000        329.09393702890765     
   96.250000000000000        330.56756976356695     
   96.500000000000000        331.85072419711440     
   96.750000000000000        332.94342186506299     
   97.000000000000000        333.84568430292569     
   97.250000000000000        334.55753304621589     
   97.500000000000000        335.07898963044647     
   97.750000000000000        335.41007559113069     
   98.000000000000000        335.55081246378160     
   98.250000000000000        335.50140096996643     
   98.500000000000000        335.26275857546869     
   98.750000000000000        334.83598193212629     
   99.000000000000000        334.22216769177675     
   99.250000000000000        333.42277087836618     
   99.500000000000000        332.44068000427330     
   99.750000000000000        331.27914195398495     
   100.00000000000000        329.94140361198822     
   100.25000000000000        328.43089104882421     
   100.50000000000000        326.75174707925032     
   100.75000000000000        324.90829370407823     
   101.00000000000000        322.90485292411944     
   101.25000000000000        320.74574674018550     
   101.50000000000000        318.43529715308807     
   101.75000000000000        315.97782616363872     
   102.00000000000000        313.37765577264918     
   102.25000000000000        310.63916058458562     
   102.50000000000000        307.76692561853434     
   102.75000000000000        304.76558849723597     
   103.00000000000000        301.63978684343118     
   103.25000000000000        298.39426348717086     
   103.50000000000000        295.03418208774434     
   103.75000000000000        291.56481151175097     
   104.00000000000000        287.99142062579017     
   104.25000000000000        284.31933090011592     
   104.50000000000000        280.55407421960206     
   104.75000000000000        276.70123507277702     
>>>>>>> origin/master

