#TitleText:Ni(001)-(5x5)-Li     Beam (4/5,4/5)            Rfac10=       0.9485
 IV theory
   72.250000000000000        86.252883588039623     
   72.500000000000000        87.505818379143037     
   72.750000000000000        88.700709337598596     
   73.000000000000000        89.837125337063839     
   73.250000000000000        90.914635251196415     
   73.500000000000000        91.932807953653864     
   73.750000000000000        92.891212318093793     
   74.000000000000000        93.789417218173782     
   74.250000000000000        94.627219610313318     
   74.500000000000000        95.405328781979378     
   74.750000000000000        96.124682103400872     
   75.000000000000000        96.786216944806654     
   75.250000000000000        97.391326841949379     
   75.500000000000000        97.943229992676791     
   75.750000000000000        98.445600760360335     
   76.000000000000000        98.902113508371485     
   76.250000000000000        99.316670682843608     
   76.500000000000000        99.694087060957600     
   76.750000000000000        100.03940550265622     
   77.000000000000000        100.35766886788227     
   77.250000000000000        100.65392001657850     
   77.500000000000000        100.93320180868763     
   77.750000000000000        101.20055710415252     
   78.000000000000000        101.46102876291590     
   78.250000000000000        101.71964213102908     
   78.500000000000000        101.98135249897734     
   78.750000000000000        102.25109764335457     
   79.000000000000000        102.53381534075464     
   79.250000000000000        102.83440833998839     
   79.500000000000000        103.15763927873481     
   79.750000000000000        103.50823576688990     
   80.000000000000000        103.89092541434965     
   80.250000000000000        104.31041831711862     
   80.500000000000000        104.77135451563531     
   80.750000000000000        105.27835653644682     
   81.000000000000000        105.83604690610028     
   81.250000000000000        106.44904815114272     
   81.500000000000000        107.12198279812124     
   81.750000000000000        107.85947337358290     
   82.000000000000000        108.66614240407478     
   82.250000000000000        109.54640543909349     
   82.500000000000000        110.50385011993352     
   82.750000000000000        111.54185711083890     
   83.000000000000000        112.66380707605369     
   83.250000000000000        113.87266672572083     
   83.500000000000000        115.16974695357929     
   83.750000000000000        116.55594469926697     
   84.000000000000000        118.03215690242175     
   84.250000000000000        119.59907352563104     
   84.500000000000000        121.25655662328023     
   84.750000000000000        123.00426127270414     
   85.000000000000000        124.84184255123760     
   85.250000000000000        126.76895553621551     
   85.500000000000000        128.78525530497265     
   85.750000000000000        130.89039693484389     
   86.000000000000000        133.08403550316416     
   86.250000000000000        135.36563400469470     
   86.500000000000000        137.73388710390287     
   86.750000000000000        140.18729738268246     
   87.000000000000000        142.72436742292734     
   87.250000000000000        145.34321564138423     
   87.500000000000000        148.04042379421190     
   87.750000000000000        150.81218947242215     
   88.000000000000000        153.65471026702664     
   88.250000000000000        156.56399168646365     
   88.500000000000000        159.53527090887735     
   88.750000000000000        162.56359302983844     
   89.000000000000000        165.64400314491760     
   89.250000000000000        168.77154634968565     
   89.500000000000000        171.94126773971306     
   89.750000000000000        175.14821241057081     
   90.000000000000000        178.38742545782941     
   90.250000000000000        181.65393290938724     
   90.500000000000000        184.94268452245353     
   90.750000000000000        188.24861098656504     
   91.000000000000000        191.56664299125862     
   91.250000000000000        194.89167309072647     
   91.500000000000000        198.21844129778222     
   91.750000000000000        201.54164948989492     
   92.000000000000000        204.85599954453377     
   92.250000000000000        208.15617427149539     
   92.500000000000000        211.43678020988733     
   92.750000000000000        214.69240483114478     
   93.000000000000000        217.91763560670285     
   93.250000000000000        221.10706000799684     
   93.500000000000000        224.25526550646177     
   93.750000000000000        227.35683957353299     
   94.000000000000000        230.40636968064564     
   94.250000000000000        233.39856554756719     
   94.500000000000000        236.32862588739462     
   94.750000000000000        239.19187166155729     
   95.000000000000000        241.98362383148446     
   95.250000000000000        244.69944785527028     
   95.500000000000000        247.33588717766753     
   95.750000000000000        249.88972974009380     
   96.000000000000000        252.35776348396666     
   96.250000000000000        254.73689859903607     
   96.500000000000000        257.02453426838144     
   96.750000000000000        259.21819192341445     
   97.000000000000000        261.31539299554680     
   97.250000000000000        263.31365891619021     
   97.500000000000000        265.21051111675649     
   97.750000000000000        267.00347102865726     
   98.000000000000000        268.69006008330433     
   98.250000000000000        270.26796338729446     
   98.500000000000000        271.73552074796430     
   98.750000000000000        273.09123564783562     
   99.000000000000000        274.33361156943039     
   99.250000000000000        275.46147934564027     
   99.500000000000000        276.47497921083738     
   99.750000000000000        277.37457874976343     
   100.00000000000000        278.16074554716050     
   100.25000000000000        278.83411086295553     
   100.50000000000000        279.39596065781546     
   100.75000000000000        279.84774456759243     
   101.00000000000000        280.19091222813842     
   101.25000000000000        280.42691327530537     
   101.50000000000000        280.55719734494534     
   101.75000000000000        280.58321407291044     
   102.00000000000000        280.50641309505244     
   102.25000000000000        280.32835020773001     
   102.50000000000000        280.05100584932683     
   102.75000000000000        279.67646661873312     
   103.00000000000000        279.20681911483882     
   103.25000000000000        278.64436225754719     
   103.50000000000000        277.99224425081161     
   103.75000000000000        277.25382561959873     
   104.00000000000000        276.43246688887507     
   104.25000000000000        275.53163474411321     
   104.50000000000000        274.55522051281156     
   104.75000000000000        273.50722168297472     
   105.00000000000000        272.39163574260721     
   105.25000000000000        271.21246017971367     
   105.50000000000000        269.97369248229870     
   105.75000000000000        268.67933013836694     
   106.00000000000000        267.33337063592296     
   106.25000000000000        265.93983658869109     
   106.50000000000000        264.50285111327503     
   106.75000000000000        263.02656245199785     
   107.00000000000000        261.51511884718298     
   107.25000000000000        259.97271879259324     
   107.50000000000000        258.40376178774966     
   107.75000000000000        256.81269758361304     
   108.00000000000000        255.20397593114404     
   108.25000000000000        253.58207170702315     
   108.50000000000000        251.95156029080988     
   108.75000000000000        250.31704218778370     
   109.00000000000000        248.68311790322386     
   109.25000000000000        247.05438794240985     
   109.50000000000000        245.43545281062097     
   109.75000000000000        243.83091301313664     
   110.00000000000000        242.24536905523624     
   110.25000000000000        240.68339270732457     
   110.50000000000000        239.14944080030853     
   110.75000000000000        237.64794143022044     
   111.00000000000000        236.18332269309261     
   111.25000000000000        234.75995521520829     
   111.50000000000000        233.38197974385474     
   111.75000000000000        232.05347955657030     

