#TitleText:Ni(001)-(5x5)-Li     Beam (1,0)                Rfac10=       0.7354
 IV theory
   46.250000000000000        724.02127894197645     
   46.500000000000000        734.02068678440423     
   46.750000000000000        745.24606187251413     
   47.000000000000000        757.59098764332566     
   47.250000000000000        770.93197059345880     
   47.500000000000000        785.07720945793528     
   47.750000000000000        799.81782603137719     
   48.000000000000000        814.94494210840651     
   48.250000000000000        830.24114101345594     
   48.500000000000000        845.45485219019918     
   48.750000000000000        860.32596661212040     
   49.000000000000000        874.59437525270312     
   49.250000000000000        887.99996908543108     
   49.500000000000000        900.28263908378335     
   49.750000000000000        911.18227622123823     
   50.000000000000000        920.43877147127455     
   50.250000000000000        927.81368278993887     
   50.500000000000000        933.15523606355328     
   50.750000000000000        936.33332416100814     
   51.000000000000000        937.21783995119426     
   51.250000000000000        935.72201026813866     
   51.500000000000000        931.93239780641602     
   51.750000000000000        925.97889922573768     
   52.000000000000000        917.99141118581474     
   52.250000000000000        908.12149732892726     
   52.500000000000000        896.60738922762880     
   52.750000000000000        883.70898543704129     
   53.000000000000000        869.68618451228667     
   53.250000000000000        854.79888500848710     
   53.500000000000000        839.30698548076475     
   53.750000000000000        823.47038448424132     
   54.000000000000000        807.54898057403909     
   54.250000000000000        791.79351487909355     
   54.500000000000000        776.41809882359485     
   54.750000000000000        761.62768640554748     
   55.000000000000000        747.62723162295481     
   55.250000000000000        734.60337362144821     
   55.500000000000000        722.66949213716839     
   55.750000000000000        711.92065205388280     
   56.000000000000000        702.45191825535949     
   56.250000000000000        694.34919819917968     
   56.500000000000000        687.66176963817952     
   56.750000000000000        682.42975289900869     
   57.000000000000000        678.69326830831687     
   57.250000000000000        676.49243619275376     
   57.500000000000000        675.86737687896891     
   57.750000000000000        676.85821069361214     
   58.000000000000000        679.50505796333323     
   58.250000000000000        683.83945878880115     
   58.500000000000000        689.85863236676289     
   58.750000000000000        697.55121766798504     
   59.000000000000000        706.90585366323421     
   59.250000000000000        717.89401887131521     
   59.500000000000000        730.41855000318969     
   59.750000000000000        744.36512331785718     
   60.000000000000000        759.61941507431789     
   60.250000000000000        776.05852130559128     
   60.500000000000000        793.52521714077443     
   60.750000000000000        811.85369748298422     
   61.000000000000000        830.87815723533731     
   61.250000000000000        850.43279130095050     
   61.500000000000000        870.35179458294056     
   61.750000000000000        890.46936198442415     
   62.000000000000000        910.61968840851785     
   62.250000000000000        930.64310122799384     
   62.500000000000000        950.40445769424571     
   62.750000000000000        969.77474752832165     
   63.000000000000000        988.62496045127079     
   63.250000000000000        1006.8383511234524     
   63.500000000000000        1024.3472339624682     
   63.750000000000000        1041.0961883252310     
   64.000000000000000        1057.0297935686531     
   64.250000000000000        1072.0987615193026     
   64.500000000000000        1086.2783338823688     
   64.750000000000000        1099.5498848326959     
   65.000000000000000        1111.8947885451287     
   65.250000000000000        1123.2944191945116     
   65.500000000000000        1133.7301509556896     
   65.750000000000000        1143.1833580035066     
   66.000000000000000        1151.6354145128075     
   66.250000000000000        1159.0692437383318     
   66.500000000000000        1165.4739652544026     
   66.750000000000000        1170.8402477152367     
   67.000000000000000        1175.1587597750515     
   67.250000000000000        1178.4232682478564     
   67.500000000000000        1180.6399325868235     
   67.750000000000000        1181.8180104049168     
   68.000000000000000        1181.9667593150998     
   68.250000000000000        1181.0969860102318     
   68.500000000000000        1179.2256935027542     
   68.750000000000000        1176.3714338850036     
   69.000000000000000        1172.5527592493168     
   69.250000000000000        1167.7882216880307     
   69.500000000000000        1162.0963732934813     
   69.750000000000000        1155.4957661580063     
   70.000000000000000        1148.0049523739422     
   70.250000000000000        1139.6448482946034     
   70.500000000000000        1130.4458273172177     
   70.750000000000000        1120.4406270999898     
   71.000000000000000        1109.6619853011248     
   71.250000000000000        1098.1473681007844     
   71.500000000000000        1085.9531557669543     
   71.750000000000000        1073.1404570895761     
   72.000000000000000        1059.7703808585923     
   72.250000000000000        1045.9064001249226     
   72.500000000000000        1031.6214449833992     
   72.750000000000000        1016.9908097898328     
   73.000000000000000        1002.0897889000333     
   73.250000000000000        986.99367666981175     
   73.500000000000000        971.77776745497795     
   73.750000000000000        956.51735561134251     
   74.000000000000000        941.28773549471566     
   74.250000000000000        926.16903318908544     
   74.500000000000000        911.26070169115076     
   74.750000000000000        896.66702572578708     
   75.000000000000000        882.49229001787103     
   75.250000000000000        868.85044274863367     
   75.500000000000000        855.89408592472739     
   75.750000000000000        843.78548500916020     
   76.000000000000000        832.68690546493929     
   76.250000000000000        822.76544448325023     
   76.500000000000000        814.20752616798870     
   76.750000000000000        807.20440635122804     
   77.000000000000000        801.94734086504172     
   77.250000000000000        798.62758554150309     
   77.500000000000000        797.43639621268574     
   77.750000000000000        798.56502871066289     
   78.000000000000000        802.20473886750790     
   78.250000000000000        808.52568006004901     
   78.500000000000000        817.61359584413253     
   78.750000000000000        829.53312732036034     
   79.000000000000000        844.34891558933316     
   79.250000000000000        862.08339684116208     
   79.500000000000000        882.59018762399467     
   79.750000000000000        905.68069957548812     
   80.000000000000000        931.16634433329932     
   80.250000000000000        958.83743107984060     
   80.500000000000000        988.39985917654178     
   80.750000000000000        1019.5384255295883     
   81.000000000000000        1051.9379270451652     
   81.250000000000000        1085.2831606294574     
   81.500000000000000        1119.2589231886498     
   81.750000000000000        1153.5500116289277     
   82.000000000000000        1187.8412228564762     
   82.250000000000000        1221.8351023898711     
   82.500000000000000        1255.3051901972533     
   82.750000000000000        1288.0427748591544     
   83.000000000000000        1319.8391449561061     
   83.250000000000000        1350.5210862934223     
   83.500000000000000        1380.0573735755456     
   83.750000000000000        1408.4522787317014     
   84.000000000000000        1435.7100736911143     
   84.250000000000000        1461.8527789954007     
   84.500000000000000        1486.9734096357411     
   84.750000000000000        1511.1827292157066     
   85.000000000000000        1534.5915013388696     
   85.250000000000000        1557.3104896088012     
   85.500000000000000        1579.4504576290733     
   85.750000000000000        1601.1221690032578     
   86.000000000000000        1622.4363873349257     
   86.250000000000000        1643.4983286342335     
   86.500000000000000        1664.3910185376760     
   86.750000000000000        1685.1919350883334     
   87.000000000000000        1705.9785563292839     
   87.250000000000000        1726.8172651167765     
   87.500000000000000        1747.7300635597378     
   87.750000000000000        1768.7278585802619     
   88.000000000000000        1789.8215571004437     
   88.250000000000000        1811.0165184489636     
   88.500000000000000        1832.2959115808387     
   88.750000000000000        1853.6373578576729     
   89.000000000000000        1875.0184786410684     
   89.250000000000000        1896.4168952926282     
   89.500000000000000        1917.8102291739547     
   89.750000000000000        1939.1761016466514     
   90.000000000000000        1960.4921340723204     
   90.250000000000000        1981.7336637296696     
   90.500000000000000        2002.8668915658288     
   90.750000000000000        2023.8557344450326     
   91.000000000000000        2044.6641092315140     
   91.250000000000000        2065.2513646237189     
   91.500000000000000        2085.5585766569347     
   91.750000000000000        2105.5222532006583     
   92.000000000000000        2125.0789021243872     
   92.250000000000000        2144.1627472147252     
   92.500000000000000        2162.6988759266956     
   92.750000000000000        2180.6100916324267     
   93.000000000000000        2197.8191977040487     
   93.250000000000000        2214.2489975136914     
   93.500000000000000        2229.8222944334825     
   93.750000000000000        2244.4618918355523     
   94.000000000000000        2258.0905930920294     
   94.250000000000000        2270.6330938505780     
   94.500000000000000        2282.0216588610037     
   94.750000000000000        2292.1904451486453     
   95.000000000000000        2301.0736097388435     
   95.250000000000000        2308.6090942080073     
   95.500000000000000        2314.7499783368271     
   95.750000000000000        2319.4531264570651     
   96.000000000000000        2322.6754029004815     
   96.250000000000000        2324.3755642743718     
   96.500000000000000        2324.5199362881735     
   96.750000000000000        2323.0767369268578     
   97.000000000000000        2320.0141841753953     
   97.250000000000000        2315.3004960187582     
   97.500000000000000        2308.9038904419181     
   97.750000000000000        2300.7925854298460     
   98.000000000000000        2290.9347989675139     
   98.250000000000000        2279.2955349415388     
   98.500000000000000        2265.8269408451220     
   98.750000000000000        2250.4779500731111     
   99.000000000000000        2233.1974960203511     
   99.250000000000000        2213.9280838849822     
   99.500000000000000        2192.5865060783108     
   99.750000000000000        2169.0831268149341     
   100.00000000000000        2143.3283103094500     
   100.25000000000000        2115.2292066781029     
   100.50000000000000        2084.6801096437202     
   100.75000000000000        2051.5720988307744     
   101.00000000000000        2015.7962538637405     
   101.25000000000000        1977.2436543670904     
   101.50000000000000        1935.8053799652982     
   101.75000000000000        1891.3725102828369     
   102.00000000000000        1843.8361249441807     
   102.25000000000000        1793.1445078889194     
   102.50000000000000        1739.4747603171102     
   102.75000000000000        1683.0611877439283     
   103.00000000000000        1624.1380956845469     
   103.25000000000000        1563.0541982843749     
   103.50000000000000        1500.6158442097553     
   103.75000000000000        1437.7437907572642     
   104.00000000000000        1375.3587952234782     
   104.25000000000000        1314.4388192200906     
   104.50000000000000        1256.1906416192612     
   104.75000000000000        1201.8782456082683     
   105.00000000000000        1152.7656143743895     
   105.25000000000000        1110.1167311049014     
   105.50000000000000        1075.1955789870822     
   105.75000000000000        1049.2661412082086     
   106.00000000000000        1033.5924009555588     
   106.25000000000000        1029.4119716871123     
   106.50000000000000        1037.8569879436600     
   106.75000000000000        1060.0332145366947     
   107.00000000000000        1097.0464162777098     
   107.25000000000000        1149.9496185196031     
   107.50000000000000        1219.5848887808943     
   107.75000000000000        1306.7415551215070     
   108.00000000000000        1412.2089456013668     
   108.25000000000000        1536.7500185510999     
   108.50000000000000        1681.0222533841441     
   108.75000000000000        1845.6567597846388     
   109.00000000000000        2031.2846474367250     
   109.25000000000000        2238.5370260245422     
   109.50000000000000        2468.0450052322303     
   109.75000000000000        2720.4396947439295     
   110.00000000000000        2996.3522042437803     
   110.25000000000000        3296.1550934740667     
   110.50000000000000        3619.1867224096441     
   110.75000000000000        3964.5269010835145     
   111.00000000000000        4331.2554395286788     
   111.25000000000000        4717.9350478944252     
   111.50000000000000        5121.0600367951893     
   111.75000000000000        5536.6076169616927     
   112.00000000000000        5960.5549991246598     
   112.25000000000000        6388.6208440729561     
   112.50000000000000        6815.4896128280188     
   112.75000000000000        7235.5872164694347     
   113.00000000000000        7643.3395660767856     
   113.25000000000000        8033.1725727296543     
   113.50000000000000        8399.5121475076267     
   113.75000000000000        8736.7842014902817     
   114.00000000000000        9039.4146457572078     
   114.25000000000000        9302.2553830879806     
   114.50000000000000        9521.8622830621625     
   114.75000000000000        9695.2172069593053     
   115.00000000000000        9819.3020160589713     
   115.25000000000000        9891.9505550407011     
   115.50000000000000        9914.4046021840095     
   115.75000000000000        9888.7579191683963     
   116.00000000000000        9817.1042676733523     
   116.25000000000000        9701.9634010783848     
   116.50000000000000        9547.5590395629661     
   116.75000000000000        9358.5408950065721     
   117.00000000000000        9139.5586792886752     
   117.25000000000000        8895.2621042887440     
   117.50000000000000        8630.3008818862563     
   117.75000000000000        8349.3247239606808     
   118.00000000000000        8056.9833423914952     
   118.25000000000000        7757.7167319923919     
   118.50000000000000        7455.1260193139706     
   118.75000000000000        7152.6026138410489     
   119.00000000000000        6853.5379250584447     
   119.25000000000000        6560.9039283194288     
   119.50000000000000        6275.9948624510644     
   119.75000000000000        5999.6855321488656     
   120.00000000000000        5732.8507421083450     
   120.25000000000000        5476.1555799592397     
   120.50000000000000        5229.4262650681858     
   120.75000000000000        4992.2792997360430     
   121.00000000000000        4764.3311862636729     
   121.25000000000000        4545.1984269519335     
   121.50000000000000        4334.4975241016855     
   121.75000000000000        4131.8449800137887     
   122.00000000000000        3936.8572969891025     
   122.25000000000000        3749.1667827017309     
   122.50000000000000        3568.4689663187510     
   122.75000000000000        3394.4751823804836     
   123.00000000000000        3226.8967654272487     
   123.25000000000000        3065.4766607458550     
   123.50000000000000        2910.0842566090573     
   123.75000000000000        2760.6205520360982     
   124.00000000000000        2616.9865460462188     
   124.25000000000000        2479.0990430319057     
   124.50000000000000        2346.9380688786177     
   124.75000000000000        2220.4994548450577     
   125.00000000000000        2099.7790321899288     
   125.25000000000000        1984.7726321719344     
   125.50000000000000        1875.4760860497770     
   125.75000000000000        1771.8852250821590     
   126.00000000000000        1673.9958805277838     
   126.25000000000000        1581.7988764925401     
   126.50000000000000        1495.2650084710590     
   126.75000000000000        1414.3600648051577     
   127.00000000000000        1339.0498338366529     
   127.25000000000000        1269.2900896017331     
   127.50000000000000        1204.9965489140723     
   127.75000000000000        1146.0749142817158     
   128.00000000000000        1092.4308882127089     
   128.25000000000000        1043.9651660622819     
   128.50000000000000        1000.5584145744094     
   128.75000000000000        962.08629334025011     
   129.00000000000000        928.42446195096375     
   129.25000000000000        899.44857999770954     
   129.50000000000000        875.03430707164682     
   129.75000000000000        855.05730276393524     
   130.00000000000000        839.39322666573389     
   130.25000000000000        827.91942858229550     
   130.50000000000000        820.52001917524444     
   130.75000000000000        817.08079932029932     
   131.00000000000000        817.48756989317758     
   131.25000000000000        821.62951219778358     
   131.50000000000000        829.40932925076629     
   131.75000000000000        840.73310449696066     
   132.00000000000000        855.50692138120189     
   132.25000000000000        873.63855356241811     
   132.50000000000000        895.04253555591015     
   132.75000000000000        919.63509209107144     
   133.00000000000000        947.33244789729576     
   133.25000000000000        978.05082770397689     
   133.50000000000000        1011.7064562405085     
   133.75000000000000        1048.2155582362841     
   134.00000000000000        1087.4943584206974     
   134.25000000000000        1129.4708177295920     
   134.50000000000000        1174.1198419246086     
   134.75000000000000        1221.4280729738377     
   135.00000000000000        1271.3821528453705     
   135.25000000000000        1323.9921959201963     
   135.50000000000000        1379.3622062309007     
   135.75000000000000        1437.6196602229684     
   136.00000000000000        1498.8920343418836     
   136.25000000000000        1563.3185412395808     
   136.50000000000000        1631.0853383937915     
   136.75000000000000        1702.3903194886975     
   137.00000000000000        1777.4313782084801     
   137.25000000000000        1856.4064082373213     
   137.50000000000000        1939.5133032594017     
   137.75000000000000        2026.9499569589032     
   138.00000000000000        2118.9142630200081     
   138.25000000000000        2215.5922312397156     
   138.50000000000000        2317.1223358663019     
   138.75000000000000        2423.6311672608604     
   139.00000000000000        2535.2453157844866     
   139.25000000000000        2652.0676040239123     
   139.50000000000000        2774.1057834684188     
   139.75000000000000        2901.3438378329279     
   140.00000000000000        3033.7657508323591     
   140.25000000000000        3171.3436222944515     
   140.50000000000000        3314.0020164982179     
   140.75000000000000        3461.6536138354927     
   141.00000000000000        3614.2110946981079     
   141.25000000000000        3771.5871394778965     
   141.50000000000000        3933.6944285666927     
   141.75000000000000        4100.4456423563288     
   142.00000000000000        4271.7534612386362     
   142.25000000000000        4447.6747524815792     
   142.50000000000000        4628.8431308576319     
   142.75000000000000        4816.0363980154016     
   143.00000000000000        5010.0323556034928     
   143.25000000000000        5211.8971790227670     
   143.50000000000000        5423.8505386831184     
   143.75000000000000        5648.4004787466938     
   144.00000000000000        5888.0550433756453     
   144.25000000000000        6145.4664636082516     
   144.50000000000000        6423.8637179873040     
   144.75000000000000        6726.6199719317237     
   145.00000000000000        7057.1083908604351     
   145.25000000000000        7418.7021401923594     
   145.50000000000000        7814.7743853464181     
   145.75000000000000        8248.6982917415335     
   146.00000000000000        8723.8470247966270     
   146.25000000000000        9243.0890233756545     
   146.50000000000000        9807.2738201227021     
   146.75000000000000        10416.746221126899     
   147.00000000000000        11071.851032477363     
   147.25000000000000        11771.923607153285     
   147.50000000000000        12512.261485694125     
   147.75000000000000        13287.152755529403     
   148.00000000000000        14090.885504088648     
   148.25000000000000        14917.243092246415     
   148.50000000000000        15757.989974657401     
   148.75000000000000        16604.385879421327     
   149.00000000000000        17447.690534637921     
   149.25000000000000        18279.163668406909     
   149.50000000000000        19090.065008828013     
   149.75000000000000        19871.654284000964     
   150.00000000000000        20615.191222025485     
   150.25000000000000        21312.413765250374     
   150.50000000000000        21956.972713020714     
   150.75000000000000        22542.997078930657     
   151.00000000000000        23064.615876574368     
   151.25000000000000        23516.914548044140     
   151.50000000000000        23898.804249424851     
   151.75000000000000        24210.152565299511     
   152.00000000000000        24450.827080251140     
   152.25000000000000        24621.173593111820     
   152.50000000000000        24723.450759709933     
   152.75000000000000        24760.395450122927     
   153.00000000000000        24734.744534428235     
   153.25000000000000        24649.234882703313     
   153.50000000000000        24506.603365025607     
   153.75000000000000        24309.586851472566     
   154.00000000000000        24060.922212121633     
   154.25000000000000        23763.422798489741     
   154.50000000000000        23420.207887851775     
   154.75000000000000        23034.473238922099     
   155.00000000000000        22609.414610415079     
   155.25000000000000        22148.380723924063     
   155.50000000000000        21655.332152558287     
   155.75000000000000        21134.382432305963     
   156.00000000000000        20589.645099155307     
   156.25000000000000        20025.310170534012     
   156.50000000000000        19445.873589627736     
   156.75000000000000        18855.907781061604     
   157.00000000000000        18259.985169460757     
   157.25000000000000        17662.678179450322     
   157.50000000000000        17068.559235655441     
   157.75000000000000        16482.200762701246     
   158.00000000000000        15908.175185212869     
   158.25000000000000        15350.780509851396     
   158.50000000000000        14813.217071421694     
   158.75000000000000        14298.410786764578     
   159.00000000000000        13809.287572720870     
   159.25000000000000        13348.224510203278     
   159.50000000000000        12915.403336412088     
   159.75000000000000        12510.456952619481     
   160.00000000000000        12133.018260097640     
   160.25000000000000        11782.445742154692     
   160.50000000000000        11457.000210242551     
   160.75000000000000        11154.668057849083     
   161.00000000000000        10873.435678462152     
   161.25000000000000        10611.289465569618     
   161.50000000000000        10366.215812659346     
   161.75000000000000        10136.201113219202     
   162.00000000000000        9919.2317607370424     
   162.25000000000000        9713.3783978839820     
   162.50000000000000        9517.0486640640993     
   162.75000000000000        9328.7344478647283     
   163.00000000000000        9146.9276378732011     
   163.25000000000000        8970.2886210433298     
   163.50000000000000        8798.1517777949030     
   163.75000000000000        8630.0199869141688     
   164.00000000000000        8465.3961271874068     
   164.25000000000000        8303.8673265841153     
   164.50000000000000        8145.3577098067854     
   164.75000000000000        7989.8756507411463     
   165.00000000000000        7837.4295232729328     
   165.25000000000000        7688.0277012878732     
   165.50000000000000        7541.6785586717033     
   165.75000000000000        7398.3904693101495     
   166.00000000000000        7258.1718070889447     
   166.25000000000000        7121.0224151152424     
   166.50000000000000        6986.9080133818725     
   166.75000000000000        6855.7857911030860     
   167.00000000000000        6727.6129374931334     
   167.25000000000000        6602.3295802091061     
   167.50000000000000        6479.8076006794499     
   167.75000000000000        6359.9018187754600     
   168.00000000000000        6242.4670543684233     
   168.25000000000000        6127.3495965510483     
   168.50000000000000        6014.3616113017270     
   168.75000000000000        5903.3067338202663     
   169.00000000000000        5793.9885993064763     
   169.25000000000000        5686.2108429601658     
   169.50000000000000        5579.7770999811437     
   169.75000000000000        5474.4910055692180     
   170.00000000000000        5370.1561949241996     
   170.25000000000000        5266.5858571210829     
   170.50000000000000        5163.6313967356109     
   170.75000000000000        5061.1537722187113     
   171.00000000000000        4959.0139420213136     
   171.25000000000000        4857.0919723447178     
   171.50000000000000        4755.3443603917203     
   171.75000000000000        4653.7467111154892     
   172.00000000000000        4552.2746294691915     
   172.25000000000000        4450.9132742811817     
   172.50000000000000        4349.6860198805607     
   172.75000000000000        4248.6257944716162     
   173.00000000000000        4147.7655262586350     
   173.25000000000000        4047.1381434459054     
   173.50000000000000        3946.7765742377137     
   173.75000000000000        3846.7137468383489     
   174.00000000000000        3746.9825894520977     
   174.25000000000000        3647.6163598891530     
   174.50000000000000        3548.6496343833292     
   174.75000000000000        3450.1173187743448     
   175.00000000000000        3352.0543189019213     
   175.25000000000000        3254.4961998175881     
   175.50000000000000        3157.4811634201183     
   175.75000000000000        3061.0480708200953     
   176.00000000000000        2965.2357831281051     
   176.25000000000000        2870.0834910606350     
   176.50000000000000        2775.6317037577969     
   176.75000000000000        2681.9212599656062     
   177.00000000000000        2588.9929984300807     
   177.25000000000000        2496.8877578972351     
   177.50000000000000        2405.6463771130857     
   177.75000000000000        2315.3096948236480     
   178.00000000000000        2225.9185497749399     
   178.25000000000000        2137.5276588958327     
   178.50000000000000        2050.2472518466252     
   178.75000000000000        1964.2014364704726     
   179.00000000000000        1879.5143206105297     
   179.25000000000000        1796.3377684756651     
   179.50000000000000        1714.9346697375959     
   179.75000000000000        1635.5956704337525     
   180.00000000000000        1558.6114166015664     
   180.25000000000000        1484.2864324613247     
   180.50000000000000        1412.9807549647460     
   180.75000000000000        1345.0682992464065     
   181.00000000000000        1280.9229804408831     
   181.25000000000000        1220.9187136827461     
   181.50000000000000        1165.4294141065507     
   181.75000000000000        1114.8289968468466     
   182.00000000000000        1069.4913770381829     
   182.25000000000000        1029.7754142179035     
   182.50000000000000        995.97974553452411     
   182.75000000000000        968.38795253935518     
   183.00000000000000        947.28361678370595     
   183.25000000000000        932.92020862437926     
   183.50000000000000        925.43075364014794     
   183.75000000000000        924.91816621527755     
   184.00000000000000        931.48536073403352     
   184.25000000000000        945.22019598368729     
   184.50000000000000        966.15030836353174     
   184.75000000000000        994.28827867586529     
   185.00000000000000        1029.6466877229864     
   185.25000000000000        1072.2381163063408     
   185.50000000000000        1122.0751452239617     
   185.75000000000000        1179.1703552730305     
   186.00000000000000        1243.5363272507277     
   186.25000000000000        1315.3452796223512     
   186.50000000000000        1395.4079815256700     
   186.75000000000000        1484.6948397665703     
   187.00000000000000        1584.1762611509389     
   187.25000000000000        1695.1419278026499     
   187.50000000000000        1820.1586231175313     
   187.75000000000000        1962.1124058093994     
   188.00000000000000        2123.8893345920696     
   188.25000000000000        2308.5351058886304     
   188.50000000000000        2519.7339669592589     
   188.75000000000000        2761.3298027734036     
   189.00000000000000        3037.1664983005148     
   189.25000000000000        3351.0879383445695     
   189.50000000000000        3706.9380070476600     
   189.75000000000000        4108.5605883864100     
   190.00000000000000        4559.7995663374377     
   190.25000000000000        5064.0931283527543     
   190.50000000000000        5623.2566757859249     
   190.75000000000000        6238.6999134659045     
   191.00000000000000        6911.8325462216471     
   191.25000000000000        7643.2528822930690     
   191.50000000000000        8430.3136435639535     
   191.75000000000000        9269.5561553290390     
   192.00000000000000        10157.521742883069     
   192.25000000000000        11090.346042979958     
   192.50000000000000        12062.541938210274     
   192.75000000000000        13068.216622623764     
   193.00000000000000        14101.477290270162     
   193.25000000000000        15156.431103098632     
   193.50000000000000        16227.185094656010     
   193.75000000000000        17307.846266388544     
   194.00000000000000        18392.521619742492     
   194.25000000000000        19475.254370662595     
   194.50000000000000        20549.832593087533     
   194.75000000000000        21609.980575454487     
   195.00000000000000        22649.422606200620     
   195.25000000000000        23661.754716054664     
   195.50000000000000        24640.059904911555     
   195.75000000000000        25577.292914957783     
   196.00000000000000        26466.408488379835     
   196.25000000000000        27300.299130674372     
   196.50000000000000        28071.608400578705     
   196.75000000000000        28772.917620140328     
   197.00000000000000        29396.808111406703     
   197.25000000000000        29935.854969078031     
   197.50000000000000        30382.608378465309     
   197.75000000000000        30729.612297532240     
   198.00000000000000        30969.410684242517     
   198.25000000000000        31095.255893819522     
   198.50000000000000        31103.233870525346     
   198.75000000000000        30990.138955881750     
   199.00000000000000        30752.765491410515     
   199.25000000000000        30389.191395840993     
   199.50000000000000        29902.628896732946     
   199.75000000000000        29297.573798853729     

