#TitleText:Ni(001)-(5x5)-Li     Beam (4/5,3/5)            Rfac10=       0.6864
 IV theory
   68.250000000000000        20.392069447204641     
   68.500000000000000        21.112047289482529     
   68.750000000000000        21.843220887679792     
   69.000000000000000        22.583644251526525     
   69.250000000000000        23.331371390752846     
   69.500000000000000        24.084456315088850     
   69.750000000000000        24.840953034264633     
   70.000000000000000        25.598915558010312     
   70.250000000000000        26.356435282865494     
   70.500000000000000        27.111753152607871     
   70.750000000000000        27.863147497824645     
   71.000000000000000        28.608896649103031     
   71.250000000000000        29.347353710649248     
   71.500000000000000        30.077170881145683     
   71.750000000000000        30.797075132893742     
   72.000000000000000        31.505793438194818     
   72.250000000000000        32.202090156159848     
   72.500000000000000        32.884879193137820     
   72.750000000000000        33.553111842287237     
   73.000000000000000        34.205739396766617     
   73.250000000000000        34.841713149734453     
   73.500000000000000        35.459984394349263     
   73.750000000000000        36.059504423769546     
   74.000000000000000        36.639224531153822     
   74.250000000000000        37.198170471112952     
   74.500000000000000        37.735665844067285     
   74.750000000000000        38.251108711889486     
   75.000000000000000        38.743897136452304     
   75.250000000000000        39.213578102533127     
   75.500000000000000        39.660294286528327     
   75.750000000000000        40.084337287738968     
   76.000000000000000        40.485998705466152     
   76.250000000000000        40.865644600463312     
   76.500000000000000        41.223938879293357     
   76.750000000000000        41.561619909971547     
   77.000000000000000        41.879426060513168     
   77.250000000000000        42.178095698933504     
   77.500000000000000        42.458367193247803     
   77.750000000000000        42.720978911471342     
   78.000000000000000        42.966669221619405     
   78.250000000000000        43.196218258671344     
   78.500000000000000        43.410573225463004     
   78.750000000000000        43.610723091794277     
   79.000000000000000        43.797656827465062     
   79.250000000000000        43.972446936203497     
   79.500000000000000        44.136500057450576     
   79.750000000000000        44.291306364575469     
   80.000000000000000        44.438356030947389     
   80.250000000000000        44.579180996899616     
   80.500000000000000        44.715480270621889     
   80.750000000000000        44.848994627268041     
   81.000000000000000        44.981464841991908     
   81.250000000000000        45.114631689947302     
   81.500000000000000        45.250235946288079     
   81.750000000000000        45.390018386168066     
   82.000000000000000        45.535719784741097     
   82.250000000000000        45.689050737739109     
   82.500000000000000        45.851601123206471     
   82.750000000000000        46.024930639765671     
   83.000000000000000        46.210598986039159     
   83.250000000000000        46.410105501805646     
   83.500000000000000        46.624708091468655     
   83.750000000000000        46.855604300587956     
   84.000000000000000        47.103991674723318     
   84.250000000000000        47.371037580012583     
   84.500000000000000        47.657788664906072     
   84.750000000000000        47.965261398432162     
   85.000000000000000        48.294472249619254     
   85.250000000000000        48.646437687495748     
   85.500000000000000        49.022174181090037     
   85.750000000000000        49.422698199430563     
   86.000000000000000        49.849026211545663     
   86.250000000000000        50.302098336952525     
   86.500000000000000        50.782549297123268     
   86.750000000000000        51.290937464018718     
   87.000000000000000        51.827821209599811     
   87.250000000000000        52.393606206804847     
   87.500000000000000        52.988087332482188     
   87.750000000000000        53.610906764457589     
   88.000000000000000        54.261706680556891     
   88.250000000000000        54.940052909094632     
   88.500000000000000        55.645205880340328     
   88.750000000000000        56.376349675052303     
   89.000000000000000        57.132668373988757     
   89.250000000000000        57.913346057908022     
   89.500000000000000        58.717566807568339     
   89.750000000000000        59.544514703728012     
   90.000000000000000        60.393373827145261     
   90.250000000000000        61.263272573146736     
   90.500000000000000        62.153116595332158     
   90.750000000000000        63.061755861869706     
   91.000000000000000        63.988040340927462     
   91.250000000000000        64.930708629810141     
   91.500000000000000        65.888053842368905     
   91.750000000000000        66.858257721591528     
   92.000000000000000        67.839502010465793     
   92.250000000000000        68.829912766547778     
   92.500000000000000        69.827393305666789     
   92.750000000000000        70.829791258220411     
   93.000000000000000        71.834954254606288     
   93.250000000000000        72.840729925222007     
   93.500000000000000        73.844965900465183     
   93.750000000000000        74.845509810733432     
   94.000000000000000        75.840209286424326     
   94.250000000000000        76.826913519464071     
   94.500000000000000        77.803477947892759     
   94.750000000000000        78.767759571279228     
   95.000000000000000        79.717615389192090     
   95.250000000000000        80.650905524257155     
   95.500000000000000        81.565502591328269     
   95.750000000000000        82.459282328316391     
   96.000000000000000        83.330120473132482     
   96.250000000000000        84.175894325215950     
   96.500000000000000        84.994487430120330     
   96.750000000000000        85.783784894927663     
   97.000000000000000        86.541671826719991     
   97.250000000000000        87.266033332579326     
   97.500000000000000        87.954754519587738     
   97.750000000000000        88.605720494827224     
   98.000000000000000        89.216816365379884     
   98.250000000000000        89.785990654768696     
   98.500000000000000        90.311445552280759     
   98.750000000000000        90.791446663644066     
   99.000000000000000        91.224259594586698     
   99.250000000000000        91.608276783718679     
   99.500000000000000        91.942398001178063     
   99.750000000000000        92.225649849984933     
   100.00000000000000        92.457058933159303     
   100.25000000000000        92.635715270162265     
   100.50000000000000        92.760962546218877     
   100.75000000000000        92.832207862995205     
   101.00000000000000        92.848858322157270     
   101.25000000000000        92.810321025371195     
   101.50000000000000        92.716003074302975     
   101.75000000000000        92.565311570618718     
   102.00000000000000        92.357653615984475     
   102.25000000000000        92.092515158252695     
   102.50000000000000        91.769697530021375     
   102.75000000000000        91.389080910074838     
   103.00000000000000        90.950545477197466     
   103.25000000000000        90.454129102546389     
   103.50000000000000        89.900500426769838     
   103.75000000000000        89.290485782888737     
   104.00000000000000        88.624911503924068     
   104.25000000000000        87.904682769083180     
   104.50000000000000        87.131020142318988     
   104.75000000000000        86.305223033770716     
   105.00000000000000        85.428590853577660     
   105.25000000000000        84.502423011879074     
   105.50000000000000        83.528018918814254     
   105.75000000000000        82.506677984522454     

