#TitleText:Ni(001)-(5x5)-Li     Beam (1,1)                Rfac10=       0.8432
 IV theory
   86.250000000000000        2006.1310057838980     
   86.500000000000000        2073.1278732846840     
   86.750000000000000        2145.9314148050635     
   87.000000000000000        2224.5765273819866     
   87.250000000000000        2308.9714471882744     
   87.500000000000000        2398.5177669402283     
   87.750000000000000        2492.4904184900201     
   88.000000000000000        2590.1643336898205     
   88.250000000000000        2690.7511139597368     
   88.500000000000000        2793.2090389916148     
   88.750000000000000        2896.4330580452365     
   89.000000000000000        2999.3181203803865     
   89.250000000000000        3100.7591752568428     
   89.500000000000000        3199.6511719343912     
   89.750000000000000        3294.8890596728097     
   90.000000000000000        3385.3677877318837     
   90.250000000000000        3470.0329542603695     
   90.500000000000000        3548.0327529629326     
   90.750000000000000        3618.5660264332132     
   91.000000000000000        3680.8316172648510     
   91.250000000000000        3734.1296658294418     
   91.500000000000000        3778.1655036103889     
   91.750000000000000        3812.7457598690530     
   92.000000000000000        3837.6770638667881     
   92.250000000000000        3852.8166937539336     
   92.500000000000000        3858.2245232367263     
   92.750000000000000        3854.0110749103860     
   93.000000000000000        3840.2868713701278     
   93.250000000000000        3817.1624352111703     
   93.500000000000000        3784.7482890287288     
   93.750000000000000        3743.1549554180206     
   94.000000000000000        3692.4929569742649     
   94.250000000000000        3632.9137421795781     
   94.500000000000000        3564.7324630636895     
   94.750000000000000        3488.3051975432286     
   95.000000000000000        3403.9880235348242     
   95.250000000000000        3312.2188707289097     
   95.500000000000000        3213.7630759111389     
   95.750000000000000        3109.4678276409636     
   96.000000000000000        3000.1803144778401     
   96.250000000000000        2886.7886508681254     
   96.500000000000000        2770.3446548057864     
   96.750000000000000        2651.9410701716888     
   97.000000000000000        2532.6706408467021     
   97.250000000000000        2413.6261107116929     
   97.500000000000000        2295.9002236475294     
   97.750000000000000        2180.5857235350791     
   98.000000000000000        2068.7753542552100     
   98.250000000000000        1961.4949206496199     
   98.500000000000000        1859.5024714033266     
   98.750000000000000        1763.4891161621774     
   99.000000000000000        1674.1459645720211     
   99.250000000000000        1592.0302482003651     
   99.500000000000000        1517.1636863013573     
   99.750000000000000        1449.4341200508059     
   100.00000000000000        1388.7293906245191     
   100.25000000000000        1334.8704001591343     
   100.50000000000000        1287.4102946346102     
   100.75000000000000        1245.8352809917351     
   101.00000000000000        1209.6315661712968     
   101.25000000000000        1178.2853571140834     
   101.50000000000000        1151.2828607608833     
   101.75000000000000        1128.1102840524845     
   102.00000000000000        1108.2538339296755     
   102.25000000000000        1091.2220334684346     
   102.50000000000000        1076.6126702855033     
   102.75000000000000        1064.0458481328146     
   103.00000000000000        1053.1416707623000     
   103.25000000000000        1043.5648741962736     
   103.50000000000000        1035.1587235385741     
   103.75000000000000        1027.8111161634220     
   104.00000000000000        1021.4099494450378     
   104.25000000000000        1015.8654368928325     
   104.50000000000000        1011.1770565569801     
   104.75000000000000        1007.3666026228447     
   105.00000000000000        1004.4558692757911     
   105.25000000000000        1002.4666507011835     
   105.50000000000000        1001.4207410843869     
   105.75000000000000        1001.3399346107657     
   106.00000000000000        1002.2460254656839     
   106.25000000000000        1004.1600093907642     
   106.50000000000000        1007.0996883526606     
   106.75000000000000        1011.0820658742840     
   107.00000000000000        1016.1241454785463     
   107.25000000000000        1022.2413338008751     
   107.50000000000000        1029.4426499267599     
   107.75000000000000        1037.7355160542068     
   108.00000000000000        1047.1273543812210     
   108.25000000000000        1057.6247886620667     
   108.50000000000000        1069.2312488760381     
   108.75000000000000        1081.9493665586888     
   109.00000000000000        1095.7817732455712     
   109.25000000000000        1110.7311004722380     
   109.50000000000000        1126.7999797742423     
   109.75000000000000        1143.9910426871363     
   110.00000000000000        1162.3069207464732     
   110.25000000000000        1181.7495850356652     
   110.50000000000000        1202.3183648295635     
   110.75000000000000        1224.0119289508777     
   111.00000000000000        1246.8289462223186     
   111.25000000000000        1270.7667645623151     
   111.50000000000000        1295.8174482721740     
   111.75000000000000        1321.9717407489200     
   112.00000000000000        1349.2203853895790     
   112.25000000000000        1377.5534651390356     
   112.50000000000000        1406.9584211336125     
   112.75000000000000        1437.4220340574934     
   113.00000000000000        1468.9310845948605     
   113.25000000000000        1501.4723534298969     
   113.50000000000000        1535.0326212467858     
   113.75000000000000        1569.5986687297088     
   114.00000000000000        1605.1572765628500     
   114.25000000000000        1641.7080107241839     
   114.50000000000000        1679.3015783668566     
   114.75000000000000        1718.0014719378073     
   115.00000000000000        1757.8711838839738     
   115.25000000000000        1798.9997772398804     
   115.50000000000000        1841.5785973903915     
   115.75000000000000        1885.8245603079572     
   116.00000000000000        1931.9545819650282     
   116.25000000000000        1980.1983636278460     
   116.50000000000000        2030.8367477378251     
   116.75000000000000        2084.1633620301709     
   117.00000000000000        2140.4718342400884     
   117.25000000000000        2200.0557921027844     
   117.50000000000000        2263.2088633534645     
   117.75000000000000        2330.2246757273338     
   118.00000000000000        2401.3968569595991     
   118.25000000000000        2476.9512810893225     
   118.50000000000000        2556.8428073709983     
   118.75000000000000        2640.9585413629757     
   119.00000000000000        2729.1855886236058     
   119.25000000000000        2821.2755473189536     
   119.50000000000000        2916.4379860459430     
   119.75000000000000        3013.7469660092147     
   120.00000000000000        3112.2765484134088     
   120.25000000000000        3211.0330407670199     
   120.50000000000000        3308.7517357939751     
   120.75000000000000        3404.1001725220594     
   121.00000000000000        3495.7458899790577     
   121.25000000000000        3582.3564271927512     
   121.50000000000000        3662.5993231909270     
   121.75000000000000        3735.1421170013673     
   122.00000000000000        3798.6523476518555     
   122.25000000000000        3851.8839645346329     
   122.50000000000000        3893.9365584997581     
   122.75000000000000        3923.9961307617441     
   123.00000000000000        3941.2486825351075     
   123.25000000000000        3945.0530357632715     
   123.50000000000000        3935.4592953053034     
   123.75000000000000        3912.6903867491760     
   124.00000000000000        3876.9692356828668     
   124.25000000000000        3828.6051780588059     
   124.50000000000000        3768.2531912872446     
   124.75000000000000        3696.6546631428887     
   125.00000000000000        3614.5509814004440     
   125.25000000000000        3522.6835338346164     
   125.50000000000000        3421.7937082201129     
   125.75000000000000        3312.6228923316385     
   126.00000000000000        3195.9124739438994     
   126.25000000000000        3072.4185747839706     
   126.50000000000000        2942.9562523884033     
   126.75000000000000        2808.3552982461165     
   127.00000000000000        2669.4455038460305     
   127.25000000000000        2527.0861285818023     
   127.50000000000000        2382.2543034660403     
   127.75000000000000        2235.9566274160929     
   128.00000000000000        2089.1996993493053     
   128.25000000000000        1943.0048521353938     
   128.50000000000000        1798.4523544535500     
   128.75000000000000        1656.6372089353338     
   129.00000000000000        1518.6544182123064     
   129.25000000000000        1385.5989849160276     
   129.50000000000000        1258.5659116780578     
   129.75000000000000        1138.6502011299576     
   130.00000000000000        1026.9468559032873     
   130.25000000000000        924.47023519176832     
   130.50000000000000        831.91212443776521     
   130.75000000000000        749.88366564580429     
   131.00000000000000        678.99600082041127     
   131.25000000000000        619.69898509043401     
   131.50000000000000        571.79732608200732     
   131.75000000000000        534.93444454558824     
   132.00000000000000        508.75376123163363     
   132.25000000000000        492.81805345276126     
   132.50000000000000        486.36752477023282     
   132.75000000000000        488.56173530747037     
   133.00000000000000        498.56024518789656     
   133.25000000000000        515.52261453493372     
   133.50000000000000        538.60840347200417     
   133.75000000000000        566.97717212253031     
   134.00000000000000        599.78848060993471     
   134.25000000000000        636.23949182991544     
   134.50000000000000        675.67777976727439     
   134.75000000000000        717.48852117908905     
   135.00000000000000        761.05689282243736     
   135.25000000000000        805.84327699894857     
   135.50000000000000        851.60887818845924     
   135.75000000000000        898.19010641535738     
   136.00000000000000        945.42337170403118     
   136.25000000000000        993.18268685114492     
   136.50000000000000        1041.4924757424662     
   136.75000000000000        1090.4147650360383     
   137.00000000000000        1140.0115813899047     
   137.25000000000000        1190.3449514621093     
   137.50000000000000        1241.4769019106950     
   137.75000000000000        1293.4694593937054     
   138.00000000000000        1346.3846505691840     
   138.25000000000000        1400.2812744292967     
   138.50000000000000        1455.2052193026984     
   138.75000000000000        1511.1991458521652     
   139.00000000000000        1568.3057147404747     
   139.25000000000000        1626.5611312986484     
   139.50000000000000        1685.9757795306855     
   139.75000000000000        1746.5535881088294     
   140.00000000000000        1808.2984857053248     
   140.25000000000000        1871.2111733265374     
   140.50000000000000        1935.2794413153222     
   140.75000000000000        2000.4878523486568     
   141.00000000000000        2066.8209691035186     
   141.25000000000000        2134.2633542568847     
   141.50000000000000        2202.7995704857321     
   141.75000000000000        2272.4141804670389     
   142.00000000000000        2343.0917468777830     
   142.25000000000000        2414.8188188726140     
   142.50000000000000        2487.5898915168791     
   142.75000000000000        2561.4014463535996     
   143.00000000000000        2636.2499649257957     
   143.25000000000000        2712.1359017318350     
   143.50000000000000        2789.0756030914777     
   143.75000000000000        2867.0893882798314     
   144.00000000000000        2946.1975765720017     
   144.25000000000000        3026.4224737207710     
   144.50000000000000        3107.7943313896153     
   144.75000000000000        3190.3453877196830     
   145.00000000000000        3274.1078808521279     
   145.25000000000000        3359.1140489280965     
   145.50000000000000        3445.3961300887427     
   145.75000000000000        3532.9863624752143     
   146.00000000000000        3621.9169842286619     
   146.25000000000000        3712.2295910015487     
   146.50000000000000        3804.0032084915770     
   146.75000000000000        3897.3262199077608     
   147.00000000000000        3992.2870084591191     
   147.25000000000000        4088.9926723772855     
   147.50000000000000        4187.6251699843833     
   147.75000000000000        4288.3851746251603     
   148.00000000000000        4391.4733596443575     
   148.25000000000000        4497.0997558980325     
   148.50000000000000        4605.5118242874851     
   148.75000000000000        4716.9663832253236     
   149.00000000000000        4831.7202511241567     
   149.25000000000000        4950.0302463965945     
   149.50000000000000        5072.1531874552502     
   149.75000000000000        5198.3458927127294     
   150.00000000000000        5328.8651805816426     
   150.25000000000000        5463.9546301163937     
   150.50000000000000        5603.8048629385594     
   150.75000000000000        5748.5932613115119     
   151.00000000000000        5898.4972074986181     
   151.25000000000000        6053.6676050468386     
   151.50000000000000        6214.1494426374784     
   151.75000000000000        6379.9612302354299     
   152.00000000000000        6551.1214778055846     
   152.25000000000000        6727.6354559546298     
   152.50000000000000        6909.4554778564243     
   152.75000000000000        7096.5206173266233     
   153.00000000000000        7288.7699481808786     
   153.25000000000000        7486.1425442348427     
   153.50000000000000        7688.5774793041710     
   153.75000000000000        7896.0138272045178     
   154.00000000000000        8108.3906617515349     
   154.25000000000000        8325.7549192693696     
   154.50000000000000        8548.5849861161478     
   154.75000000000000        8777.4671111584830     
   155.00000000000000        9012.9875432629997     
   155.25000000000000        9255.9482563133006     
   155.50000000000000        9508.0141242609425     
   155.75000000000000        9771.0657460744787     
   156.00000000000000        10046.983720722452     
   156.25000000000000        10337.756509681907     
   156.50000000000000        10645.804024463860     
   156.75000000000000        10973.654039087827     
   157.00000000000000        11323.834327573317     
   157.25000000000000        11698.872663939837     
   157.50000000000000        12101.296822206912     
   157.75000000000000        12533.634576394044     
   158.00000000000000        12998.413700520747     
   158.25000000000000        13497.696969313889     
   158.50000000000000        14031.687160329746     
   158.75000000000000        14600.122051831946     
   159.00000000000000        15202.739422084122     
   159.25000000000000        15838.347050764609     
   159.50000000000000        16502.032723210570     
   159.75000000000000        17187.954226173868     
   160.00000000000000        17890.269346406363     
   160.25000000000000        18602.670871367285     
   160.50000000000000        19316.991591345257     
   160.75000000000000        20024.599297336274     
   161.00000000000000        20716.861780336305     
   161.25000000000000        21385.146831341346     
   161.50000000000000        22020.822241347370     
   161.75000000000000        22615.255801350369     
   162.00000000000000        23159.815302346331     
   162.25000000000000        23646.387456155306     
   162.50000000000000        24068.934657893653     
   162.75000000000000        24421.938223501802     
   163.00000000000000        24699.879468920179     
   163.25000000000000        24898.277551737374     
   163.50000000000000        25016.802996134549     
   163.75000000000000        25056.164167941042     
   164.00000000000000        25017.069432986162     
   164.25000000000000        24900.746077923315     
   164.50000000000000        24710.497072702194     
   164.75000000000000        24450.144308096558     
   165.00000000000000        24123.509674880199     
   165.25000000000000        23734.415063826866     
   165.50000000000000        23286.682365710349     
   165.75000000000000        22784.133471304402     
   166.00000000000000        22230.590271382796     
   166.25000000000000        21629.938843673772     
   166.50000000000000        20986.322013723420     
   166.75000000000000        20303.946794032316     
   167.00000000000000        19587.020197101010     
   167.25000000000000        18839.877609339012     
   167.50000000000000        18067.367912791531     
   167.75000000000000        17274.468363412725     
   168.00000000000000        16466.156217156742     
   168.25000000000000        15647.472916932205     
   168.50000000000000        14823.716653465593     
   168.75000000000000        14000.249804437854     
   169.00000000000000        13182.434747529931     
   169.25000000000000        12375.633860422769     
   169.50000000000000        11585.209520797325     
   169.75000000000000        10816.524106334529     
   170.00000000000000        10074.939994715345     
   170.25000000000000        9365.4632681352414     
   170.50000000000000        8691.6748268478477     
   170.75000000000000        8056.7992756213225     
   171.00000000000000        7464.0612192238232     
   171.25000000000000        6915.9726714525787     
   171.50000000000000        6412.1952822211051     
   171.75000000000000        5951.6781104719830     
   172.00000000000000        5533.3702151477964     
   172.25000000000000        5155.8643597056644     
   172.50000000000000        4816.3281256608470     
   172.75000000000000        4511.5727990431415     
   173.00000000000000        4238.4096658823410     
   173.25000000000000        3993.6500122082434     
   173.50000000000000        3774.1051240506445     
   173.75000000000000        3576.5862874393383     
   174.00000000000000        3397.9047884041238     
   174.25000000000000        3235.0088746450569     
   174.50000000000000        3085.3946405432498     
   174.75000000000000        2946.6951421500789     
   175.00000000000000        2816.5434355169173     
   175.25000000000000        2692.8465000356659     
   175.50000000000000        2574.6070084603321     
   175.75000000000000        2461.1015568854477     
   176.00000000000000        2351.6067414055456     
   176.25000000000000        2245.5361197854213     
   176.50000000000000        2142.8510964709226     
   176.75000000000000        2043.6500375781623     
   177.00000000000000        1948.0313092232514     
   177.25000000000000        1856.0932775223012     
   177.50000000000000        1767.9343085914231     
   177.75000000000000        1683.6527685467290     
   178.00000000000000        1603.3470235043303     
   178.25000000000000        1527.1019768567105     
   178.50000000000000        1454.9486811018442     
   178.75000000000000        1386.9047260140762     
   179.00000000000000        1322.9877013677542     
   179.25000000000000        1263.1882714899682     
   179.50000000000000        1207.3893989187895     
   179.75000000000000        1155.4471207450338     
   180.00000000000000        1107.2174740595162     
   180.25000000000000        1062.5430332294256     
   180.50000000000000        1021.2125217274388     
   180.75000000000000        983.00120030260587     
   181.00000000000000        947.68432970397623     
   181.25000000000000        915.03717068060041     
   181.50000000000000        884.83498398152983     
   181.75000000000000        856.85303035581649     
   182.00000000000000        830.86657055251260     
   182.25000000000000        806.66046022338912     
   182.50000000000000        784.05793463109296     
   182.75000000000000        762.89182394099066     
   183.00000000000000        742.99495831844808     
   183.25000000000000        724.21935773427754     
   183.50000000000000        706.49380138107506     
   183.75000000000000        689.76625825688336     
   184.00000000000000        673.98469735974459     
   184.25000000000000        659.10668259040199     
   184.50000000000000        645.12815746040314     
   184.75000000000000        632.05466038399641     
   185.00000000000000        619.89172977543035     
   185.25000000000000        608.64490404902574     
   185.50000000000000        598.31972161939291     
   185.75000000000000        588.92172090121460     
   186.00000000000000        580.45644030917344     
   186.25000000000000        572.93108226358481     
   186.50000000000000        566.35950520729421     
   186.75000000000000        560.75723158877975     
   187.00000000000000        556.13978385651956     
   187.25000000000000        552.52601247180519     
   187.50000000000000        549.94807994718155     
   187.75000000000000        548.44147680800711     
   188.00000000000000        548.04169357963997     
   188.25000000000000        548.78588478957931     
   188.50000000000000        550.71786097388690     
   188.75000000000000        553.88309667076498     
   189.00000000000000        558.32706641841628     
   189.25000000000000        564.09524476908291     
   189.50000000000000        571.23310633116705     
   189.75000000000000        579.78612572711052     
   190.00000000000000        589.79977757935546     
   190.25000000000000        601.31642129942190     
   190.50000000000000        614.36595545514274     
   190.75000000000000        628.97516340342895     
   191.00000000000000        645.17082850119164     
   191.25000000000000        662.97350398384447     
   191.50000000000000        682.37882260081153     
   191.75000000000000        703.37618698001904     
   192.00000000000000        725.95499974939389     
   192.25000000000000        750.10154764853269     
   192.50000000000000        775.78965386371306     
   192.75000000000000        802.99002569288291     
   193.00000000000000        831.67337043398970     
   193.25000000000000        861.81039810865354     
   193.50000000000000        893.37182963318082     
   193.75000000000000        926.32838864755081     
   194.00000000000000        960.65079879174186     
   194.25000000000000        996.33969722797042     
   194.50000000000000        1033.5153752074020     
   194.75000000000000        1072.3280375034396     
   195.00000000000000        1112.9278888894862     
   195.25000000000000        1155.5250194490377     
   195.50000000000000        1200.5690605059615     
   195.75000000000000        1248.5695286942178     
   196.00000000000000        1300.0359406477662     
   196.25000000000000        1355.5075951091487     
   196.50000000000000        1415.6429192552330     
   196.75000000000000        1481.1301223714679     
   197.00000000000000        1552.6574137433029     
   197.25000000000000        1630.9135310344820     
   197.50000000000000        1716.5893254219311     
   197.75000000000000        1810.3761764608714     
   198.00000000000000        1912.9654637065244     
   198.25000000000000        2024.9860127147033     
   198.50000000000000        2146.8164330435961     
   198.75000000000000        2278.7727802519826     
   199.00000000000000        2421.1711098986434     
   199.25000000000000        2574.2136727731122     
   199.50000000000000        2737.6475005879374     
   199.75000000000000        2911.1058202864251     

