
          COORDINATES AFTER SORTING

        -3.57939509      -6.37258979      -6.37258979
        -3.57939509      -6.37258979       6.37258979
        -3.57939509       6.37258979      -6.37258979
        -3.57939509       6.37258979       6.37258979
        -3.43572779      -7.67844991       0.00000000
        -3.43572779       7.67844991       0.00000000
        -3.43572779       0.00000000      -7.67844991
        -3.43572779       0.00000000       7.67844991
        -3.24310019       0.00000000       0.00000000
        -0.63383743      11.76748582      -2.37051040
        -0.63383743      11.76748582       2.37051040
        -0.63383743      -2.37051040      11.76748582
        -0.63383743       2.37051040      11.76748582
        -0.29584121      -2.46729679      -2.46729679
        -0.29584121      -2.46729679       2.46729679
        -0.29584121       2.46729679      -2.46729679
        -0.29584121       2.46729679       2.46729679
         0.09073724      -7.15689981      -2.87693762
         0.09073724      -7.15689981       2.87693762
         0.09073724       7.15689981      -2.87693762
         0.09073724       7.15689981       2.87693762
         0.09073724      -2.87693762      -7.15689981
         0.09073724      -2.87693762       7.15689981
         0.09073724       2.87693762      -7.15689981
         0.09073724       2.87693762       7.15689981
         0.16521739      11.76748582      -7.89130435
         0.16521739      11.76748582       7.89130435
         0.16521739      -7.89130435      11.76748582
         0.16521739       7.89130435      11.76748582
         0.77258979      -6.93913043      -6.93913043
         0.77258979      -6.93913043       6.93913043
         0.77258979       6.93913043      -6.93913043
         0.77258979       6.93913043       6.93913043
         2.83024575       0.00000000       0.00000000
         2.85935728      -9.45576560      -4.83799622
         2.85935728      -9.45576560       4.83799622
         2.85935728       9.45576560      -4.83799622
         2.85935728       9.45576560       4.83799622
         2.85935728      -4.83799622      -9.45576560
         2.85935728      -4.83799622       9.45576560
         2.85935728       4.83799622      -9.45576560
         2.85935728       4.83799622       9.45576560
         2.92854442      -9.23931947      -9.23931947
         2.92854442      -9.23931947       9.23931947
         2.92854442       9.23931947      -9.23931947
         2.92854442       9.23931947       9.23931947
         3.03553875      -9.59829868       0.00000000
         3.03553875       9.59829868       0.00000000
         3.03553875       0.00000000      -9.59829868
         3.03553875       0.00000000       9.59829868
         3.40945180      -4.94064272       0.00000000
         3.40945180       4.94064272       0.00000000
         3.40945180       0.00000000      -4.94064272
         3.40945180       0.00000000       4.94064272
         3.44820416      -4.36805293      -4.36805293
         3.44820416      -4.36805293       4.36805293
         3.44820416       4.36805293      -4.36805293
         3.44820416       4.36805293       4.36805293

 DIRECTION SET SEARCH COMPLETE 
 ======================= 

 CONVERGENCE TOLERANCE ACHIEVED =*******
 DIMENSIONALITY OF SEARCH=*****
 ISMOTH=    1

 COORDINATES AT MINIMUM;  LSFLAG

  0.00000000  0.00000000  0.00000000   1
  0.00000000  0.00000000  0.00000000   1
  0.00000000  0.00000000  0.00000000   1
  0.00000000  0.00000000  0.00000000   1
  0.00000000  0.00000000  0.00000000   1
  0.00000000  0.00000000  0.00000000   1
  0.00000000  0.00000000  0.00000000   1
  0.00000000  0.00000000  0.00000000   1
  0.00000000  0.00000000  0.00000000   1
  0.00000000  0.00000000  0.00000000   1
  0.00000000  0.00000000  0.00000000   1
  0.00000000  0.00000000  0.00000000   1
  0.00000000  0.00000000  0.00000000   1
  0.00000000  0.00000000  0.00000000   1
  0.00000000  0.00000000  0.00000000   1
  0.00000000  0.00000000  0.00000000   1
  0.00000000  0.00000000  0.00000000   1
  0.00000000  0.00000000  0.00000000   1
  0.00000000  0.00000000  0.00000000   1
  0.00000000  0.00000000  0.00000000   1
  0.00000000  0.00000000  0.00000000   1
  0.00000000  0.00000000  0.00000000   1
  0.00000000  0.00000000  0.00000000   1
  0.00000000  0.00000000  0.00000000   1
  0.00000000  0.00000000  0.00000000   1
  0.00000000  0.00000000  0.00000000   1
  0.00000000  0.00000000  0.00000000   1
  0.00000000  0.00000000  0.00000000   1
  0.00000000  0.00000000  0.00000000   1
  0.00000000  0.00000000  0.00000000   1
  0.00000000  0.00000000  0.00000000   1
  0.00000000  0.00000000  0.00000000   1
  0.00000000  0.00000000  0.00000000   1
  0.00000000  0.00000000  0.00000000   1
  0.00000000  0.00000000  0.00000000   1
  0.00000000  0.00000000  0.00000000   1
  0.00000000  0.00000000  0.00000000   1
  0.00000000  0.00000000  0.00000000   1
  0.00000000  0.00000000  0.00000000   1
  0.00000000  0.00000000  0.00000000   1
  0.00000000  0.00000000  0.00000000   1
  0.00000000  0.00000000  0.00000000   1
  0.00000000  0.00000000  0.00000000   1
  0.00000000  0.00000000  0.00000000   1
  0.00000000  0.00000000  0.00000000   1
  0.00000000  0.00000000  0.00000000   1
  0.00000000  0.00000000  0.00000000   1
  0.00000000  0.00000000  0.00000000   1
  0.00000000  0.00000000  0.00000000   1
  0.00000000  0.00000000  0.00000000   1
  0.00000000  0.00000000  0.00000000   1
  0.00000000  0.00000000  0.00000000   1
  0.00000000  0.00000000  0.00000000   1
  0.00000000  0.00000000  0.00000000   1
  0.00000000  0.00000000  0.00000000   1
  0.00000000  0.00000000  0.00000000   1
  0.00000000  0.00000000  0.00000000   1
  0.00000000  0.00000000  0.00000000   1

 NUMBER OF ITERATIONS =***
 NUMBER OF FUNCTIONAL EVALUATIONS =*****

 OPTIMUM R-FACTOR = 0.7902
 OPTIMUM VALUE OF INNER POTENTIAL = 0.0000

 OPTIMUM R-FACTOR = 0.7902
