
          COORDINATES AFTER SORTING

        -3.54574680       0.00000000       0.00000000
        -3.41531205      -5.67996216      -5.67996216
        -3.41531205      -5.67996216       5.67996216
        -3.41531205       5.67996216      -5.67996216
        -3.41531205       5.67996216       5.67996216
        -3.39149356      -5.88676739       0.00000000
        -3.39149356       5.88676739       0.00000000
        -3.39149356       0.00000000      -5.88676739
        -3.39149356       0.00000000       5.88676739
        -0.72986770      11.76748562      -2.44102097
        -0.72986770      11.76748562       2.44102097
        -0.72986770      -2.44102097      11.76748562
        -0.72986770       2.44102097      11.76748562
        -0.08714557      -2.37277889      -2.37277889
        -0.08714557      -2.37277889       2.37277889
        -0.08714557       2.37277889      -2.37277889
        -0.08714557       2.37277889       2.37277889
         0.13043478      -6.94480181      -2.29206061
         0.13043478      -6.94480181       2.29206061
         0.13043478       6.94480181      -2.29206061
         0.13043478       6.94480181       2.29206061
         0.13043478      -2.29206061      -6.94480181
         0.13043478      -2.29206061       6.94480181
         0.13043478       2.29206061      -6.94480181
         0.13043478       2.29206061       6.94480181
         0.35425332      -7.56143713      -7.56143713
         0.35425332      -7.56143713       7.56143713
         0.35425332       7.56143713      -7.56143713
         0.35425332       7.56143713       7.56143713
         0.46729681      11.76748562      -7.67882824
         0.46729681      11.76748562       7.67882824
         0.46729681      -7.67882824      11.76748562
         0.46729681       7.67882824      11.76748562
         3.23478270      -9.52703285       0.00000000
         3.23478270       9.52703285       0.00000000
         3.23478270       0.00000000      -9.52703285
         3.23478270       0.00000000       9.52703285
         3.27977324       0.00000000       0.00000000
         3.28506637      -9.51890373      -9.51890373
         3.28506637      -9.51890373       9.51890373
         3.28506637       9.51890373      -9.51890373
         3.28506637       9.51890373       9.51890373
         3.30189061      -9.52778912      -4.66975451
         3.30189061      -9.52778912       4.66975451
         3.30189061       9.52778912      -4.66975451
         3.30189061       9.52778912       4.66975451
         3.30189061      -4.66975451      -9.52778912
         3.30189061      -4.66975451       9.52778912
         3.30189061       4.66975451      -9.52778912
         3.30189061       4.66975451       9.52778912
         3.35557675      -4.81001949       0.00000000
         3.35557675       4.81001949       0.00000000
         3.35557675       0.00000000      -4.81001949
         3.35557675       0.00000000       4.81001949
         3.38317585      -4.60699415      -4.60699415
         3.38317585      -4.60699415       4.60699415
         3.38317585       4.60699415      -4.60699415
         3.38317585       4.60699415       4.60699415

 DIRECTION SET SEARCH COMPLETE 
 ======================= 

 CONVERGENCE TOLERANCE ACHIEVED =.000000
 DIMENSIONALITY OF SEARCH=    0
 ISMOTH=    1

 COORDINATES AT MINIMUM;  LSFLAG

  0.00000000  0.00000000  0.00000000   1
  0.00000000  0.00000000  0.00000000   1
  0.00000000  0.00000000  0.00000000   1
  0.00000000  0.00000000  0.00000000   1
  0.00000000  0.00000000  0.00000000   1
  0.00000000  0.00000000  0.00000000   1
  0.00000000  0.00000000  0.00000000   1
  0.00000000  0.00000000  0.00000000   1
  0.00000000  0.00000000  0.00000000   1
  0.00000000  0.00000000  0.00000000   1
  0.00000000  0.00000000  0.00000000   1
  0.00000000  0.00000000  0.00000000   1
  0.00000000  0.00000000  0.00000000   1
  0.00000000  0.00000000  0.00000000   1
  0.00000000  0.00000000  0.00000000   1
  0.00000000  0.00000000  0.00000000   1
  0.00000000  0.00000000  0.00000000   1
  0.00000000  0.00000000  0.00000000   1
  0.00000000  0.00000000  0.00000000   1
  0.00000000  0.00000000  0.00000000   1
  0.00000000  0.00000000  0.00000000   1
  0.00000000  0.00000000  0.00000000   1
  0.00000000  0.00000000  0.00000000   1
  0.00000000  0.00000000  0.00000000   1
  0.00000000  0.00000000  0.00000000   1
  0.00000000  0.00000000  0.00000000   1
  0.00000000  0.00000000  0.00000000   1
  0.00000000  0.00000000  0.00000000   1
  0.00000000  0.00000000  0.00000000   1
  0.00000000  0.00000000  0.00000000   1
  0.00000000  0.00000000  0.00000000   1
  0.00000000  0.00000000  0.00000000   1
  0.00000000  0.00000000  0.00000000   1
  0.00000000  0.00000000  0.00000000   1
  0.00000000  0.00000000  0.00000000   1
  0.00000000  0.00000000  0.00000000   1
  0.00000000  0.00000000  0.00000000   1
  0.00000000  0.00000000  0.00000000   1
  0.00000000  0.00000000  0.00000000   1
  0.00000000  0.00000000  0.00000000   1
  0.00000000  0.00000000  0.00000000   1
  0.00000000  0.00000000  0.00000000   1
  0.00000000  0.00000000  0.00000000   1
  0.00000000  0.00000000  0.00000000   1
  0.00000000  0.00000000  0.00000000   1
  0.00000000  0.00000000  0.00000000   1
  0.00000000  0.00000000  0.00000000   1
  0.00000000  0.00000000  0.00000000   1
  0.00000000  0.00000000  0.00000000   1
  0.00000000  0.00000000  0.00000000   1
  0.00000000  0.00000000  0.00000000   1
  0.00000000  0.00000000  0.00000000   1
  0.00000000  0.00000000  0.00000000   1
  0.00000000  0.00000000  0.00000000   1
  0.00000000  0.00000000  0.00000000   1
  0.00000000  0.00000000  0.00000000   1
  0.00000000  0.00000000  0.00000000   1
  0.00000000  0.00000000  0.00000000   1

 NUMBER OF ITERATIONS =  0
 NUMBER OF FUNCTIONAL EVALUATIONS =    0

 OPTIMUM R-FACTOR = 0.9039
 OPTIMUM VALUE OF INNER POTENTIAL = 0.0000

 OPTIMUM R-FACTOR = 0.9039
