 ID: 000 original Parms passed to evaluat     e.f 
<<<<<<< HEAD
 ID: 000 Parms passed to tleed codes:      (may be changed by VALUATE)
   1 -1.9791  0.0000  0.0000
   2 -1.8095  2.8848  2.8848
   1 -1.7816  3.3299  0.0000
   2 -0.1762  6.2250  3.9535
   2 -0.0564  1.2507  1.2507
   1  0.1121  6.2250  1.6872
   1  0.2178  3.5652  3.5652
   1  0.5690  3.6921  1.2037
   2  1.6920  5.0626  2.4742
   2  1.7002  5.1592  0.0000
   2  1.7402  5.0498  5.0498
   2  1.7834  2.2888  2.2888
   1  1.8775  0.0000  0.0000
   1  1.9013  2.5557  0.0000
 parm difference:
   0  0.0000  0.0000  0.0080
   1 -0.0279  0.0000  2.9100
  -1  0.0279  0.0000  3.0244
   1 -0.2883  0.0000  2.2663
   0  0.1199  0.0000 -5.0287
  -1  0.1685  0.0000  0.4035
   0 -0.3512  0.0000  2.3615
   0  0.3512  0.0000 -2.5386
   0 -0.0081  0.0000  2.4221
   1 -0.1773  0.0000 -0.0279
   0  0.0000  0.0000 -0.1125
   0  0.0914  0.0000 -2.7739
   0 -0.0238  0.0000 -0.0009
  -1  0.1178  0.0000 -2.2687
 000 Calling kleed: 000
 000:000...returned kleed...
 000:000 ...Returned tleed2 fitval=  0.71106102351503220     
=======
>>>>>>> origin/master
