 ID: 000 original Parms passed to evaluate.f 
   1   1   1   1   1   2   2   2   2   2   2   2   2   2
   -1.8334000000   -1.7232000000   -1.7088000000   -0.2520200000   -0.1533300000   -0.0922100000    0.2128200000    0.2329200000    1.6715000000    1.7504000000    1.8055000000    1.6819000000    1.6298000000    1.6624000000    0.1184100000    3.2288000000    3.1263000000    6.2986000000    4.0866000000    1.3292000000    3.7082000000    3.7199000000    5.2001000000   -0.0085411000    5.0149000000    2.3408000000    2.4395000000    2.3883000000   -0.1328200000    0.0760450000   -2.8537000000    1.3368000000    6.0687000000    1.2971000000    1.0921000000    3.6448000000    0.0737560000    0.0434360000    4.9333000000    5.1283000000    0.1835200000    2.2490000000
 ID: 000 Parms passed to tleed codes:    (may be changed by VALUATE)
   1   1   1   1   1   2   2   2   2   2   2   2   2   2
   -1.8334000000   -1.7232000000   -1.7088000000   -0.2520200000   -0.1533300000   -0.0922100000    0.2128200000    0.2329200000    1.6298000000    1.6624000000    1.6715000000    1.6819000000    1.7504000000    1.8055000000    0.0000000000    3.2288000000    2.9900000018    6.2250000000    6.2250000000    1.3131500002    3.7082000000    3.6823500005    2.4395000000    2.3186500009    5.2001000000    5.1283000000    0.0000000000    4.9741000005    0.0000000000    0.0000000000    2.9900000018    1.3368000000    4.0866000000    1.3131500002    1.0921000000    3.6823500005    0.0000000000    2.3186500009    0.0000000000    2.3408000000    0.0000000000    4.9741000005
 evalkeed: R-factor (kleed)   1.0403998802939765     
 ID: 000 original Parms passed to evaluate.f 
   1   1   1   1   1   2   2   2   2   2   2   2   2   2
   -1.8757000000   -1.7941000000   -1.8067000000   -0.3861000000    0.2472000000   -0.0461000000    0.0690000000    0.1874000000    1.7112000000    1.7350000000    1.7378000000    1.7467000000    1.7751000000    1.7897000000    0.0000000000    3.1141000000    3.0047000000    6.2250000000   -4.0621000000    1.2552000000    3.6738000000   -4.2907000000    5.0398000000    0.0000000000    5.0355000000    2.4703000000    2.5445000000    2.4371000000    0.0000000000    0.0000000000   -3.0047000000    1.2913000000    6.2250000000    1.2552000000    1.2125000000    3.7093000000    0.0000000000    0.0000000000    5.0355000000    5.0402000000    0.0000000000    2.4371000000
 ID: 000 Parms passed to tleed codes:    (may be changed by VALUATE)
   1   1   1   1   2   2   2   1   2   2   2   2   2   2
   -1.8757000000   -1.8067000000   -1.7941000000   -0.3861000000   -0.0461000000    0.0690000000    0.1874000000    0.2472000000    1.7112000000    1.7350000000    1.7378000000    1.7467000000    1.7751000000    1.7897000000    0.0000000000    3.0047000000    3.1141000000    6.2250000000    1.2552000000    3.6738000000    4.0000000039    6.2250000000    5.0398000000    0.0000000000    5.0355000000    5.0402000000    2.5445000000    2.4371000000    0.0000000000    3.0047000000    0.0000000000    1.2913000000    1.2552000000    1.2125000000    4.0000000039    4.0621000000    0.0000000000    0.0000000000    5.0355000000    2.4703000000    0.0000000000    2.4371000000
 evalkeed: R-factor (kleed)  0.90386357476701762     
 ID: 000 original Parms passed to evaluate.f 
   2   2   2   2   1   2   2   2   2   1   1   2   1   2
   -1.9189564812   -1.9732584378   -1.7815667694   -0.3573323580   -0.3674471351    0.0729915466    0.1879164202    0.1836366723    1.7439292361    1.7524639143    1.7191291422    1.8192790548    1.7162683457    2.0080185818   -0.0136395883    3.0160931314    3.2207768211    6.2309281461    6.2154351595    1.1719650536    3.7032410816    3.5756818142    5.1112324552    0.1623562064    4.9663224298    5.1259996673    2.6699001422    2.2777270424   -0.1440964432    3.0618147624   -0.0399885578    1.3602997375    4.0194622289    1.3263908324    1.3415249755    3.7761600506    0.1190838074   -0.1202457115    5.0335210442    2.4546282701   -0.1604085562    2.4628304235
 ID: 000 Parms passed to tleed codes:    (may be changed by VALUATE)
   2   2   2   1   2   2   2   2   1   1   2   1   2   2
   -1.9732584378   -1.9189564812   -1.7815667694   -0.3674471351   -0.3573323580    0.0729915466    0.1836366723    0.1879164202    1.7162683457    1.7191291422    1.7439292361    1.7524639143    1.8192790548    2.0080185818    3.0389539472    0.0000000000    3.2207768211    6.2250000000    6.2250000000    1.2491779440    3.6759209337    3.7032410816    2.6699001422    4.9999217375    5.1112324552    0.0000000000    5.1259996673    2.3702787342    3.0389539472    0.0000000000    0.0000000000    4.0194622289    1.3602997375    1.2491779440    3.6759209337    1.3415249755    0.0000000000    4.9999217375    0.0000000000    0.0000000000    2.4546282701    2.3702787342
 evalkeed: R-factor (kleed)  0.87470986676121387     
 ID: 000 original Parms passed to evaluate.f 
   1   1   2   2   1   1   1   2   1   1   2   2   1   2
   -1.9813472928   -1.6651858514   -1.8746090404   -0.3332256989   -0.2308679327   -0.1382901624   -0.1480674494    0.1814812175    1.6101366294    1.7964463049    1.7885740785    1.9159429870    1.8342282587    1.7253404797    0.0380337252    2.9037884476    3.1121489330    6.2201779211    6.2250043192    1.2234140549    3.7833003739    3.5219009742    5.0826183273    0.0895638471    5.1085957338    5.0979857346    2.5485314032    2.5048089188    0.0568900205    2.9791354584   -0.0377468956    1.2617112890    3.7903865494    1.2317995952    1.2243444837    3.7407809043    0.1443508244   -0.0350974738    5.0978233851    2.5502048618    0.0940889941    2.3378908264
 ID: 000 Parms passed to tleed codes:    (may be changed by VALUATE)
   1   2   1   2   1   1   1   2   1   2   2   1   1   2
   -1.9813472928   -1.8746090404   -1.6651858514   -0.3332256989   -0.2308679327   -0.1480674494   -0.1382901624    0.1814812175    1.6101366294    1.7253404797    1.7885740785    1.7964463049    1.8342282587    1.9159429870    0.0000000000    3.1121489330    2.9414619535    6.2250000000    6.2250000000    3.7833003739    1.2276068251    3.6313409407    5.0826183273    2.4213498737    5.1032095595    0.0000000000    2.5485314032    5.0979857346    0.0000000000    0.0000000000    2.9414619535    1.2617112890    3.7903865494    1.2243444837    1.2276068251    3.6313409407    0.0000000000    2.4213498737    5.1032095595    0.0000000000    0.0000000000    2.5502048618
 evalkeed: R-factor (kleed)   1.0153966551846780     
 ID: 000 original Parms passed to evaluate.f 
   1   1   2   1   2   2   2   2   2   2   1   1   1   2
   -1.8544964848   -1.7829117927   -1.8948763392   -0.4603044752   -0.1445705047   -0.0592499703    0.1079880490    0.1961987107    1.6476534775    1.6790426698    1.7821653490    1.6517096201    1.8532181618    1.8465960646   -0.0821714292    2.9781393149    2.9953222984    6.0047679283    6.3236337391    1.2033364934    3.7065367564    3.7327057013    5.0419466139   -0.1003944467    4.9407853935    5.0027570805    2.4259113786    2.3315097076    0.1472479934    3.0102743832   -0.1217317454    1.2871772866    3.8250656136    1.1202722457    1.1863898377    3.8046465446    0.0128644430    0.0656467514    4.9187180635    2.4242394820   -0.0262439953    2.3157847932
 ID: 000 Parms passed to tleed codes:    (may be changed by VALUATE)
   2   1   1   1   2   2   2   2   2   1   2   1   2   1
   -1.8948763392   -1.8544964848   -1.7829117927   -0.4603044752   -0.1445705047   -0.0592499703    0.1079880490    0.1961987107    1.6476534775    1.6517096201    1.6790426698    1.7821653490    1.8465960646    1.8532181618    2.9953222984    0.0000000000    2.9942068493    6.2250000000    6.2250000000    1.1618043701    3.7065367564    3.7686761234    5.0419466139    5.0027570805    0.0000000000    4.9297517286    2.3236472505    2.4259113786    0.0000000000    0.0000000000    2.9942068493    1.2871772866    3.8250656136    1.1618043701    1.1863898377    3.7686761234    0.0000000000    2.4242394820    0.0000000000    4.9297517286    2.3236472505    0.0000000000
 evalkeed: R-factor (kleed)  0.91453294840788568     
 ID: 000 original Parms passed to evaluate.f 
   2   2   2   1   1   1   2   1   1   2   2   1   1   2
   -2.0076436998   -1.7135782485   -1.7929755104   -0.4506145816   -0.1722271207   -0.0229373989   -0.0299759672    0.3213585701    1.7401502035    1.8828917058    1.8516028013    1.6782861415    1.6459063955    1.7824073724   -0.0330598880    2.9203372361    3.1638769664    6.3738490471    6.1703524105    1.1705241836    3.6491663472    3.7756024146    4.9543802626   -0.1201314815    5.0235130572    5.0336705985    2.5930295556    2.3775509097   -0.0149667744    2.9612248069   -0.0079330223    1.4448152266    3.8772517141    1.1204637326    1.2594383120    3.6189433057    0.0035879639   -0.0627531220    5.0890397954    2.5255883517   -0.0203690480    2.2316675319
 ID: 000 Parms passed to tleed codes:    (may be changed by VALUATE)
   2   2   2   1   1   2   1   1   1   1   1   2   2   2
   -2.0076436998   -1.7929755104   -1.7135782485   -0.4506145816   -0.1722271207   -0.0299759672   -0.0229373989    0.3213585701    1.6459063955    1.6782861415    1.7401502035    1.7824073724    1.8516028013    1.8828917058    0.0000000000    3.1638769664    2.9407810218    6.2250000000    6.2250000000    3.6491663472    1.1454939584    3.6972728612    2.5930295556    5.0336705985    4.9543802626    2.3046092218    5.0562764267    0.0000000000    0.0000000000    0.0000000000    2.9407810218    1.4448152266    3.8772517141    1.2594383120    1.1454939584    3.6972728612    0.0000000000    2.5255883517    0.0000000000    2.3046092218    5.0562764267    0.0000000000
 evalkeed: R-factor (kleed)  0.95293725736890245     
 ID: 000 original Parms passed to evaluate.f 
   1   1   2   2   2   2   1   1   2   1   2   2   2   2
   -1.8624439269   -1.6474059296   -1.6922588211   -0.5441402499   -0.2606661919   -0.1142656860   -0.0334553057    0.0639646522    1.7400807019    1.6920696995    1.7433801190    1.7099126433    1.7286026633    1.8267960584    0.0728282932    3.2159160170    2.9783702257    6.1227389856    6.3287834199    1.2162200452    3.5356734376    3.7408542633    5.1951242569    0.0707893885    5.2312384755    5.0906542354    2.7309529020    2.4031188223   -0.1139779402    2.9835876517    0.1190244936    1.1796791242    4.0014274135    1.1950587874    1.2676184712    3.5993159545    0.0085990593   -0.2004563322    4.9861912082    2.5165048012   -0.0321004692    2.5607555652
 ID: 000 original Parms passed to evaluate.f 
   1   2   1   1   2   2   2   1   1   2   1   1   2   1
   -1.9388279657   -2.0392211129   -1.9172636533   -0.2805351612   -0.2641223989   -0.0081776377    0.1634199727   -0.0246426688    1.6467321084    1.6645698272    1.6359862784    1.7284918132    1.9272013239    1.7858561236    0.1227447989    2.9350795200    3.1148524487    6.1467106956    6.2836938559    1.2300792625    3.7218135823    3.7761155034    5.0319678804    0.0889172618    5.2664287486    5.0926638680    2.5433212676    2.5284140818    0.0055940679    2.8939930105    0.0485497707    1.2907994926    3.9102782141    1.3828452474    1.3988400613    3.6570440698    0.0103424447   -0.0807649131    5.1035438584    2.2338410152    0.0990114872    2.4589899121
 ID: 000 original Parms passed to evaluate.f 
   2   2   2   2   1   2   2   1   2   2   1   1   2   1
   -1.8495337540   -1.6853555505   -1.8215666986   -0.3994134451   -0.3798500204   -0.2124606453   -0.0013554262    0.2154880489    1.6570790670    1.6016469270    1.8450686268    1.6754914548    1.7739714439    1.7896182971   -0.0249436285    3.0443575319    3.0876986645    6.0585989123    6.1221024900    1.2795094700    3.5481409892    3.6745816810    4.9456627807   -0.1174560281    4.9333858313    5.0000333265    2.5618665669    2.4254881507    0.1064119149    2.9801613703   -0.1517539131    1.2922734159    3.9450372865    1.2868535814    1.2624825668    3.8371084147   -0.0547816147    0.0260808399    5.0341823328    2.4122735998    0.2136308423    2.4113382884
 ID: 000 Parms passed to tleed codes:    (may be changed by VALUATE)
   2   2   2   2   1   2   2   1   2   2   1   2   1   1
   -1.8495337540   -1.8215666986   -1.6853555505   -0.3994134451   -0.3798500204   -0.2124606453   -0.0013554262    0.2154880489    1.6016469270    1.6570790670    1.6754914548    1.7739714439    1.7896182971    1.8450686268    0.0000000000    3.0876986645    3.0122594515    6.2250000000    6.2250000000    1.2831815257    3.5481409892    3.7558450489    0.0000000000    4.9456627807    5.0000333265    2.5618665669    2.4184132196    4.9837840827    0.0000000000    0.0000000000    3.0122594515    1.2922734159    3.9450372865    1.2831815257    1.2624825668    3.7558450489    0.0000000000    0.0000000000    2.4122735998    0.0000000000    2.4184132196    4.9837840827
 evalkeed: R-factor (kleed)   1.1093527122030009     
 ID: 000 original Parms passed to evaluate.f 
   2   1   1   1   2   1   2   1   2   1   2   1   2   2
   -2.0166528489   -1.6296899107   -1.7615454015   -0.4980039575   -0.1907649861    0.0808781847   -0.0206042506    0.2009175445    1.6972959990    1.6186604706    1.8561719540    1.7451570338    1.8287218695    1.7180571376   -0.0655559390    3.0361362763    3.1247814076    6.4098216218    6.1974894325    1.4764554079    3.8246525756    3.5147921400    4.8717457222   -0.0573534134    5.0169183473    5.0410934116    2.6281949891    2.3648729328   -0.0721490477    2.9845819000   -0.0020464161    1.3191890000    4.0437294814    1.3173673282    1.0374384712    3.7790347551    0.0811485863    0.0636344948    5.1665080341    2.5030097516   -0.0672993164    2.4221672501
 ID: 000 Parms passed to tleed codes:    (may be changed by VALUATE)
   2   1   1   1   2   2   1   1   1   2   2   1   2   2
   -2.0166528489   -1.7615454015   -1.6296899107   -0.4980039575   -0.1907649861   -0.0206042506    0.0808781847    0.2009175445    1.6186604706    1.6972959990    1.7180571376    1.7451570338    1.8287218695    1.8561719540    0.0000000000    3.1247814076    3.0103590885    6.2250000000    6.2250000000    3.8246525756    1.3969113691    3.6469134493    0.0000000000    4.8717457222    2.3935200918    5.0410934116    2.6281949891    5.0917131917    0.0000000000    0.0000000000    3.0103590885    1.3191890000    4.0437294814    1.0374384712    1.3969113691    3.6469134493    0.0000000000    0.0000000000    2.3935200918    2.5030097516    0.0000000000    5.0917131917
 evalkeed: R-factor (kleed)  0.97725119516099357     
 ID: 000 original Parms passed to evaluate.f 
   1   1   1   1   1   2   2   2   2   2   2   2   2   2
   -1.8334000000   -1.7232000000   -1.7088000000   -0.2520200000   -0.1533300000   -0.0922100000    0.2128200000    0.2329200000    1.6715000000    1.7504000000    1.8055000000    1.6819000000    1.6298000000    1.6624000000    0.1184100000    3.2288000000    3.1263000000    6.2986000000    4.0866000000    1.3292000000    3.7082000000    3.7199000000    5.2001000000   -0.0085411000    5.0149000000    2.3408000000    2.4395000000    2.3883000000   -0.1328200000    0.0760450000   -2.8537000000    1.3368000000    6.0687000000    1.2971000000    1.0921000000    3.6448000000    0.0737560000    0.0434360000    4.9333000000    5.1283000000    0.1835200000    2.2490000000
 ID: 000 Parms passed to tleed codes:    (may be changed by VALUATE)
   1   1   1   1   1   2   2   2   2   2   2   2   2   2
   -1.8334000000   -1.7232000000   -1.7088000000   -0.2520200000   -0.1533300000   -0.0922100000    0.2128200000    0.2329200000    1.6298000000    1.6624000000    1.6715000000    1.6819000000    1.7504000000    1.8055000000    0.0000000000    3.2288000000    2.9900000018    6.2250000000    6.2250000000    1.3131500002    3.7082000000    3.6823500005    2.4395000000    2.3186500009    5.2001000000    5.1283000000    0.0000000000    4.9741000005    0.0000000000    0.0000000000    2.9900000018    1.3368000000    4.0866000000    1.3131500002    1.0921000000    3.6823500005    0.0000000000    2.3186500009    0.0000000000    2.3408000000    0.0000000000    4.9741000005
 evalkeed: R-factor (kleed)   1.0403998802939765     
 ID: 000 original Parms passed to evaluate.f 
   1   1   1   1   1   2   2   2   2   2   2   2   2   2
   -1.8757000000   -1.7941000000   -1.8067000000   -0.3861000000    0.2472000000   -0.0461000000    0.0690000000    0.1874000000    1.7112000000    1.7350000000    1.7378000000    1.7467000000    1.7751000000    1.7897000000    0.0000000000    3.1141000000    3.0047000000    6.2250000000   -4.0621000000    1.2552000000    3.6738000000   -4.2907000000    5.0398000000    0.0000000000    5.0355000000    2.4703000000    2.5445000000    2.4371000000    0.0000000000    0.0000000000   -3.0047000000    1.2913000000    6.2250000000    1.2552000000    1.2125000000    3.7093000000    0.0000000000    0.0000000000    5.0355000000    5.0402000000    0.0000000000    2.4371000000
 ID: 000 Parms passed to tleed codes:    (may be changed by VALUATE)
   1   1   1   1   2   2   2   1   2   2   2   2   2   2
   -1.8757000000   -1.8067000000   -1.7941000000   -0.3861000000   -0.0461000000    0.0690000000    0.1874000000    0.2472000000    1.7112000000    1.7350000000    1.7378000000    1.7467000000    1.7751000000    1.7897000000    0.0000000000    3.0047000000    3.1141000000    6.2250000000    1.2552000000    3.6738000000    4.0000000039    6.2250000000    5.0398000000    0.0000000000    5.0355000000    5.0402000000    2.5445000000    2.4371000000    0.0000000000    3.0047000000    0.0000000000    1.2913000000    1.2552000000    1.2125000000    4.0000000039    4.0621000000    0.0000000000    0.0000000000    5.0355000000    2.4703000000    0.0000000000    2.4371000000
 evalkeed: R-factor (kleed)  0.90386357476701762     
 ID: 000 original Parms passed to evaluate.f 
   2   2   2   2   1   2   2   2   2   1   1   2   1   2
   -1.9189564812   -1.9732584378   -1.7815667694   -0.3573323580   -0.3674471351    0.0729915466    0.1879164202    0.1836366723    1.7439292361    1.7524639143    1.7191291422    1.8192790548    1.7162683457    2.0080185818   -0.0136395883    3.0160931314    3.2207768211    6.2309281461    6.2154351595    1.1719650536    3.7032410816    3.5756818142    5.1112324552    0.1623562064    4.9663224298    5.1259996673    2.6699001422    2.2777270424   -0.1440964432    3.0618147624   -0.0399885578    1.3602997375    4.0194622289    1.3263908324    1.3415249755    3.7761600506    0.1190838074   -0.1202457115    5.0335210442    2.4546282701   -0.1604085562    2.4628304235
 ID: 000 Parms passed to tleed codes:    (may be changed by VALUATE)
   2   2   2   1   2   2   2   2   1   1   2   1   2   2
   -1.9732584378   -1.9189564812   -1.7815667694   -0.3674471351   -0.3573323580    0.0729915466    0.1836366723    0.1879164202    1.7162683457    1.7191291422    1.7439292361    1.7524639143    1.8192790548    2.0080185818    3.0389539472    0.0000000000    3.2207768211    6.2250000000    6.2250000000    1.2491779440    3.6759209337    3.7032410816    2.6699001422    4.9999217375    5.1112324552    0.0000000000    5.1259996673    2.3702787342    3.0389539472    0.0000000000    0.0000000000    4.0194622289    1.3602997375    1.2491779440    3.6759209337    1.3415249755    0.0000000000    4.9999217375    0.0000000000    0.0000000000    2.4546282701    2.3702787342
 evalkeed: R-factor (kleed)  0.87470986676121387     
 ID: 000 original Parms passed to evaluate.f 
   1   1   2   2   1   1   1   2   1   1   2   2   1   2
   -1.9813472928   -1.6651858514   -1.8746090404   -0.3332256989   -0.2308679327   -0.1382901624   -0.1480674494    0.1814812175    1.6101366294    1.7964463049    1.7885740785    1.9159429870    1.8342282587    1.7253404797    0.0380337252    2.9037884476    3.1121489330    6.2201779211    6.2250043192    1.2234140549    3.7833003739    3.5219009742    5.0826183273    0.0895638471    5.1085957338    5.0979857346    2.5485314032    2.5048089188    0.0568900205    2.9791354584   -0.0377468956    1.2617112890    3.7903865494    1.2317995952    1.2243444837    3.7407809043    0.1443508244   -0.0350974738    5.0978233851    2.5502048618    0.0940889941    2.3378908264
 ID: 000 Parms passed to tleed codes:    (may be changed by VALUATE)
   1   2   1   2   1   1   1   2   1   2   2   1   1   2
   -1.9813472928   -1.8746090404   -1.6651858514   -0.3332256989   -0.2308679327   -0.1480674494   -0.1382901624    0.1814812175    1.6101366294    1.7253404797    1.7885740785    1.7964463049    1.8342282587    1.9159429870    0.0000000000    3.1121489330    2.9414619535    6.2250000000    6.2250000000    3.7833003739    1.2276068251    3.6313409407    5.0826183273    2.4213498737    5.1032095595    0.0000000000    2.5485314032    5.0979857346    0.0000000000    0.0000000000    2.9414619535    1.2617112890    3.7903865494    1.2243444837    1.2276068251    3.6313409407    0.0000000000    2.4213498737    5.1032095595    0.0000000000    0.0000000000    2.5502048618
 evalkeed: R-factor (kleed)   1.0153966551846780     
 ID: 000 original Parms passed to evaluate.f 
   1   1   2   1   2   2   2   2   2   2   1   1   1   2
   -1.8544964848   -1.7829117927   -1.8948763392   -0.4603044752   -0.1445705047   -0.0592499703    0.1079880490    0.1961987107    1.6476534775    1.6790426698    1.7821653490    1.6517096201    1.8532181618    1.8465960646   -0.0821714292    2.9781393149    2.9953222984    6.0047679283    6.3236337391    1.2033364934    3.7065367564    3.7327057013    5.0419466139   -0.1003944467    4.9407853935    5.0027570805    2.4259113786    2.3315097076    0.1472479934    3.0102743832   -0.1217317454    1.2871772866    3.8250656136    1.1202722457    1.1863898377    3.8046465446    0.0128644430    0.0656467514    4.9187180635    2.4242394820   -0.0262439953    2.3157847932
 ID: 000 Parms passed to tleed codes:    (may be changed by VALUATE)
   2   1   1   1   2   2   2   2   2   1   2   1   2   1
   -1.8948763392   -1.8544964848   -1.7829117927   -0.4603044752   -0.1445705047   -0.0592499703    0.1079880490    0.1961987107    1.6476534775    1.6517096201    1.6790426698    1.7821653490    1.8465960646    1.8532181618    2.9953222984    0.0000000000    2.9942068493    6.2250000000    6.2250000000    1.1618043701    3.7065367564    3.7686761234    5.0419466139    5.0027570805    0.0000000000    4.9297517286    2.3236472505    2.4259113786    0.0000000000    0.0000000000    2.9942068493    1.2871772866    3.8250656136    1.1618043701    1.1863898377    3.7686761234    0.0000000000    2.4242394820    0.0000000000    4.9297517286    2.3236472505    0.0000000000
 evalkeed: R-factor (kleed)  0.91453294840788568     
 ID: 000 original Parms passed to evaluate.f 
   2   2   2   1   1   1   2   1   1   2   2   1   1   2
   -2.0076436998   -1.7135782485   -1.7929755104   -0.4506145816   -0.1722271207   -0.0229373989   -0.0299759672    0.3213585701    1.7401502035    1.8828917058    1.8516028013    1.6782861415    1.6459063955    1.7824073724   -0.0330598880    2.9203372361    3.1638769664    6.3738490471    6.1703524105    1.1705241836    3.6491663472    3.7756024146    4.9543802626   -0.1201314815    5.0235130572    5.0336705985    2.5930295556    2.3775509097   -0.0149667744    2.9612248069   -0.0079330223    1.4448152266    3.8772517141    1.1204637326    1.2594383120    3.6189433057    0.0035879639   -0.0627531220    5.0890397954    2.5255883517   -0.0203690480    2.2316675319
 ID: 000 Parms passed to tleed codes:    (may be changed by VALUATE)
   2   2   2   1   1   2   1   1   1   1   1   2   2   2
   -2.0076436998   -1.7929755104   -1.7135782485   -0.4506145816   -0.1722271207   -0.0299759672   -0.0229373989    0.3213585701    1.6459063955    1.6782861415    1.7401502035    1.7824073724    1.8516028013    1.8828917058    0.0000000000    3.1638769664    2.9407810218    6.2250000000    6.2250000000    3.6491663472    1.1454939584    3.6972728612    2.5930295556    5.0336705985    4.9543802626    2.3046092218    5.0562764267    0.0000000000    0.0000000000    0.0000000000    2.9407810218    1.4448152266    3.8772517141    1.2594383120    1.1454939584    3.6972728612    0.0000000000    2.5255883517    0.0000000000    2.3046092218    5.0562764267    0.0000000000
 evalkeed: R-factor (kleed)  0.95293725736890245     
 ID: 000 original Parms passed to evaluate.f 
   1   1   2   2   2   2   1   1   2   1   2   2   2   2
   -1.8624439269   -1.6474059296   -1.6922588211   -0.5441402499   -0.2606661919   -0.1142656860   -0.0334553057    0.0639646522    1.7400807019    1.6920696995    1.7433801190    1.7099126433    1.7286026633    1.8267960584    0.0728282932    3.2159160170    2.9783702257    6.1227389856    6.3287834199    1.2162200452    3.5356734376    3.7408542633    5.1951242569    0.0707893885    5.2312384755    5.0906542354    2.7309529020    2.4031188223   -0.1139779402    2.9835876517    0.1190244936    1.1796791242    4.0014274135    1.1950587874    1.2676184712    3.5993159545    0.0085990593   -0.2004563322    4.9861912082    2.5165048012   -0.0321004692    2.5607555652
 ID: 000 original Parms passed to evaluate.f 
   1   2   1   1   2   2   2   1   1   2   1   1   2   1
   -1.9388279657   -2.0392211129   -1.9172636533   -0.2805351612   -0.2641223989   -0.0081776377    0.1634199727   -0.0246426688    1.6467321084    1.6645698272    1.6359862784    1.7284918132    1.9272013239    1.7858561236    0.1227447989    2.9350795200    3.1148524487    6.1467106956    6.2836938559    1.2300792625    3.7218135823    3.7761155034    5.0319678804    0.0889172618    5.2664287486    5.0926638680    2.5433212676    2.5284140818    0.0055940679    2.8939930105    0.0485497707    1.2907994926    3.9102782141    1.3828452474    1.3988400613    3.6570440698    0.0103424447   -0.0807649131    5.1035438584    2.2338410152    0.0990114872    2.4589899121
 ID: 000 original Parms passed to evaluate.f 
   2   2   2   2   1   2   2   1   2   2   1   1   2   1
   -1.8495337540   -1.6853555505   -1.8215666986   -0.3994134451   -0.3798500204   -0.2124606453   -0.0013554262    0.2154880489    1.6570790670    1.6016469270    1.8450686268    1.6754914548    1.7739714439    1.7896182971   -0.0249436285    3.0443575319    3.0876986645    6.0585989123    6.1221024900    1.2795094700    3.5481409892    3.6745816810    4.9456627807   -0.1174560281    4.9333858313    5.0000333265    2.5618665669    2.4254881507    0.1064119149    2.9801613703   -0.1517539131    1.2922734159    3.9450372865    1.2868535814    1.2624825668    3.8371084147   -0.0547816147    0.0260808399    5.0341823328    2.4122735998    0.2136308423    2.4113382884
 ID: 000 Parms passed to tleed codes:    (may be changed by VALUATE)
   2   2   2   2   1   2   2   1   2   2   1   2   1   1
   -1.8495337540   -1.8215666986   -1.6853555505   -0.3994134451   -0.3798500204   -0.2124606453   -0.0013554262    0.2154880489    1.6016469270    1.6570790670    1.6754914548    1.7739714439    1.7896182971    1.8450686268    0.0000000000    3.0876986645    3.0122594515    6.2250000000    6.2250000000    1.2831815257    3.5481409892    3.7558450489    0.0000000000    4.9456627807    5.0000333265    2.5618665669    2.4184132196    4.9837840827    0.0000000000    0.0000000000    3.0122594515    1.2922734159    3.9450372865    1.2831815257    1.2624825668    3.7558450489    0.0000000000    0.0000000000    2.4122735998    0.0000000000    2.4184132196    4.9837840827
 evalkeed: R-factor (kleed)   1.1093527122030009     
 ID: 000 original Parms passed to evaluate.f 
   2   1   1   1   2   1   2   1   2   1   2   1   2   2
   -2.0166528489   -1.6296899107   -1.7615454015   -0.4980039575   -0.1907649861    0.0808781847   -0.0206042506    0.2009175445    1.6972959990    1.6186604706    1.8561719540    1.7451570338    1.8287218695    1.7180571376   -0.0655559390    3.0361362763    3.1247814076    6.4098216218    6.1974894325    1.4764554079    3.8246525756    3.5147921400    4.8717457222   -0.0573534134    5.0169183473    5.0410934116    2.6281949891    2.3648729328   -0.0721490477    2.9845819000   -0.0020464161    1.3191890000    4.0437294814    1.3173673282    1.0374384712    3.7790347551    0.0811485863    0.0636344948    5.1665080341    2.5030097516   -0.0672993164    2.4221672501
 ID: 000 Parms passed to tleed codes:    (may be changed by VALUATE)
   2   1   1   1   2   2   1   1   1   2   2   1   2   2
   -2.0166528489   -1.7615454015   -1.6296899107   -0.4980039575   -0.1907649861   -0.0206042506    0.0808781847    0.2009175445    1.6186604706    1.6972959990    1.7180571376    1.7451570338    1.8287218695    1.8561719540    0.0000000000    3.1247814076    3.0103590885    6.2250000000    6.2250000000    3.8246525756    1.3969113691    3.6469134493    0.0000000000    4.8717457222    2.3935200918    5.0410934116    2.6281949891    5.0917131917    0.0000000000    0.0000000000    3.0103590885    1.3191890000    4.0437294814    1.0374384712    1.3969113691    3.6469134493    0.0000000000    0.0000000000    2.3935200918    2.5030097516    0.0000000000    5.0917131917
 evalkeed: R-factor (kleed)  0.97725119516099357     
 ID: 000 original Parms passed to evaluate.f 
   1   1   1   1   1   2   2   2   2   2   2   2   2   2
   -1.8334000000   -1.7232000000   -1.7088000000   -0.2520200000   -0.1533300000   -0.0922100000    0.2128200000    0.2329200000    1.6715000000    1.7504000000    1.8055000000    1.6819000000    1.6298000000    1.6624000000    0.1184100000    3.2288000000    3.1263000000    6.2986000000    4.0866000000    1.3292000000    3.7082000000    3.7199000000    5.2001000000   -0.0085411000    5.0149000000    2.3408000000    2.4395000000    2.3883000000   -0.1328200000    0.0760450000   -2.8537000000    1.3368000000    6.0687000000    1.2971000000    1.0921000000    3.6448000000    0.0737560000    0.0434360000    4.9333000000    5.1283000000    0.1835200000    2.2490000000
 ID: 000 Parms passed to tleed codes:    (may be changed by VALUATE)
   1   1   1   1   1   2   2   2   2   2   2   2   2   2
   -1.8334000000   -1.7232000000   -1.7088000000   -0.2520200000   -0.1533300000   -0.0922100000    0.2128200000    0.2329200000    1.6298000000    1.6624000000    1.6715000000    1.6819000000    1.7504000000    1.8055000000    0.0000000000    3.2288000000    2.9900000018    6.2250000000    6.2250000000    1.3131500002    3.7082000000    3.6823500005    2.4395000000    2.3186500009    5.2001000000    5.1283000000    0.0000000000    4.9741000005    0.0000000000    0.0000000000    2.9900000018    1.3368000000    4.0866000000    1.3131500002    1.0921000000    3.6823500005    0.0000000000    2.3186500009    0.0000000000    2.3408000000    0.0000000000    4.9741000005
 evalkeed: R-factor (kleed)   1.0403998802939765     
 ID: 000 original Parms passed to evaluate.f 
   1   1   1   1   1   2   2   2   2   2   2   2   2   2
   -1.8757000000   -1.7941000000   -1.8067000000   -0.3861000000    0.2472000000   -0.0461000000    0.0690000000    0.1874000000    1.7112000000    1.7350000000    1.7378000000    1.7467000000    1.7751000000    1.7897000000    0.0000000000    3.1141000000    3.0047000000    6.2250000000   -4.0621000000    1.2552000000    3.6738000000   -4.2907000000    5.0398000000    0.0000000000    5.0355000000    2.4703000000    2.5445000000    2.4371000000    0.0000000000    0.0000000000   -3.0047000000    1.2913000000    6.2250000000    1.2552000000    1.2125000000    3.7093000000    0.0000000000    0.0000000000    5.0355000000    5.0402000000    0.0000000000    2.4371000000
 ID: 000 Parms passed to tleed codes:    (may be changed by VALUATE)
   1   1   1   1   2   2   2   1   2   2   2   2   2   2
   -1.8757000000   -1.8067000000   -1.7941000000   -0.3861000000   -0.0461000000    0.0690000000    0.1874000000    0.2472000000    1.7112000000    1.7350000000    1.7378000000    1.7467000000    1.7751000000    1.7897000000    0.0000000000    3.0047000000    3.1141000000    6.2250000000    1.2552000000    3.6738000000    4.0000000039    6.2250000000    5.0398000000    0.0000000000    5.0355000000    5.0402000000    2.5445000000    2.4371000000    0.0000000000    3.0047000000    0.0000000000    1.2913000000    1.2552000000    1.2125000000    4.0000000039    4.0621000000    0.0000000000    0.0000000000    5.0355000000    2.4703000000    0.0000000000    2.4371000000
 evalkeed: R-factor (kleed)  0.90386357476701762     
 ID: 000 original Parms passed to evaluate.f 
   2   2   2   2   1   2   2   2   2   1   1   2   1   2
   -1.9189564812   -1.9732584378   -1.7815667694   -0.3573323580   -0.3674471351    0.0729915466    0.1879164202    0.1836366723    1.7439292361    1.7524639143    1.7191291422    1.8192790548    1.7162683457    2.0080185818   -0.0136395883    3.0160931314    3.2207768211    6.2309281461    6.2154351595    1.1719650536    3.7032410816    3.5756818142    5.1112324552    0.1623562064    4.9663224298    5.1259996673    2.6699001422    2.2777270424   -0.1440964432    3.0618147624   -0.0399885578    1.3602997375    4.0194622289    1.3263908324    1.3415249755    3.7761600506    0.1190838074   -0.1202457115    5.0335210442    2.4546282701   -0.1604085562    2.4628304235
 ID: 000 Parms passed to tleed codes:    (may be changed by VALUATE)
   2   2   2   1   2   2   2   2   1   1   2   1   2   2
   -1.9732584378   -1.9189564812   -1.7815667694   -0.3674471351   -0.3573323580    0.0729915466    0.1836366723    0.1879164202    1.7162683457    1.7191291422    1.7439292361    1.7524639143    1.8192790548    2.0080185818    3.0389539472    0.0000000000    3.2207768211    6.2250000000    6.2250000000    1.2491779440    3.6759209337    3.7032410816    2.6699001422    4.9999217375    5.1112324552    0.0000000000    5.1259996673    2.3702787342    3.0389539472    0.0000000000    0.0000000000    4.0194622289    1.3602997375    1.2491779440    3.6759209337    1.3415249755    0.0000000000    4.9999217375    0.0000000000    0.0000000000    2.4546282701    2.3702787342
 evalkeed: R-factor (kleed)  0.87470986676121387     
 ID: 000 original Parms passed to evaluate.f 
   1   1   2   2   1   1   1   2   1   1   2   2   1   2
   -1.9813472928   -1.6651858514   -1.8746090404   -0.3332256989   -0.2308679327   -0.1382901624   -0.1480674494    0.1814812175    1.6101366294    1.7964463049    1.7885740785    1.9159429870    1.8342282587    1.7253404797    0.0380337252    2.9037884476    3.1121489330    6.2201779211    6.2250043192    1.2234140549    3.7833003739    3.5219009742    5.0826183273    0.0895638471    5.1085957338    5.0979857346    2.5485314032    2.5048089188    0.0568900205    2.9791354584   -0.0377468956    1.2617112890    3.7903865494    1.2317995952    1.2243444837    3.7407809043    0.1443508244   -0.0350974738    5.0978233851    2.5502048618    0.0940889941    2.3378908264
 ID: 000 Parms passed to tleed codes:    (may be changed by VALUATE)
   1   2   1   2   1   1   1   2   1   2   2   1   1   2
   -1.9813472928   -1.8746090404   -1.6651858514   -0.3332256989   -0.2308679327   -0.1480674494   -0.1382901624    0.1814812175    1.6101366294    1.7253404797    1.7885740785    1.7964463049    1.8342282587    1.9159429870    0.0000000000    3.1121489330    2.9414619535    6.2250000000    6.2250000000    3.7833003739    1.2276068251    3.6313409407    5.0826183273    2.4213498737    5.1032095595    0.0000000000    2.5485314032    5.0979857346    0.0000000000    0.0000000000    2.9414619535    1.2617112890    3.7903865494    1.2243444837    1.2276068251    3.6313409407    0.0000000000    2.4213498737    5.1032095595    0.0000000000    0.0000000000    2.5502048618
 evalkeed: R-factor (kleed)   1.0153966551846780     
 ID: 000 original Parms passed to evaluate.f 
   1   1   2   1   2   2   2   2   2   2   1   1   1   2
   -1.8544964848   -1.7829117927   -1.8948763392   -0.4603044752   -0.1445705047   -0.0592499703    0.1079880490    0.1961987107    1.6476534775    1.6790426698    1.7821653490    1.6517096201    1.8532181618    1.8465960646   -0.0821714292    2.9781393149    2.9953222984    6.0047679283    6.3236337391    1.2033364934    3.7065367564    3.7327057013    5.0419466139   -0.1003944467    4.9407853935    5.0027570805    2.4259113786    2.3315097076    0.1472479934    3.0102743832   -0.1217317454    1.2871772866    3.8250656136    1.1202722457    1.1863898377    3.8046465446    0.0128644430    0.0656467514    4.9187180635    2.4242394820   -0.0262439953    2.3157847932
 ID: 000 Parms passed to tleed codes:    (may be changed by VALUATE)
   2   1   1   1   2   2   2   2   2   1   2   1   2   1
   -1.8948763392   -1.8544964848   -1.7829117927   -0.4603044752   -0.1445705047   -0.0592499703    0.1079880490    0.1961987107    1.6476534775    1.6517096201    1.6790426698    1.7821653490    1.8465960646    1.8532181618    2.9953222984    0.0000000000    2.9942068493    6.2250000000    6.2250000000    1.1618043701    3.7065367564    3.7686761234    5.0419466139    5.0027570805    0.0000000000    4.9297517286    2.3236472505    2.4259113786    0.0000000000    0.0000000000    2.9942068493    1.2871772866    3.8250656136    1.1618043701    1.1863898377    3.7686761234    0.0000000000    2.4242394820    0.0000000000    4.9297517286    2.3236472505    0.0000000000
 evalkeed: R-factor (kleed)  0.91453294840788568     
 ID: 000 original Parms passed to evaluate.f 
   2   2   2   1   1   1   2   1   1   2   2   1   1   2
   -2.0076436998   -1.7135782485   -1.7929755104   -0.4506145816   -0.1722271207   -0.0229373989   -0.0299759672    0.3213585701    1.7401502035    1.8828917058    1.8516028013    1.6782861415    1.6459063955    1.7824073724   -0.0330598880    2.9203372361    3.1638769664    6.3738490471    6.1703524105    1.1705241836    3.6491663472    3.7756024146    4.9543802626   -0.1201314815    5.0235130572    5.0336705985    2.5930295556    2.3775509097   -0.0149667744    2.9612248069   -0.0079330223    1.4448152266    3.8772517141    1.1204637326    1.2594383120    3.6189433057    0.0035879639   -0.0627531220    5.0890397954    2.5255883517   -0.0203690480    2.2316675319
 ID: 000 Parms passed to tleed codes:    (may be changed by VALUATE)
   2   2   2   1   1   2   1   1   1   1   1   2   2   2
   -2.0076436998   -1.7929755104   -1.7135782485   -0.4506145816   -0.1722271207   -0.0299759672   -0.0229373989    0.3213585701    1.6459063955    1.6782861415    1.7401502035    1.7824073724    1.8516028013    1.8828917058    0.0000000000    3.1638769664    2.9407810218    6.2250000000    6.2250000000    3.6491663472    1.1454939584    3.6972728612    2.5930295556    5.0336705985    4.9543802626    2.3046092218    5.0562764267    0.0000000000    0.0000000000    0.0000000000    2.9407810218    1.4448152266    3.8772517141    1.2594383120    1.1454939584    3.6972728612    0.0000000000    2.5255883517    0.0000000000    2.3046092218    5.0562764267    0.0000000000
 evalkeed: R-factor (kleed)  0.95293725736890245     
 ID: 000 original Parms passed to evaluate.f 
   1   1   2   2   2   2   1   1   2   1   2   2   2   2
   -1.8624439269   -1.6474059296   -1.6922588211   -0.5441402499   -0.2606661919   -0.1142656860   -0.0334553057    0.0639646522    1.7400807019    1.6920696995    1.7433801190    1.7099126433    1.7286026633    1.8267960584    0.0728282932    3.2159160170    2.9783702257    6.1227389856    6.3287834199    1.2162200452    3.5356734376    3.7408542633    5.1951242569    0.0707893885    5.2312384755    5.0906542354    2.7309529020    2.4031188223   -0.1139779402    2.9835876517    0.1190244936    1.1796791242    4.0014274135    1.1950587874    1.2676184712    3.5993159545    0.0085990593   -0.2004563322    4.9861912082    2.5165048012   -0.0321004692    2.5607555652
 ID: 000 original Parms passed to evaluate.f 
   1   2   1   1   2   2   2   1   1   2   1   1   2   1
   -1.9388279657   -2.0392211129   -1.9172636533   -0.2805351612   -0.2641223989   -0.0081776377    0.1634199727   -0.0246426688    1.6467321084    1.6645698272    1.6359862784    1.7284918132    1.9272013239    1.7858561236    0.1227447989    2.9350795200    3.1148524487    6.1467106956    6.2836938559    1.2300792625    3.7218135823    3.7761155034    5.0319678804    0.0889172618    5.2664287486    5.0926638680    2.5433212676    2.5284140818    0.0055940679    2.8939930105    0.0485497707    1.2907994926    3.9102782141    1.3828452474    1.3988400613    3.6570440698    0.0103424447   -0.0807649131    5.1035438584    2.2338410152    0.0990114872    2.4589899121
 ID: 000 original Parms passed to evaluate.f 
   2   2   2   2   1   2   2   1   2   2   1   1   2   1
   -1.8495337540   -1.6853555505   -1.8215666986   -0.3994134451   -0.3798500204   -0.2124606453   -0.0013554262    0.2154880489    1.6570790670    1.6016469270    1.8450686268    1.6754914548    1.7739714439    1.7896182971   -0.0249436285    3.0443575319    3.0876986645    6.0585989123    6.1221024900    1.2795094700    3.5481409892    3.6745816810    4.9456627807   -0.1174560281    4.9333858313    5.0000333265    2.5618665669    2.4254881507    0.1064119149    2.9801613703   -0.1517539131    1.2922734159    3.9450372865    1.2868535814    1.2624825668    3.8371084147   -0.0547816147    0.0260808399    5.0341823328    2.4122735998    0.2136308423    2.4113382884
 ID: 000 Parms passed to tleed codes:    (may be changed by VALUATE)
   2   2   2   2   1   2   2   1   2   2   1   2   1   1
   -1.8495337540   -1.8215666986   -1.6853555505   -0.3994134451   -0.3798500204   -0.2124606453   -0.0013554262    0.2154880489    1.6016469270    1.6570790670    1.6754914548    1.7739714439    1.7896182971    1.8450686268    0.0000000000    3.0876986645    3.0122594515    6.2250000000    6.2250000000    1.2831815257    3.5481409892    3.7558450489    0.0000000000    4.9456627807    5.0000333265    2.5618665669    2.4184132196    4.9837840827    0.0000000000    0.0000000000    3.0122594515    1.2922734159    3.9450372865    1.2831815257    1.2624825668    3.7558450489    0.0000000000    0.0000000000    2.4122735998    0.0000000000    2.4184132196    4.9837840827
 evalkeed: R-factor (kleed)   1.1093527122030009     
 ID: 000 original Parms passed to evaluate.f 
   2   1   1   1   2   1   2   1   2   1   2   1   2   2
   -2.0166528489   -1.6296899107   -1.7615454015   -0.4980039575   -0.1907649861    0.0808781847   -0.0206042506    0.2009175445    1.6972959990    1.6186604706    1.8561719540    1.7451570338    1.8287218695    1.7180571376   -0.0655559390    3.0361362763    3.1247814076    6.4098216218    6.1974894325    1.4764554079    3.8246525756    3.5147921400    4.8717457222   -0.0573534134    5.0169183473    5.0410934116    2.6281949891    2.3648729328   -0.0721490477    2.9845819000   -0.0020464161    1.3191890000    4.0437294814    1.3173673282    1.0374384712    3.7790347551    0.0811485863    0.0636344948    5.1665080341    2.5030097516   -0.0672993164    2.4221672501
 ID: 000 Parms passed to tleed codes:    (may be changed by VALUATE)
   2   1   1   1   2   2   1   1   1   2   2   1   2   2
   -2.0166528489   -1.7615454015   -1.6296899107   -0.4980039575   -0.1907649861   -0.0206042506    0.0808781847    0.2009175445    1.6186604706    1.6972959990    1.7180571376    1.7451570338    1.8287218695    1.8561719540    0.0000000000    3.1247814076    3.0103590885    6.2250000000    6.2250000000    3.8246525756    1.3969113691    3.6469134493    0.0000000000    4.8717457222    2.3935200918    5.0410934116    2.6281949891    5.0917131917    0.0000000000    0.0000000000    3.0103590885    1.3191890000    4.0437294814    1.0374384712    1.3969113691    3.6469134493    0.0000000000    0.0000000000    2.3935200918    2.5030097516    0.0000000000    5.0917131917
 evalkeed: R-factor (kleed)  0.97725119516099357     
 ID: 000 original Parms passed to evaluate.f 
   1   1   1   1   1   2   2   2   2   2   2   2   2   2
   -1.8334000000   -1.7232000000   -1.7088000000   -0.2520200000   -0.1533300000   -0.0922100000    0.2128200000    0.2329200000    1.6715000000    1.7504000000    1.8055000000    1.6819000000    1.6298000000    1.6624000000    0.1184100000    3.2288000000    3.1263000000    6.2986000000    4.0866000000    1.3292000000    3.7082000000    3.7199000000    5.2001000000   -0.0085411000    5.0149000000    2.3408000000    2.4395000000    2.3883000000   -0.1328200000    0.0760450000   -2.8537000000    1.3368000000    6.0687000000    1.2971000000    1.0921000000    3.6448000000    0.0737560000    0.0434360000    4.9333000000    5.1283000000    0.1835200000    2.2490000000
 ID: 000 Parms passed to tleed codes:    (may be changed by VALUATE)
   1   1   1   1   1   2   2   2   2   2   2   2   2   2
   -1.8334000000   -1.7232000000   -1.7088000000   -0.2520200000   -0.1533300000   -0.0922100000    0.2128200000    0.2329200000    1.6298000000    1.6624000000    1.6715000000    1.6819000000    1.7504000000    1.8055000000    0.0000000000    3.2288000000    2.9900000018    6.2250000000    6.2250000000    1.3131500002    3.7082000000    3.6823500005    2.4395000000    2.3186500009    5.2001000000    5.1283000000    0.0000000000    4.9741000005    0.0000000000    0.0000000000    2.9900000018    1.3368000000    4.0866000000    1.3131500002    1.0921000000    3.6823500005    0.0000000000    2.3186500009    0.0000000000    2.3408000000    0.0000000000    4.9741000005
 evalkeed: R-factor (kleed)   1.0403998802939765     
 ID: 000 original Parms passed to evaluate.f 
   1   1   1   1   1   2   2   2   2   2   2   2   2   2
   -1.8757000000   -1.7941000000   -1.8067000000   -0.3861000000    0.2472000000   -0.0461000000    0.0690000000    0.1874000000    1.7112000000    1.7350000000    1.7378000000    1.7467000000    1.7751000000    1.7897000000    0.0000000000    3.1141000000    3.0047000000    6.2250000000   -4.0621000000    1.2552000000    3.6738000000   -4.2907000000    5.0398000000    0.0000000000    5.0355000000    2.4703000000    2.5445000000    2.4371000000    0.0000000000    0.0000000000   -3.0047000000    1.2913000000    6.2250000000    1.2552000000    1.2125000000    3.7093000000    0.0000000000    0.0000000000    5.0355000000    5.0402000000    0.0000000000    2.4371000000
 ID: 000 Parms passed to tleed codes:    (may be changed by VALUATE)
   1   1   1   1   2   2   2   1   2   2   2   2   2   2
   -1.8757000000   -1.8067000000   -1.7941000000   -0.3861000000   -0.0461000000    0.0690000000    0.1874000000    0.2472000000    1.7112000000    1.7350000000    1.7378000000    1.7467000000    1.7751000000    1.7897000000    0.0000000000    3.0047000000    3.1141000000    6.2250000000    1.2552000000    3.6738000000    4.0000000039    6.2250000000    5.0398000000    0.0000000000    5.0355000000    5.0402000000    2.5445000000    2.4371000000    0.0000000000    3.0047000000    0.0000000000    1.2913000000    1.2552000000    1.2125000000    4.0000000039    4.0621000000    0.0000000000    0.0000000000    5.0355000000    2.4703000000    0.0000000000    2.4371000000
 evalkeed: R-factor (kleed)  0.90386357476701762     
 ID: 000 original Parms passed to evaluate.f 
   2   2   2   2   1   2   2   2   2   1   1   2   1   2
   -1.9189564812   -1.9732584378   -1.7815667694   -0.3573323580   -0.3674471351    0.0729915466    0.1879164202    0.1836366723    1.7439292361    1.7524639143    1.7191291422    1.8192790548    1.7162683457    2.0080185818   -0.0136395883    3.0160931314    3.2207768211    6.2309281461    6.2154351595    1.1719650536    3.7032410816    3.5756818142    5.1112324552    0.1623562064    4.9663224298    5.1259996673    2.6699001422    2.2777270424   -0.1440964432    3.0618147624   -0.0399885578    1.3602997375    4.0194622289    1.3263908324    1.3415249755    3.7761600506    0.1190838074   -0.1202457115    5.0335210442    2.4546282701   -0.1604085562    2.4628304235
 ID: 000 Parms passed to tleed codes:    (may be changed by VALUATE)
   2   2   2   1   2   2   2   2   1   1   2   1   2   2
   -1.9732584378   -1.9189564812   -1.7815667694   -0.3674471351   -0.3573323580    0.0729915466    0.1836366723    0.1879164202    1.7162683457    1.7191291422    1.7439292361    1.7524639143    1.8192790548    2.0080185818    3.0389539472    0.0000000000    3.2207768211    6.2250000000    6.2250000000    1.2491779440    3.6759209337    3.7032410816    2.6699001422    4.9999217375    5.1112324552    0.0000000000    5.1259996673    2.3702787342    3.0389539472    0.0000000000    0.0000000000    4.0194622289    1.3602997375    1.2491779440    3.6759209337    1.3415249755    0.0000000000    4.9999217375    0.0000000000    0.0000000000    2.4546282701    2.3702787342
 evalkeed: R-factor (kleed)  0.87470986676121387     
 ID: 000 original Parms passed to evaluate.f 
   1   1   2   2   1   1   1   2   1   1   2   2   1   2
   -1.9813472928   -1.6651858514   -1.8746090404   -0.3332256989   -0.2308679327   -0.1382901624   -0.1480674494    0.1814812175    1.6101366294    1.7964463049    1.7885740785    1.9159429870    1.8342282587    1.7253404797    0.0380337252    2.9037884476    3.1121489330    6.2201779211    6.2250043192    1.2234140549    3.7833003739    3.5219009742    5.0826183273    0.0895638471    5.1085957338    5.0979857346    2.5485314032    2.5048089188    0.0568900205    2.9791354584   -0.0377468956    1.2617112890    3.7903865494    1.2317995952    1.2243444837    3.7407809043    0.1443508244   -0.0350974738    5.0978233851    2.5502048618    0.0940889941    2.3378908264
 ID: 000 Parms passed to tleed codes:    (may be changed by VALUATE)
   1   2   1   2   1   1   1   2   1   2   2   1   1   2
   -1.9813472928   -1.8746090404   -1.6651858514   -0.3332256989   -0.2308679327   -0.1480674494   -0.1382901624    0.1814812175    1.6101366294    1.7253404797    1.7885740785    1.7964463049    1.8342282587    1.9159429870    0.0000000000    3.1121489330    2.9414619535    6.2250000000    6.2250000000    3.7833003739    1.2276068251    3.6313409407    5.0826183273    2.4213498737    5.1032095595    0.0000000000    2.5485314032    5.0979857346    0.0000000000    0.0000000000    2.9414619535    1.2617112890    3.7903865494    1.2243444837    1.2276068251    3.6313409407    0.0000000000    2.4213498737    5.1032095595    0.0000000000    0.0000000000    2.5502048618
 evalkeed: R-factor (kleed)   1.0153966551846780     
 ID: 000 original Parms passed to evaluate.f 
   1   1   2   1   2   2   2   2   2   2   1   1   1   2
   -1.8544964848   -1.7829117927   -1.8948763392   -0.4603044752   -0.1445705047   -0.0592499703    0.1079880490    0.1961987107    1.6476534775    1.6790426698    1.7821653490    1.6517096201    1.8532181618    1.8465960646   -0.0821714292    2.9781393149    2.9953222984    6.0047679283    6.3236337391    1.2033364934    3.7065367564    3.7327057013    5.0419466139   -0.1003944467    4.9407853935    5.0027570805    2.4259113786    2.3315097076    0.1472479934    3.0102743832   -0.1217317454    1.2871772866    3.8250656136    1.1202722457    1.1863898377    3.8046465446    0.0128644430    0.0656467514    4.9187180635    2.4242394820   -0.0262439953    2.3157847932
 ID: 000 Parms passed to tleed codes:    (may be changed by VALUATE)
   2   1   1   1   2   2   2   2   2   1   2   1   2   1
   -1.8948763392   -1.8544964848   -1.7829117927   -0.4603044752   -0.1445705047   -0.0592499703    0.1079880490    0.1961987107    1.6476534775    1.6517096201    1.6790426698    1.7821653490    1.8465960646    1.8532181618    2.9953222984    0.0000000000    2.9942068493    6.2250000000    6.2250000000    1.1618043701    3.7065367564    3.7686761234    5.0419466139    5.0027570805    0.0000000000    4.9297517286    2.3236472505    2.4259113786    0.0000000000    0.0000000000    2.9942068493    1.2871772866    3.8250656136    1.1618043701    1.1863898377    3.7686761234    0.0000000000    2.4242394820    0.0000000000    4.9297517286    2.3236472505    0.0000000000
 evalkeed: R-factor (kleed)  0.91453294840788568     
 ID: 000 original Parms passed to evaluate.f 
   2   2   2   1   1   1   2   1   1   2   2   1   1   2
   -2.0076436998   -1.7135782485   -1.7929755104   -0.4506145816   -0.1722271207   -0.0229373989   -0.0299759672    0.3213585701    1.7401502035    1.8828917058    1.8516028013    1.6782861415    1.6459063955    1.7824073724   -0.0330598880    2.9203372361    3.1638769664    6.3738490471    6.1703524105    1.1705241836    3.6491663472    3.7756024146    4.9543802626   -0.1201314815    5.0235130572    5.0336705985    2.5930295556    2.3775509097   -0.0149667744    2.9612248069   -0.0079330223    1.4448152266    3.8772517141    1.1204637326    1.2594383120    3.6189433057    0.0035879639   -0.0627531220    5.0890397954    2.5255883517   -0.0203690480    2.2316675319
 ID: 000 Parms passed to tleed codes:    (may be changed by VALUATE)
   2   2   2   1   1   2   1   1   1   1   1   2   2   2
   -2.0076436998   -1.7929755104   -1.7135782485   -0.4506145816   -0.1722271207   -0.0299759672   -0.0229373989    0.3213585701    1.6459063955    1.6782861415    1.7401502035    1.7824073724    1.8516028013    1.8828917058    0.0000000000    3.1638769664    2.9407810218    6.2250000000    6.2250000000    3.6491663472    1.1454939584    3.6972728612    2.5930295556    5.0336705985    4.9543802626    2.3046092218    5.0562764267    0.0000000000    0.0000000000    0.0000000000    2.9407810218    1.4448152266    3.8772517141    1.2594383120    1.1454939584    3.6972728612    0.0000000000    2.5255883517    0.0000000000    2.3046092218    5.0562764267    0.0000000000
 evalkeed: R-factor (kleed)  0.95293725736890245     
 ID: 000 original Parms passed to evaluate.f 
   1   1   2   2   2   2   1   1   2   1   2   2   2   2
   -1.8624439269   -1.6474059296   -1.6922588211   -0.5441402499   -0.2606661919   -0.1142656860   -0.0334553057    0.0639646522    1.7400807019    1.6920696995    1.7433801190    1.7099126433    1.7286026633    1.8267960584    0.0728282932    3.2159160170    2.9783702257    6.1227389856    6.3287834199    1.2162200452    3.5356734376    3.7408542633    5.1951242569    0.0707893885    5.2312384755    5.0906542354    2.7309529020    2.4031188223   -0.1139779402    2.9835876517    0.1190244936    1.1796791242    4.0014274135    1.1950587874    1.2676184712    3.5993159545    0.0085990593   -0.2004563322    4.9861912082    2.5165048012   -0.0321004692    2.5607555652
 ID: 000 original Parms passed to evaluate.f 
   1   2   1   1   2   2   2   1   1   2   1   1   2   1
   -1.9388279657   -2.0392211129   -1.9172636533   -0.2805351612   -0.2641223989   -0.0081776377    0.1634199727   -0.0246426688    1.6467321084    1.6645698272    1.6359862784    1.7284918132    1.9272013239    1.7858561236    0.1227447989    2.9350795200    3.1148524487    6.1467106956    6.2836938559    1.2300792625    3.7218135823    3.7761155034    5.0319678804    0.0889172618    5.2664287486    5.0926638680    2.5433212676    2.5284140818    0.0055940679    2.8939930105    0.0485497707    1.2907994926    3.9102782141    1.3828452474    1.3988400613    3.6570440698    0.0103424447   -0.0807649131    5.1035438584    2.2338410152    0.0990114872    2.4589899121
 ID: 000 original Parms passed to evaluate.f 
   2   2   2   2   1   2   2   1   2   2   1   1   2   1
   -1.8495337540   -1.6853555505   -1.8215666986   -0.3994134451   -0.3798500204   -0.2124606453   -0.0013554262    0.2154880489    1.6570790670    1.6016469270    1.8450686268    1.6754914548    1.7739714439    1.7896182971   -0.0249436285    3.0443575319    3.0876986645    6.0585989123    6.1221024900    1.2795094700    3.5481409892    3.6745816810    4.9456627807   -0.1174560281    4.9333858313    5.0000333265    2.5618665669    2.4254881507    0.1064119149    2.9801613703   -0.1517539131    1.2922734159    3.9450372865    1.2868535814    1.2624825668    3.8371084147   -0.0547816147    0.0260808399    5.0341823328    2.4122735998    0.2136308423    2.4113382884
 ID: 000 Parms passed to tleed codes:    (may be changed by VALUATE)
   2   2   2   2   1   2   2   1   2   2   1   2   1   1
   -1.8495337540   -1.8215666986   -1.6853555505   -0.3994134451   -0.3798500204   -0.2124606453   -0.0013554262    0.2154880489    1.6016469270    1.6570790670    1.6754914548    1.7739714439    1.7896182971    1.8450686268    0.0000000000    3.0876986645    3.0122594515    6.2250000000    6.2250000000    1.2831815257    3.5481409892    3.7558450489    0.0000000000    4.9456627807    5.0000333265    2.5618665669    2.4184132196    4.9837840827    0.0000000000    0.0000000000    3.0122594515    1.2922734159    3.9450372865    1.2831815257    1.2624825668    3.7558450489    0.0000000000    0.0000000000    2.4122735998    0.0000000000    2.4184132196    4.9837840827
 evalkeed: R-factor (kleed)   1.1093527122030009     
 ID: 000 original Parms passed to evaluate.f 
   2   1   1   1   2   1   2   1   2   1   2   1   2   2
   -2.0166528489   -1.6296899107   -1.7615454015   -0.4980039575   -0.1907649861    0.0808781847   -0.0206042506    0.2009175445    1.6972959990    1.6186604706    1.8561719540    1.7451570338    1.8287218695    1.7180571376   -0.0655559390    3.0361362763    3.1247814076    6.4098216218    6.1974894325    1.4764554079    3.8246525756    3.5147921400    4.8717457222   -0.0573534134    5.0169183473    5.0410934116    2.6281949891    2.3648729328   -0.0721490477    2.9845819000   -0.0020464161    1.3191890000    4.0437294814    1.3173673282    1.0374384712    3.7790347551    0.0811485863    0.0636344948    5.1665080341    2.5030097516   -0.0672993164    2.4221672501
 ID: 000 Parms passed to tleed codes:    (may be changed by VALUATE)
   2   1   1   1   2   2   1   1   1   2   2   1   2   2
   -2.0166528489   -1.7615454015   -1.6296899107   -0.4980039575   -0.1907649861   -0.0206042506    0.0808781847    0.2009175445    1.6186604706    1.6972959990    1.7180571376    1.7451570338    1.8287218695    1.8561719540    0.0000000000    3.1247814076    3.0103590885    6.2250000000    6.2250000000    3.8246525756    1.3969113691    3.6469134493    0.0000000000    4.8717457222    2.3935200918    5.0410934116    2.6281949891    5.0917131917    0.0000000000    0.0000000000    3.0103590885    1.3191890000    4.0437294814    1.0374384712    1.3969113691    3.6469134493    0.0000000000    0.0000000000    2.3935200918    2.5030097516    0.0000000000    5.0917131917
 evalkeed: R-factor (kleed)  0.97725119516099357     
 ID: 000 original Parms passed to evaluate.f 
   1   1   1   1   1   2   2   2   2   2   2   2   2   2
   -1.8334000000   -1.7232000000   -1.7088000000   -0.2520200000   -0.1533300000   -0.0922100000    0.2128200000    0.2329200000    1.6715000000    1.7504000000    1.8055000000    1.6819000000    1.6298000000    1.6624000000    0.1184100000    3.2288000000    3.1263000000    6.2986000000    4.0866000000    1.3292000000    3.7082000000    3.7199000000    5.2001000000   -0.0085411000    5.0149000000    2.3408000000    2.4395000000    2.3883000000   -0.1328200000    0.0760450000   -2.8537000000    1.3368000000    6.0687000000    1.2971000000    1.0921000000    3.6448000000    0.0737560000    0.0434360000    4.9333000000    5.1283000000    0.1835200000    2.2490000000
 ID: 000 Parms passed to tleed codes:    (may be changed by VALUATE)
   1   1   1   1   1   2   2   2   2   2   2   2   2   2
   -1.8334000000   -1.7232000000   -1.7088000000   -0.2520200000   -0.1533300000   -0.0922100000    0.2128200000    0.2329200000    1.6298000000    1.6624000000    1.6715000000    1.6819000000    1.7504000000    1.8055000000    0.0000000000    3.2288000000    2.9900000018    6.2250000000    6.2250000000    1.3131500002    3.7082000000    3.6823500005    2.4395000000    2.3186500009    5.2001000000    5.1283000000    0.0000000000    4.9741000005    0.0000000000    0.0000000000    2.9900000018    1.3368000000    4.0866000000    1.3131500002    1.0921000000    3.6823500005    0.0000000000    2.3186500009    0.0000000000    2.3408000000    0.0000000000    4.9741000005
 evalkeed: R-factor (kleed)   1.0403998802939765     
 ID: 000 original Parms passed to evaluate.f 
   1   1   1   1   1   2   2   2   2   2   2   2   2   2
   -1.8757000000   -1.7941000000   -1.8067000000   -0.3861000000    0.2472000000   -0.0461000000    0.0690000000    0.1874000000    1.7112000000    1.7350000000    1.7378000000    1.7467000000    1.7751000000    1.7897000000    0.0000000000    3.1141000000    3.0047000000    6.2250000000   -4.0621000000    1.2552000000    3.6738000000   -4.2907000000    5.0398000000    0.0000000000    5.0355000000    2.4703000000    2.5445000000    2.4371000000    0.0000000000    0.0000000000   -3.0047000000    1.2913000000    6.2250000000    1.2552000000    1.2125000000    3.7093000000    0.0000000000    0.0000000000    5.0355000000    5.0402000000    0.0000000000    2.4371000000
 ID: 000 Parms passed to tleed codes:    (may be changed by VALUATE)
   1   1   1   1   2   2   2   1   2   2   2   2   2   2
   -1.8757000000   -1.8067000000   -1.7941000000   -0.3861000000   -0.0461000000    0.0690000000    0.1874000000    0.2472000000    1.7112000000    1.7350000000    1.7378000000    1.7467000000    1.7751000000    1.7897000000    0.0000000000    3.0047000000    3.1141000000    6.2250000000    1.2552000000    3.6738000000    4.0000000039    6.2250000000    5.0398000000    0.0000000000    5.0355000000    5.0402000000    2.5445000000    2.4371000000    0.0000000000    3.0047000000    0.0000000000    1.2913000000    1.2552000000    1.2125000000    4.0000000039    4.0621000000    0.0000000000    0.0000000000    5.0355000000    2.4703000000    0.0000000000    2.4371000000
 evalkeed: R-factor (kleed)  0.90386357476701762     
 ID: 000 original Parms passed to evaluate.f 
   2   2   2   2   1   2   2   2   2   1   1   2   1   2
   -1.9189564812   -1.9732584378   -1.7815667694   -0.3573323580   -0.3674471351    0.0729915466    0.1879164202    0.1836366723    1.7439292361    1.7524639143    1.7191291422    1.8192790548    1.7162683457    2.0080185818   -0.0136395883    3.0160931314    3.2207768211    6.2309281461    6.2154351595    1.1719650536    3.7032410816    3.5756818142    5.1112324552    0.1623562064    4.9663224298    5.1259996673    2.6699001422    2.2777270424   -0.1440964432    3.0618147624   -0.0399885578    1.3602997375    4.0194622289    1.3263908324    1.3415249755    3.7761600506    0.1190838074   -0.1202457115    5.0335210442    2.4546282701   -0.1604085562    2.4628304235
 ID: 000 Parms passed to tleed codes:    (may be changed by VALUATE)
   2   2   2   1   2   2   2   2   1   1   2   1   2   2
   -1.9732584378   -1.9189564812   -1.7815667694   -0.3674471351   -0.3573323580    0.0729915466    0.1836366723    0.1879164202    1.7162683457    1.7191291422    1.7439292361    1.7524639143    1.8192790548    2.0080185818    3.0389539472    0.0000000000    3.2207768211    6.2250000000    6.2250000000    1.2491779440    3.6759209337    3.7032410816    2.6699001422    4.9999217375    5.1112324552    0.0000000000    5.1259996673    2.3702787342    3.0389539472    0.0000000000    0.0000000000    4.0194622289    1.3602997375    1.2491779440    3.6759209337    1.3415249755    0.0000000000    4.9999217375    0.0000000000    0.0000000000    2.4546282701    2.3702787342
 evalkeed: R-factor (kleed)  0.87470986676121387     
 ID: 000 original Parms passed to evaluate.f 
   1   1   2   2   1   1   1   2   1   1   2   2   1   2
   -1.9813472928   -1.6651858514   -1.8746090404   -0.3332256989   -0.2308679327   -0.1382901624   -0.1480674494    0.1814812175    1.6101366294    1.7964463049    1.7885740785    1.9159429870    1.8342282587    1.7253404797    0.0380337252    2.9037884476    3.1121489330    6.2201779211    6.2250043192    1.2234140549    3.7833003739    3.5219009742    5.0826183273    0.0895638471    5.1085957338    5.0979857346    2.5485314032    2.5048089188    0.0568900205    2.9791354584   -0.0377468956    1.2617112890    3.7903865494    1.2317995952    1.2243444837    3.7407809043    0.1443508244   -0.0350974738    5.0978233851    2.5502048618    0.0940889941    2.3378908264
 ID: 000 Parms passed to tleed codes:    (may be changed by VALUATE)
   1   2   1   2   1   1   1   2   1   2   2   1   1   2
   -1.9813472928   -1.8746090404   -1.6651858514   -0.3332256989   -0.2308679327   -0.1480674494   -0.1382901624    0.1814812175    1.6101366294    1.7253404797    1.7885740785    1.7964463049    1.8342282587    1.9159429870    0.0000000000    3.1121489330    2.9414619535    6.2250000000    6.2250000000    3.7833003739    1.2276068251    3.6313409407    5.0826183273    2.4213498737    5.1032095595    0.0000000000    2.5485314032    5.0979857346    0.0000000000    0.0000000000    2.9414619535    1.2617112890    3.7903865494    1.2243444837    1.2276068251    3.6313409407    0.0000000000    2.4213498737    5.1032095595    0.0000000000    0.0000000000    2.5502048618
 evalkeed: R-factor (kleed)   1.0153966551846780     
 ID: 000 original Parms passed to evaluate.f 
   1   1   2   1   2   2   2   2   2   2   1   1   1   2
   -1.8544964848   -1.7829117927   -1.8948763392   -0.4603044752   -0.1445705047   -0.0592499703    0.1079880490    0.1961987107    1.6476534775    1.6790426698    1.7821653490    1.6517096201    1.8532181618    1.8465960646   -0.0821714292    2.9781393149    2.9953222984    6.0047679283    6.3236337391    1.2033364934    3.7065367564    3.7327057013    5.0419466139   -0.1003944467    4.9407853935    5.0027570805    2.4259113786    2.3315097076    0.1472479934    3.0102743832   -0.1217317454    1.2871772866    3.8250656136    1.1202722457    1.1863898377    3.8046465446    0.0128644430    0.0656467514    4.9187180635    2.4242394820   -0.0262439953    2.3157847932
 ID: 000 Parms passed to tleed codes:    (may be changed by VALUATE)
   2   1   1   1   2   2   2   2   2   1   2   1   2   1
   -1.8948763392   -1.8544964848   -1.7829117927   -0.4603044752   -0.1445705047   -0.0592499703    0.1079880490    0.1961987107    1.6476534775    1.6517096201    1.6790426698    1.7821653490    1.8465960646    1.8532181618    2.9953222984    0.0000000000    2.9942068493    6.2250000000    6.2250000000    1.1618043701    3.7065367564    3.7686761234    5.0419466139    5.0027570805    0.0000000000    4.9297517286    2.3236472505    2.4259113786    0.0000000000    0.0000000000    2.9942068493    1.2871772866    3.8250656136    1.1618043701    1.1863898377    3.7686761234    0.0000000000    2.4242394820    0.0000000000    4.9297517286    2.3236472505    0.0000000000
 evalkeed: R-factor (kleed)  0.91453294840788568     
 ID: 000 original Parms passed to evaluate.f 
   2   2   2   1   1   1   2   1   1   2   2   1   1   2
   -2.0076436998   -1.7135782485   -1.7929755104   -0.4506145816   -0.1722271207   -0.0229373989   -0.0299759672    0.3213585701    1.7401502035    1.8828917058    1.8516028013    1.6782861415    1.6459063955    1.7824073724   -0.0330598880    2.9203372361    3.1638769664    6.3738490471    6.1703524105    1.1705241836    3.6491663472    3.7756024146    4.9543802626   -0.1201314815    5.0235130572    5.0336705985    2.5930295556    2.3775509097   -0.0149667744    2.9612248069   -0.0079330223    1.4448152266    3.8772517141    1.1204637326    1.2594383120    3.6189433057    0.0035879639   -0.0627531220    5.0890397954    2.5255883517   -0.0203690480    2.2316675319
 ID: 000 Parms passed to tleed codes:    (may be changed by VALUATE)
   2   2   2   1   1   2   1   1   1   1   1   2   2   2
   -2.0076436998   -1.7929755104   -1.7135782485   -0.4506145816   -0.1722271207   -0.0299759672   -0.0229373989    0.3213585701    1.6459063955    1.6782861415    1.7401502035    1.7824073724    1.8516028013    1.8828917058    0.0000000000    3.1638769664    2.9407810218    6.2250000000    6.2250000000    3.6491663472    1.1454939584    3.6972728612    2.5930295556    5.0336705985    4.9543802626    2.3046092218    5.0562764267    0.0000000000    0.0000000000    0.0000000000    2.9407810218    1.4448152266    3.8772517141    1.2594383120    1.1454939584    3.6972728612    0.0000000000    2.5255883517    0.0000000000    2.3046092218    5.0562764267    0.0000000000
 evalkeed: R-factor (kleed)  0.95293725736890245     
 ID: 000 original Parms passed to evaluate.f 
   1   1   2   2   2   2   1   1   2   1   2   2   2   2
   -1.8624439269   -1.6474059296   -1.6922588211   -0.5441402499   -0.2606661919   -0.1142656860   -0.0334553057    0.0639646522    1.7400807019    1.6920696995    1.7433801190    1.7099126433    1.7286026633    1.8267960584    0.0728282932    3.2159160170    2.9783702257    6.1227389856    6.3287834199    1.2162200452    3.5356734376    3.7408542633    5.1951242569    0.0707893885    5.2312384755    5.0906542354    2.7309529020    2.4031188223   -0.1139779402    2.9835876517    0.1190244936    1.1796791242    4.0014274135    1.1950587874    1.2676184712    3.5993159545    0.0085990593   -0.2004563322    4.9861912082    2.5165048012   -0.0321004692    2.5607555652
 ID: 000 original Parms passed to evaluate.f 
   1   2   1   1   2   2   2   1   1   2   1   1   2   1
   -1.9388279657   -2.0392211129   -1.9172636533   -0.2805351612   -0.2641223989   -0.0081776377    0.1634199727   -0.0246426688    1.6467321084    1.6645698272    1.6359862784    1.7284918132    1.9272013239    1.7858561236    0.1227447989    2.9350795200    3.1148524487    6.1467106956    6.2836938559    1.2300792625    3.7218135823    3.7761155034    5.0319678804    0.0889172618    5.2664287486    5.0926638680    2.5433212676    2.5284140818    0.0055940679    2.8939930105    0.0485497707    1.2907994926    3.9102782141    1.3828452474    1.3988400613    3.6570440698    0.0103424447   -0.0807649131    5.1035438584    2.2338410152    0.0990114872    2.4589899121
 ID: 000 original Parms passed to evaluate.f 
   2   2   2   2   1   2   2   1   2   2   1   1   2   1
   -1.8495337540   -1.6853555505   -1.8215666986   -0.3994134451   -0.3798500204   -0.2124606453   -0.0013554262    0.2154880489    1.6570790670    1.6016469270    1.8450686268    1.6754914548    1.7739714439    1.7896182971   -0.0249436285    3.0443575319    3.0876986645    6.0585989123    6.1221024900    1.2795094700    3.5481409892    3.6745816810    4.9456627807   -0.1174560281    4.9333858313    5.0000333265    2.5618665669    2.4254881507    0.1064119149    2.9801613703   -0.1517539131    1.2922734159    3.9450372865    1.2868535814    1.2624825668    3.8371084147   -0.0547816147    0.0260808399    5.0341823328    2.4122735998    0.2136308423    2.4113382884
 ID: 000 Parms passed to tleed codes:    (may be changed by VALUATE)
   2   2   2   2   1   2   2   1   2   2   1   2   1   1
   -1.8495337540   -1.8215666986   -1.6853555505   -0.3994134451   -0.3798500204   -0.2124606453   -0.0013554262    0.2154880489    1.6016469270    1.6570790670    1.6754914548    1.7739714439    1.7896182971    1.8450686268    0.0000000000    3.0876986645    3.0122594515    6.2250000000    6.2250000000    1.2831815257    3.5481409892    3.7558450489    0.0000000000    4.9456627807    5.0000333265    2.5618665669    2.4184132196    4.9837840827    0.0000000000    0.0000000000    3.0122594515    1.2922734159    3.9450372865    1.2831815257    1.2624825668    3.7558450489    0.0000000000    0.0000000000    2.4122735998    0.0000000000    2.4184132196    4.9837840827
 evalkeed: R-factor (kleed)   1.1093527122030009     
 ID: 000 original Parms passed to evaluate.f 
   2   1   1   1   2   1   2   1   2   1   2   1   2   2
   -2.0166528489   -1.6296899107   -1.7615454015   -0.4980039575   -0.1907649861    0.0808781847   -0.0206042506    0.2009175445    1.6972959990    1.6186604706    1.8561719540    1.7451570338    1.8287218695    1.7180571376   -0.0655559390    3.0361362763    3.1247814076    6.4098216218    6.1974894325    1.4764554079    3.8246525756    3.5147921400    4.8717457222   -0.0573534134    5.0169183473    5.0410934116    2.6281949891    2.3648729328   -0.0721490477    2.9845819000   -0.0020464161    1.3191890000    4.0437294814    1.3173673282    1.0374384712    3.7790347551    0.0811485863    0.0636344948    5.1665080341    2.5030097516   -0.0672993164    2.4221672501
 ID: 000 Parms passed to tleed codes:    (may be changed by VALUATE)
   2   1   1   1   2   2   1   1   1   2   2   1   2   2
   -2.0166528489   -1.7615454015   -1.6296899107   -0.4980039575   -0.1907649861   -0.0206042506    0.0808781847    0.2009175445    1.6186604706    1.6972959990    1.7180571376    1.7451570338    1.8287218695    1.8561719540    0.0000000000    3.1247814076    3.0103590885    6.2250000000    6.2250000000    3.8246525756    1.3969113691    3.6469134493    0.0000000000    4.8717457222    2.3935200918    5.0410934116    2.6281949891    5.0917131917    0.0000000000    0.0000000000    3.0103590885    1.3191890000    4.0437294814    1.0374384712    1.3969113691    3.6469134493    0.0000000000    0.0000000000    2.3935200918    2.5030097516    0.0000000000    5.0917131917
 evalkeed: R-factor (kleed)  0.97725119516099357     
 ID: 000 original Parms passed to evaluate.f 
   1   1   1   1   1   2   2   2   2   2   2   2   2   2
   -1.8334000000   -1.7232000000   -1.7088000000   -0.2520200000   -0.1533300000   -0.0922100000    0.2128200000    0.2329200000    1.6715000000    1.7504000000    1.8055000000    1.6819000000    1.6298000000    1.6624000000    0.1184100000    3.2288000000    3.1263000000    6.2986000000    4.0866000000    1.3292000000    3.7082000000    3.7199000000    5.2001000000   -0.0085411000    5.0149000000    2.3408000000    2.4395000000    2.3883000000   -0.1328200000    0.0760450000   -2.8537000000    1.3368000000    6.0687000000    1.2971000000    1.0921000000    3.6448000000    0.0737560000    0.0434360000    4.9333000000    5.1283000000    0.1835200000    2.2490000000
 ID: 000 Parms passed to tleed codes:    (may be changed by VALUATE)
   1   1   1   1   1   2   2   2   2   2   2   2   2   2
   -1.8334000000   -1.7232000000   -1.7088000000   -0.2520200000   -0.1533300000   -0.0922100000    0.2128200000    0.2329200000    1.6298000000    1.6624000000    1.6715000000    1.6819000000    1.7504000000    1.8055000000    0.0000000000    3.2288000000    2.9900000018    6.2250000000    6.2250000000    1.3131500002    3.7082000000    3.6823500005    2.4395000000    2.3186500009    5.2001000000    5.1283000000    0.0000000000    4.9741000005    0.0000000000    0.0000000000    2.9900000018    1.3368000000    4.0866000000    1.3131500002    1.0921000000    3.6823500005    0.0000000000    2.3186500009    0.0000000000    2.3408000000    0.0000000000    4.9741000005
 evalkeed: R-factor (kleed)   1.0403998802939765     
 ID: 000 original Parms passed to evaluate.f 
   1   1   1   1   1   2   2   2   2   2   2   2   2   2
   -1.8757000000   -1.7941000000   -1.8067000000   -0.3861000000    0.2472000000   -0.0461000000    0.0690000000    0.1874000000    1.7112000000    1.7350000000    1.7378000000    1.7467000000    1.7751000000    1.7897000000    0.0000000000    3.1141000000    3.0047000000    6.2250000000   -4.0621000000    1.2552000000    3.6738000000   -4.2907000000    5.0398000000    0.0000000000    5.0355000000    2.4703000000    2.5445000000    2.4371000000    0.0000000000    0.0000000000   -3.0047000000    1.2913000000    6.2250000000    1.2552000000    1.2125000000    3.7093000000    0.0000000000    0.0000000000    5.0355000000    5.0402000000    0.0000000000    2.4371000000
 ID: 000 Parms passed to tleed codes:    (may be changed by VALUATE)
   1   1   1   1   2   2   2   1   2   2   2   2   2   2
   -1.8757000000   -1.8067000000   -1.7941000000   -0.3861000000   -0.0461000000    0.0690000000    0.1874000000    0.2472000000    1.7112000000    1.7350000000    1.7378000000    1.7467000000    1.7751000000    1.7897000000    0.0000000000    3.0047000000    3.1141000000    6.2250000000    1.2552000000    3.6738000000    4.0000000039    6.2250000000    5.0398000000    0.0000000000    5.0355000000    5.0402000000    2.5445000000    2.4371000000    0.0000000000    3.0047000000    0.0000000000    1.2913000000    1.2552000000    1.2125000000    4.0000000039    4.0621000000    0.0000000000    0.0000000000    5.0355000000    2.4703000000    0.0000000000    2.4371000000
 evalkeed: R-factor (kleed)  0.90386357476701762     
 ID: 000 original Parms passed to evaluate.f 
   2   2   2   2   1   2   2   2   2   1   1   2   1   2
   -1.9189564812   -1.9732584378   -1.7815667694   -0.3573323580   -0.3674471351    0.0729915466    0.1879164202    0.1836366723    1.7439292361    1.7524639143    1.7191291422    1.8192790548    1.7162683457    2.0080185818   -0.0136395883    3.0160931314    3.2207768211    6.2309281461    6.2154351595    1.1719650536    3.7032410816    3.5756818142    5.1112324552    0.1623562064    4.9663224298    5.1259996673    2.6699001422    2.2777270424   -0.1440964432    3.0618147624   -0.0399885578    1.3602997375    4.0194622289    1.3263908324    1.3415249755    3.7761600506    0.1190838074   -0.1202457115    5.0335210442    2.4546282701   -0.1604085562    2.4628304235
 ID: 000 Parms passed to tleed codes:    (may be changed by VALUATE)
   2   2   2   1   2   2   2   2   1   1   2   1   2   2
   -1.9732584378   -1.9189564812   -1.7815667694   -0.3674471351   -0.3573323580    0.0729915466    0.1836366723    0.1879164202    1.7162683457    1.7191291422    1.7439292361    1.7524639143    1.8192790548    2.0080185818    3.0389539472    0.0000000000    3.2207768211    6.2250000000    6.2250000000    1.2491779440    3.6759209337    3.7032410816    2.6699001422    4.9999217375    5.1112324552    0.0000000000    5.1259996673    2.3702787342    3.0389539472    0.0000000000    0.0000000000    4.0194622289    1.3602997375    1.2491779440    3.6759209337    1.3415249755    0.0000000000    4.9999217375    0.0000000000    0.0000000000    2.4546282701    2.3702787342
 evalkeed: R-factor (kleed)  0.87470986676121387     
 ID: 000 original Parms passed to evaluate.f 
   1   1   2   2   1   1   1   2   1   1   2   2   1   2
   -1.9813472928   -1.6651858514   -1.8746090404   -0.3332256989   -0.2308679327   -0.1382901624   -0.1480674494    0.1814812175    1.6101366294    1.7964463049    1.7885740785    1.9159429870    1.8342282587    1.7253404797    0.0380337252    2.9037884476    3.1121489330    6.2201779211    6.2250043192    1.2234140549    3.7833003739    3.5219009742    5.0826183273    0.0895638471    5.1085957338    5.0979857346    2.5485314032    2.5048089188    0.0568900205    2.9791354584   -0.0377468956    1.2617112890    3.7903865494    1.2317995952    1.2243444837    3.7407809043    0.1443508244   -0.0350974738    5.0978233851    2.5502048618    0.0940889941    2.3378908264
 ID: 000 Parms passed to tleed codes:    (may be changed by VALUATE)
   1   2   1   2   1   1   1   2   1   2   2   1   1   2
   -1.9813472928   -1.8746090404   -1.6651858514   -0.3332256989   -0.2308679327   -0.1480674494   -0.1382901624    0.1814812175    1.6101366294    1.7253404797    1.7885740785    1.7964463049    1.8342282587    1.9159429870    0.0000000000    3.1121489330    2.9414619535    6.2250000000    6.2250000000    3.7833003739    1.2276068251    3.6313409407    5.0826183273    2.4213498737    5.1032095595    0.0000000000    2.5485314032    5.0979857346    0.0000000000    0.0000000000    2.9414619535    1.2617112890    3.7903865494    1.2243444837    1.2276068251    3.6313409407    0.0000000000    2.4213498737    5.1032095595    0.0000000000    0.0000000000    2.5502048618
 evalkeed: R-factor (kleed)   1.0153966551846780     
 ID: 000 original Parms passed to evaluate.f 
   1   1   2   1   2   2   2   2   2   2   1   1   1   2
   -1.8544964848   -1.7829117927   -1.8948763392   -0.4603044752   -0.1445705047   -0.0592499703    0.1079880490    0.1961987107    1.6476534775    1.6790426698    1.7821653490    1.6517096201    1.8532181618    1.8465960646   -0.0821714292    2.9781393149    2.9953222984    6.0047679283    6.3236337391    1.2033364934    3.7065367564    3.7327057013    5.0419466139   -0.1003944467    4.9407853935    5.0027570805    2.4259113786    2.3315097076    0.1472479934    3.0102743832   -0.1217317454    1.2871772866    3.8250656136    1.1202722457    1.1863898377    3.8046465446    0.0128644430    0.0656467514    4.9187180635    2.4242394820   -0.0262439953    2.3157847932
 ID: 000 Parms passed to tleed codes:    (may be changed by VALUATE)
   2   1   1   1   2   2   2   2   2   1   2   1   2   1
   -1.8948763392   -1.8544964848   -1.7829117927   -0.4603044752   -0.1445705047   -0.0592499703    0.1079880490    0.1961987107    1.6476534775    1.6517096201    1.6790426698    1.7821653490    1.8465960646    1.8532181618    2.9953222984    0.0000000000    2.9942068493    6.2250000000    6.2250000000    1.1618043701    3.7065367564    3.7686761234    5.0419466139    5.0027570805    0.0000000000    4.9297517286    2.3236472505    2.4259113786    0.0000000000    0.0000000000    2.9942068493    1.2871772866    3.8250656136    1.1618043701    1.1863898377    3.7686761234    0.0000000000    2.4242394820    0.0000000000    4.9297517286    2.3236472505    0.0000000000
 evalkeed: R-factor (kleed)  0.91453294840788568     
 ID: 000 original Parms passed to evaluate.f 
   2   2   2   1   1   1   2   1   1   2   2   1   1   2
   -2.0076436998   -1.7135782485   -1.7929755104   -0.4506145816   -0.1722271207   -0.0229373989   -0.0299759672    0.3213585701    1.7401502035    1.8828917058    1.8516028013    1.6782861415    1.6459063955    1.7824073724   -0.0330598880    2.9203372361    3.1638769664    6.3738490471    6.1703524105    1.1705241836    3.6491663472    3.7756024146    4.9543802626   -0.1201314815    5.0235130572    5.0336705985    2.5930295556    2.3775509097   -0.0149667744    2.9612248069   -0.0079330223    1.4448152266    3.8772517141    1.1204637326    1.2594383120    3.6189433057    0.0035879639   -0.0627531220    5.0890397954    2.5255883517   -0.0203690480    2.2316675319
 ID: 000 Parms passed to tleed codes:    (may be changed by VALUATE)
   2   2   2   1   1   2   1   1   1   1   1   2   2   2
   -2.0076436998   -1.7929755104   -1.7135782485   -0.4506145816   -0.1722271207   -0.0299759672   -0.0229373989    0.3213585701    1.6459063955    1.6782861415    1.7401502035    1.7824073724    1.8516028013    1.8828917058    0.0000000000    3.1638769664    2.9407810218    6.2250000000    6.2250000000    3.6491663472    1.1454939584    3.6972728612    2.5930295556    5.0336705985    4.9543802626    2.3046092218    5.0562764267    0.0000000000    0.0000000000    0.0000000000    2.9407810218    1.4448152266    3.8772517141    1.2594383120    1.1454939584    3.6972728612    0.0000000000    2.5255883517    0.0000000000    2.3046092218    5.0562764267    0.0000000000
 evalkeed: R-factor (kleed)  0.95293725736890245     
 ID: 000 original Parms passed to evaluate.f 
   1   1   2   2   2   2   1   1   2   1   2   2   2   2
   -1.8624439269   -1.6474059296   -1.6922588211   -0.5441402499   -0.2606661919   -0.1142656860   -0.0334553057    0.0639646522    1.7400807019    1.6920696995    1.7433801190    1.7099126433    1.7286026633    1.8267960584    0.0728282932    3.2159160170    2.9783702257    6.1227389856    6.3287834199    1.2162200452    3.5356734376    3.7408542633    5.1951242569    0.0707893885    5.2312384755    5.0906542354    2.7309529020    2.4031188223   -0.1139779402    2.9835876517    0.1190244936    1.1796791242    4.0014274135    1.1950587874    1.2676184712    3.5993159545    0.0085990593   -0.2004563322    4.9861912082    2.5165048012   -0.0321004692    2.5607555652
 ID: 000 original Parms passed to evaluate.f 
   1   2   1   1   2   2   2   1   1   2   1   1   2   1
   -1.9388279657   -2.0392211129   -1.9172636533   -0.2805351612   -0.2641223989   -0.0081776377    0.1634199727   -0.0246426688    1.6467321084    1.6645698272    1.6359862784    1.7284918132    1.9272013239    1.7858561236    0.1227447989    2.9350795200    3.1148524487    6.1467106956    6.2836938559    1.2300792625    3.7218135823    3.7761155034    5.0319678804    0.0889172618    5.2664287486    5.0926638680    2.5433212676    2.5284140818    0.0055940679    2.8939930105    0.0485497707    1.2907994926    3.9102782141    1.3828452474    1.3988400613    3.6570440698    0.0103424447   -0.0807649131    5.1035438584    2.2338410152    0.0990114872    2.4589899121
 ID: 000 original Parms passed to evaluate.f 
   2   2   2   2   1   2   2   1   2   2   1   1   2   1
   -1.8495337540   -1.6853555505   -1.8215666986   -0.3994134451   -0.3798500204   -0.2124606453   -0.0013554262    0.2154880489    1.6570790670    1.6016469270    1.8450686268    1.6754914548    1.7739714439    1.7896182971   -0.0249436285    3.0443575319    3.0876986645    6.0585989123    6.1221024900    1.2795094700    3.5481409892    3.6745816810    4.9456627807   -0.1174560281    4.9333858313    5.0000333265    2.5618665669    2.4254881507    0.1064119149    2.9801613703   -0.1517539131    1.2922734159    3.9450372865    1.2868535814    1.2624825668    3.8371084147   -0.0547816147    0.0260808399    5.0341823328    2.4122735998    0.2136308423    2.4113382884
 ID: 000 Parms passed to tleed codes:    (may be changed by VALUATE)
   2   2   2   2   1   2   2   1   2   2   1   2   1   1
   -1.8495337540   -1.8215666986   -1.6853555505   -0.3994134451   -0.3798500204   -0.2124606453   -0.0013554262    0.2154880489    1.6016469270    1.6570790670    1.6754914548    1.7739714439    1.7896182971    1.8450686268    0.0000000000    3.0876986645    3.0122594515    6.2250000000    6.2250000000    1.2831815257    3.5481409892    3.7558450489    0.0000000000    4.9456627807    5.0000333265    2.5618665669    2.4184132196    4.9837840827    0.0000000000    0.0000000000    3.0122594515    1.2922734159    3.9450372865    1.2831815257    1.2624825668    3.7558450489    0.0000000000    0.0000000000    2.4122735998    0.0000000000    2.4184132196    4.9837840827
 evalkeed: R-factor (kleed)   1.1093527122030009     
 ID: 000 original Parms passed to evaluate.f 
   2   1   1   1   2   1   2   1   2   1   2   1   2   2
   -2.0166528489   -1.6296899107   -1.7615454015   -0.4980039575   -0.1907649861    0.0808781847   -0.0206042506    0.2009175445    1.6972959990    1.6186604706    1.8561719540    1.7451570338    1.8287218695    1.7180571376   -0.0655559390    3.0361362763    3.1247814076    6.4098216218    6.1974894325    1.4764554079    3.8246525756    3.5147921400    4.8717457222   -0.0573534134    5.0169183473    5.0410934116    2.6281949891    2.3648729328   -0.0721490477    2.9845819000   -0.0020464161    1.3191890000    4.0437294814    1.3173673282    1.0374384712    3.7790347551    0.0811485863    0.0636344948    5.1665080341    2.5030097516   -0.0672993164    2.4221672501
 ID: 000 Parms passed to tleed codes:    (may be changed by VALUATE)
   2   1   1   1   2   2   1   1   1   2   2   1   2   2
   -2.0166528489   -1.7615454015   -1.6296899107   -0.4980039575   -0.1907649861   -0.0206042506    0.0808781847    0.2009175445    1.6186604706    1.6972959990    1.7180571376    1.7451570338    1.8287218695    1.8561719540    0.0000000000    3.1247814076    3.0103590885    6.2250000000    6.2250000000    3.8246525756    1.3969113691    3.6469134493    0.0000000000    4.8717457222    2.3935200918    5.0410934116    2.6281949891    5.0917131917    0.0000000000    0.0000000000    3.0103590885    1.3191890000    4.0437294814    1.0374384712    1.3969113691    3.6469134493    0.0000000000    0.0000000000    2.3935200918    2.5030097516    0.0000000000    5.0917131917
 evalkeed: R-factor (kleed)  0.97725119516099357     
