TitleText: Ni(001)-(5x5)-Li     Beam (1,0)                Rfac10=0.6374
 "IV exp
   46.2500000       2389.33960    
   46.5000000       2529.45239    
   46.7500000       2668.43970    
   47.0000000       2805.73950    
   47.2500000       2939.96289    
   47.5000000       3066.41650    
   47.7500000       3179.58179    
   48.0000000       3273.93945    
   48.2500000       3345.12915    
   48.5000000       3393.42725    
   48.7500000       3420.26880    
   49.0000000       3427.08960    
   49.2500000       3415.53687    
   49.5000000       3388.10864    
   49.7500000       3347.51440    
   50.0000000       3296.46436    
   50.2500000       3237.25708    
   50.5000000       3170.54688    
   50.7500000       3096.57666    
   51.0000000       3015.58936    
   51.2500000       2928.05591    
   51.5000000       2835.36157    
   51.7500000       2739.11841    
   52.0000000       2640.93945    
   52.2500000       2542.34253    
   52.5000000       2444.46533    
   52.7500000       2348.35010    
   53.0000000       2255.03955    
   53.2500000       2165.44360    
   53.5000000       2079.94238    
   53.7500000       1998.78345    
   54.0000000       1922.21436    
   54.2500000       1850.37817    
   54.5000000       1782.99878    
   54.7500000       1719.69604    
   55.0000000       1660.08960    
   55.2500000       1603.77222    
   55.5000000       1550.23071    
   55.7500000       1498.92480    
   56.0000000       1449.31445    
   56.2500000       1400.93579    
   56.5000000       1353.62842    
   56.7500000       1307.30762    
   57.0000000       1261.88940    
   57.2500000       1217.53467    
   57.5000000       1175.38660    
   57.7500000       1136.83374    
   58.0000000       1103.26453    
   58.2500000       1076.02417    
   58.5000000       1056.28394    
   58.7500000       1045.17139    
   59.0000000       1043.81445    
   59.2500000       1053.30835    
   59.5000000       1074.61804    
   59.7500000       1108.67578    
   60.0000000       1156.41455    
   60.2500000       1218.63477    
   60.5000000       1295.61230    
   60.7500000       1387.49084    
   61.0000000       1494.41455    
   61.2500000       1616.44604    
   61.5000000       1753.32300    
   61.7500000       1904.70215    
   62.0000000       2070.23950    
   62.2500000       2249.44971    
   62.5000000       2441.27661    
   62.7500000       2644.52271    
   63.0000000       2857.98950    
   63.2500000       3080.24951    
   63.5000000       3308.95435    
   63.7500000       3541.52686    
   64.0000000       3775.38940    
   64.2500000       4008.32959    
   64.5000000       4239.59863    
   64.7500000       4468.81299    
   65.0000000       4695.58936    
   65.2500000       4919.41309    
   65.5000000       5139.24316    
   65.7500000       5353.90967    
   66.0000000       5562.23926    
   66.2500000       5763.05225    
   66.5000000       5955.13477    
   66.7500000       6137.26318    
   67.0000000       6308.21387    
   67.2500000       6466.77441    
   67.5000000       6611.76807    
   67.7500000       6742.02881    
   68.0000000       6856.38916    
   68.2500000       6953.72607    
   68.5000000       7033.08740    
   68.7500000       7093.56104    
   69.0000000       7134.23926    
   69.2500000       7154.67432    
   69.5000000       7156.27490    
   69.7500000       7140.91455    
   70.0000000       7110.46436    
   70.2500000       7066.97949    
   70.5000000       7013.24512    
   70.7500000       6952.22705    
   71.0000000       6886.88965    
   71.2500000       6820.39697    
   71.5000000       6756.68994    
   71.7500000       6699.90771    
   72.0000000       6654.18945    
   72.2500000       6623.20215    
   72.5000000       6608.73535    
   72.7500000       6612.10840    
   73.0000000       6634.63965    
   73.2500000       6677.23047    
   73.5000000       6739.10645    
   73.7500000       6819.07422    
   74.0000000       6915.93994    
   74.2500000       7028.53320    
   74.5000000       7155.76611    
   74.7500000       7296.57373    
   75.0000000       7449.88965    
   75.2500000       7614.29883    
   75.5000000       7786.98096    
   75.7500000       7964.76758    
   76.0000000       8144.48926    
   76.2500000       8323.20605    
   76.5000000       8498.89941    
   76.7500000       8669.78223    
   77.0000000       8834.06445    
   77.2500000       8990.05176    
   77.5000000       9136.41699    
   77.7500000       9271.92480    
   78.0000000       9395.33984    
   78.2500000       9505.22363    
   78.5000000       9599.31934    
   78.7500000       9675.16895    
   79.0000000       9730.31445    
   79.2500000       9762.83301    
   79.5000000       9772.95996    
   79.7500000       9761.47168    
   80.0000000       9729.13965    
   80.2500000       9676.38867    
   80.5000000       9602.23438    
   80.7500000       9505.34570    
   81.0000000       9384.38867    
   81.2500000       9237.89746    
   81.5000000       9063.87793    
   81.7500000       8860.20020    
   82.0000000       8624.73926    
   82.2500000       8356.06250    
   82.5000000       8055.52148    
   82.7500000       7725.16455    
   83.0000000       7367.03955    
   83.2500000       6983.83105    
   83.5000000       6580.76758    
   83.7500000       6163.71533    
   84.0000000       5738.53955    
   84.2500000       5311.20117    
   84.5000000       4888.03955    
   84.7500000       4475.49072    
   85.0000000       4079.98926    
   85.2500000       3706.94385    
   85.5000000       3357.65210    
   85.7500000       3032.38525    
   86.0000000       2731.41455    
   86.2500000       2455.01196    
   86.5000000       2203.45728    
   86.7500000       1977.03125    
   87.0000000       1776.01440    
   87.2500000       1600.61694    
   87.5000000       1450.76196    
   87.7500000       1326.30212    
   88.0000000       1227.08960    
   88.2500000       1152.61206    
   88.5000000       1100.90039    
   88.7500000       1069.62061    
   89.0000000       1056.43945    
   89.2500000       1059.13025    
   89.5000000       1075.89551    
   89.7500000       1105.04541    
   90.0000000       1144.88953    
   90.2500000       1193.79858    
   90.5000000       1250.38550    
   90.7500000       1313.32446    
   91.0000000       1381.28955    
   91.2500000       1453.12964    
   91.5000000       1528.39612    
   91.7500000       1606.81567    
   92.0000000       1688.11450    
   92.2500000       1771.94849    
   92.5000000       1857.68896    
   92.7500000       1944.63574    
   93.0000000       2032.08936    
   93.2500000       2119.34058    
   93.5000000       2205.64136    
   93.7500000       2290.23511    
   94.0000000       2372.36450    
   94.2500000       2451.14502    
   94.5000000       2525.17944    
   94.7500000       2592.94434    
   95.0000000       2652.91455    
   95.2500000       2703.73706    
   95.5000000       2744.74072    
   95.7500000       2775.42505    
   96.0000000       2795.28955    
   96.2500000       2804.19287    
   96.5000000       2803.42944    
   96.7500000       2794.65210    
   97.0000000       2779.51440    
   97.2500000       2759.57837    
   97.5000000       2736.04395    
   97.7500000       2710.01953    
   98.0000000       2682.61426    
   98.2500000       2654.86353    
   98.5000000       2627.50684    
   98.7500000       2601.20996    
   99.0000000       2576.63940    
   99.2500000       2554.41357    
   99.5000000       2534.96265    
   99.7500000       2518.66870    
   100.000000       2505.91455    
   100.250000       2496.86841    
   100.500000       2490.84204    
   100.750000       2486.93359    
   101.000000       2484.23950    
   101.250000       2481.90088    
   101.500000       2479.22754    
   101.750000       2475.57275    
   102.000000       2470.28955    
   102.250000       2462.83398    
   102.500000       2453.07812    
   102.750000       2440.99658    
   103.000000       2426.56445    
   103.250000       2409.79150    
   103.500000       2390.82495    
   103.750000       2369.84692    
   104.000000       2347.03955    
   104.250000       2322.60815    
   104.500000       2296.85278    
   104.750000       2270.09717    
   105.000000       2242.66455    
   105.250000       2214.83984    
   105.500000       2186.75391    
   105.750000       2158.49805    
   106.000000       2130.16455    
   106.250000       2101.90625    
   106.500000       2074.11914    
   106.750000       2047.26099    
   107.000000       2021.78955    
   107.250000       1998.15039    
   107.500000       1976.74463    
   107.750000       1957.96118    
   108.000000       1942.18945    
   108.250000       1929.82471    
   108.500000       1921.28369    
   108.750000       1916.98950    
   109.000000       1917.36450    
   109.250000       1922.73560    
   109.500000       1933.04785    
   109.750000       1948.14917    
   110.000000       1967.88940    
   110.250000       1991.97583    
   110.500000       2019.55273    
   110.750000       2049.62305    
   111.000000       2081.18945    
   111.250000       2113.34839    
   111.500000       2145.56860    
   111.750000       2177.41162    
   112.000000       2208.43945    
   112.250000       2238.20386    
   112.500000       2266.21606    
   112.750000       2291.97754    
   113.000000       2314.98950    
   113.250000       2334.77686    
   113.500000       2350.95972    
   113.750000       2363.18262    
   114.000000       2371.08936    
   114.250000       2374.38501    
   114.500000       2373.01831    
   114.750000       2367.00000    
   115.000000       2356.33960    
   115.250000       2341.11108    
   115.500000       2321.64355    
   115.750000       2298.33032    
   116.000000       2271.56445    
   116.250000       2241.76221    
   116.500000       2209.43457    
   116.750000       2175.11572    
   117.000000       2139.33960    
   117.250000       2102.56421    
   117.500000       2064.94238    
   117.750000       2026.55029    
   118.000000       1987.46460    
   118.250000       1947.85303    
   118.500000       1908.25171    
   118.750000       1869.28809    
   119.000000       1831.58960    
   119.250000       1795.69458    
   119.500000       1761.78491    
   119.750000       1729.95239    
   120.000000       1700.28955    
   120.250000       1672.90698    
   120.500000       1647.98975    
   120.750000       1625.74121    
   121.000000       1606.36450    
   121.250000       1590.13428    
   121.500000       1577.61133    
   121.750000       1569.42749    
   122.000000       1566.21460    
   122.250000       1568.46753    
   122.500000       1576.13306    
   122.750000       1589.02051    
   123.000000       1606.93945    
   123.250000       1629.81689    
   123.500000       1658.04980    
   123.750000       1692.15234    
   124.000000       1732.63940    
   124.250000       1779.95215    
   124.500000       1834.23901    
   124.750000       1895.57642    
   125.000000       1964.03955    
   125.250000       2039.70386    
   125.500000       2122.64307    
   125.750000       2212.93066    
   126.000000       2310.63965    
   126.250000       2415.79712    
   126.500000       2528.24463    
   126.750000       2647.77686    
   127.000000       2774.18945    
   127.250000       2907.27710    
   127.500000       3046.83496    
   127.750000       3192.65747    
   128.000000       3344.53955    
   128.250000       3502.37598    
   128.500000       3666.45923    
   128.750000       3837.18286    
   129.000000       4014.93945    
   129.250000       4200.29053    
   129.500000       4394.47119    
   129.750000       4598.88623    
   130.000000       4814.93945    
   130.250000       5043.74316    
   130.500000       5285.24023    
   130.750000       5539.08008    
   131.000000       5804.91406    
   131.250000       6081.76758    
   131.500000       6366.16992    
   131.750000       6654.02539    
   132.000000       6941.23926    
   132.250000       7224.43848    
   132.500000       7503.14600    
   132.750000       7777.60645    
   133.000000       8048.06445    
   133.250000       8314.91602    
   133.500000       8579.16016    
   133.750000       8841.94238    
   134.000000       9104.41406    
   134.250000       9367.20801    
   134.500000       9628.89844    
   134.750000       9887.54688    
   135.000000       10141.2139    
   135.250000       10388.2803    
   135.500000       10628.4102    
   135.750000       10861.5850    
   136.000000       11087.7891    
   136.250000       11307.1885    
   136.500000       11520.6768    
   136.750000       11729.3281    
   137.000000       11934.2148    
   137.250000       12136.2129    
   137.500000       12335.3838    
   137.750000       12531.5879    
   138.000000       12724.6895    
   138.250000       12914.5322    
   138.500000       13100.9023    
   138.750000       13283.5732    
   139.000000       13462.3145    
   139.250000       13637.4453    
   139.500000       13811.4766    
   139.750000       13987.4648    
   140.000000       14168.4648    
   140.250000       14356.0107    
   140.500000       14545.5303    
   140.750000       14730.9297    
   141.000000       14906.1143    
   141.250000       15065.9678    
   141.500000       15209.3086    
   141.750000       15335.9336    
   142.000000       15445.6396    
   142.250000       15540.8262    
   142.500000       15634.2900    
   142.750000       15741.4287    
   143.000000       15877.6387    
   143.250000       16055.7842    
   143.500000       16278.5938    
   143.750000       16546.2637    
   144.000000       16858.9902    
   144.250000       17214.3828    
   144.500000       17599.7285    
   144.750000       17999.7227    
   145.000000       18399.0645    
   145.250000       18785.7285    
   145.500000       19160.7988    
   145.750000       19528.6348    
   146.000000       19893.5898    
   146.250000       20260.8301    
   146.500000       20638.7363    
   146.750000       21036.4922    
   147.000000       21463.2891    
   147.250000       21923.4043    
   147.500000       22401.5078    
   147.750000       22877.3555    
   148.000000       23330.7129    
   148.250000       23744.4824    
   148.500000       24114.1348    
   148.750000       24438.2832    
   149.000000       24715.5410    
   149.250000       24946.5117    
   149.500000       25139.7637    
   149.750000       25305.8613    
   150.000000       25455.3652    
   150.250000       25596.9199    
   150.500000       25731.4902    
   150.750000       25858.1230    
   151.000000       25975.8633    
   151.250000       26085.1387    
   151.500000       26191.8789    
   151.750000       26303.3848    
   152.000000       26426.9648    
   152.250000       26568.1758    
   152.500000       26725.5977    
   152.750000       26896.0508    
   153.000000       27076.3652    
   153.250000       27262.2539    
   153.500000       27444.9473    
   153.750000       27614.5605    
   154.000000       27761.2148    
   154.250000       27877.0020    
   154.500000       27961.9277    
   154.750000       28017.9863    
   155.000000       28047.1641    
   155.250000       28052.6562    
   155.500000       28042.4883    
   155.750000       28025.8887    
   156.000000       28012.0898    
   156.250000       28009.0879    
   156.500000       28019.9336    
   156.750000       28046.4453    
   157.000000       28090.4395    
   157.250000       28151.3457    
   157.500000       28219.0625    
   157.750000       28281.0996    
   158.000000       28324.9648    
   158.250000       28339.9277    
   158.500000       28322.2695    
   158.750000       28270.0312    
   159.000000       28181.2637    
   159.250000       28055.6016    
   159.500000       27899.0996    
   159.750000       27719.4121    
   160.000000       27524.1895    
   160.250000       27319.5527    
   160.500000       27105.4629    
   160.750000       26880.3477    
   161.000000       26642.6387    
   161.250000       26390.6250    
   161.500000       26122.0742    
   161.750000       25834.6133    
   162.000000       25525.8652    
   162.250000       25193.9922    
   162.500000       24839.2305    
   162.750000       24462.3555    
   163.000000       24064.1387    
   163.250000       23647.1699    
   163.500000       23221.3496    
   163.750000       22798.3984    
   164.000000       22390.0410    
   164.250000       22005.6660    
   164.500000       21645.3242    
   164.750000       21306.7344    
   165.000000       20987.6152    
   165.250000       20683.9590    
   165.500000       20384.8555    
   165.750000       20077.6680    
   166.000000       19749.7637    
   166.250000       19391.4316    
   166.500000       19004.6660    
   166.750000       18594.3867    
   167.000000       18165.5137    
   167.250000       17722.8418    
   167.500000       17270.6777    
   167.750000       16813.1992    
   168.000000       16354.5898    
   168.250000       15898.5879    
   168.500000       15447.1572    
   168.750000       15001.8252    
   169.000000       14564.1143    
   169.250000       14135.8809    
   169.500000       13720.3145    
   169.750000       13320.9346    
   170.000000       12941.2637    
   170.250000       12583.8516    
   170.500000       12247.3594    
   170.750000       11929.4746    
   171.000000       11627.8887    
   171.250000       11340.2646    
   171.500000       11064.1699    
   171.750000       10797.1475    
   172.000000       10536.7393    
   172.250000       10281.0967    
   172.500000       10030.8076    
   172.750000       9787.06543    
   173.000000       9551.06445    
   173.250000       9324.08691    
   173.500000       9107.75488    
   173.750000       8903.77734    
   174.000000       8713.86523    
   174.250000       8539.59570    
   174.500000       8382.03125    
   174.750000       8242.10156    
   175.000000       8120.73975    
   175.250000       8017.93457    
   175.500000       7929.91406    
   175.750000       7851.96191    
   176.000000       7779.36426    
   176.250000       7707.94043    
   176.500000       7635.65283    
   176.750000       7560.99512    
   177.000000       7482.46484    
   177.250000       7399.36230    
   177.500000       7314.21533    
   177.750000       7230.35498    
   178.000000       7151.11426    
   178.250000       7078.86035    
   178.500000       7012.10156    
   178.750000       6948.37988    
   179.000000       6885.23975    
   179.250000       6820.33984    
   179.500000       6751.81201    
   179.750000       6677.90381    
   180.000000       6596.86426    
   180.250000       6507.45947    
   180.500000       6410.53369    
   180.750000       6307.44824    
   181.000000       6199.56445    
   181.250000       6088.09863    
   181.500000       5973.68018    
   181.750000       5856.79150    
   182.000000       5737.91455    
   182.250000       5617.36426    
   182.500000       5494.77637    
   182.750000       5369.62012    
   183.000000       5241.36426    
   183.250000       5109.66113    
   183.500000       4974.89893    
   183.750000       4837.65088    
   184.000000       4698.48926    
   184.250000       4558.41553    
   184.500000       4420.14258    
   184.750000       4286.81201    
   185.000000       4161.56445    
   185.250000       4046.82324    
   185.500000       3942.13599    
   185.750000       3846.33154    
   186.000000       3758.23926    
   186.250000       3676.60571    
   186.500000       3599.84692    
   186.750000       3526.29712    
   187.000000       3454.28955    
   187.250000       3382.60571    
   187.500000       3311.81299    
   187.750000       3242.92749    
   188.000000       3176.96436    
   188.250000       3114.62061    
   188.500000       3055.32202    
   188.750000       2998.17578    
   189.000000       2942.28955    
   189.250000       2886.96484    
   189.500000       2832.27954    
   189.750000       2778.50562    
   190.000000       2725.91455    
   190.250000       2674.78589    
   190.500000       2625.42798    
   190.750000       2578.15723    
   191.000000       2533.28955    
   191.250000       2491.02954    
   191.500000       2451.13623    
   191.750000       2413.25708    
   192.000000       2377.03955    
   192.250000       2342.26099    
   192.500000       2309.21777    
   192.750000       2278.33496    
   193.000000       2250.03955    
   193.250000       2224.74512    
   193.500000       2202.82129    
   193.750000       2184.62524    
   194.000000       2170.51465    
   194.250000       2160.71704    
   194.500000       2154.94067    
   194.750000       2152.76392    
   195.000000       2153.76440    
   195.250000       2157.52148    
   195.500000       2163.61523    
   195.750000       2171.62769    
   196.000000       2181.13940    
   196.250000       2191.86963    
   196.500000       2204.08789    
   196.750000       2218.20068    
   197.000000       2234.61450    
   197.250000       2253.63379    
   197.500000       2275.14844    
   197.750000       2298.94629    
   198.000000       2324.81445    
   198.250000       2352.51465    
   198.500000       2381.70557    
   198.750000       2412.01953    
   199.000000       2443.08960    
   199.250000       2474.59326    
   199.500000       2506.38843    
   199.750000       2538.37793    

 "IV theory
   46.2500000       1205.31238    
   46.5000000       1235.58215    
   46.7500000       1268.21167    
   47.0000000       1302.75073    
   47.2500000       1338.68713    
   47.5000000       1375.25891    
   47.7500000       1411.64319    
   48.0000000       1447.01599    
   48.2500000       1480.55286    
   48.5000000       1511.42505    
   48.7500000       1538.80249    
   49.0000000       1561.85535    
   49.2500000       1579.81689    
   49.5000000       1592.17529    
   49.7500000       1598.48108    
   50.0000000       1598.28564    
   50.2500000       1591.27014    
   50.5000000       1577.63660    
   50.7500000       1557.71753    
   51.0000000       1531.84521    
   51.2500000       1500.41895    
   51.5000000       1464.10571    
   51.7500000       1423.63879    
   52.0000000       1379.75244    
   52.2500000       1333.18103    
   52.5000000       1284.66162    
   52.7500000       1234.93262    
   53.0000000       1184.73181    
   53.2500000       1134.78027    
   53.5000000       1085.73059    
   53.7500000       1038.21753    
   54.0000000       992.876892    
   54.2500000       950.308899    
   54.5000000       910.974915    
   54.7500000       875.301453    
   55.0000000       843.715210    
   55.2500000       816.624390    
   55.5000000       794.365295    
   55.7500000       777.255798    
   56.0000000       765.614014    
   56.2500000       759.758362    
   56.5000000       760.008972    
   56.7500000       766.686401    
   57.0000000       780.111145    
   57.2500000       800.535706    
   57.5000000       827.940918    
   57.7500000       862.239441    
   58.0000000       903.344177    
   58.2500000       951.027771    
   58.5000000       1004.50348    
   58.7500000       1062.84460    
   59.0000000       1125.12451    
   59.2500000       1190.34485    
   59.5000000       1257.22095    
   59.7500000       1324.39673    
   60.0000000       1390.51575    
   60.2500000       1454.22021    
   60.5000000       1514.14612    
   60.7500000       1568.92688    
   61.0000000       1617.19702    
   61.2500000       1657.71106    
   61.5000000       1689.70850    
   61.7500000       1712.54858    
   62.0000000       1725.59131    
   62.2500000       1728.44507    
   62.5000000       1721.71130    
   62.7500000       1706.24036    
   63.0000000       1682.88220    
   63.2500000       1652.61426    
   63.5000000       1616.92419    
   63.7500000       1577.42676    
   64.0000000       1535.73621    
   64.2500000       1493.46973    
   64.5000000       1452.25085    
   64.7500000       1413.70569    
   65.0000000       1379.45959    
   65.2500000       1351.05164    
   65.5000000       1329.67468    
   65.7500000       1316.43433    
   66.0000000       1312.43677    
   66.2500000       1318.61035    
   66.5000000       1335.17419    
   66.7500000       1362.16992    
   67.0000000       1399.63916    
   67.2500000       1447.53271    
   67.5000000       1505.43555    
   67.7500000       1572.84204    
   68.0000000       1649.24646    
   68.2500000       1734.14197    
   68.5000000       1827.01978    
   68.7500000       1927.36951    
   69.0000000       2034.68140    
   69.2500000       2148.43701    
   69.5000000       2268.08325    
   69.7500000       2393.05957    
   70.0000000       2522.80420    
   70.2500000       2656.73804    
   70.5000000       2794.21045    
   70.7500000       2934.55103    
   71.0000000       3077.09155    
   71.2500000       3221.15283    
   71.5000000       3366.01978    
   71.7500000       3510.96802    
   72.0000000       3655.27319    
   72.2500000       3798.21021    
   72.5000000       3939.05420    
   72.7500000       4077.07910    
   73.0000000       4211.56055    
   73.2500000       4341.78125    
   73.5000000       4467.06006    
   73.7500000       4586.72559    
   74.0000000       4700.10498    
   74.2500000       4806.54492    
   74.5000000       4905.46289    
   74.7500000       4996.29736    
   75.0000000       5078.48438    
   75.2500000       5151.47021    
   75.5000000       5214.73877    
   75.7500000       5267.78516    
   76.0000000       5310.10156    
   76.2500000       5341.18213    
   76.5000000       5360.51855    
   76.7500000       5367.60205    
   77.0000000       5361.92383    
   77.2500000       5343.03223    
   77.5000000       5310.69873    
   77.7500000       5264.75244    
   78.0000000       5205.02295    
   78.2500000       5131.45361    
   78.5000000       5044.45117    
   78.7500000       4944.53857    
   79.0000000       4832.23682    
   79.2500000       4708.12939    
   79.5000000       4573.03418    
   79.7500000       4427.83203    
   80.0000000       4273.40186    
   80.2500000       4110.62256    
   80.5000000       3940.37500    
   80.7500000       3763.53882    
   81.0000000       3580.99512    
   81.2500000       3393.66187    
   81.5000000       3202.61035    
   81.7500000       3008.94995    
   82.0000000       2813.78809    
   82.2500000       2618.31323    
   82.5000000       2424.02832    
   82.7500000       2232.51416    
   83.0000000       2045.35217    
   83.2500000       1864.16431    
   83.5000000       1690.73145    
   83.7500000       1526.87488    
   84.0000000       1374.41614    
   84.2500000       1235.17847    
   84.5000000       1110.99194    
   84.7500000       1003.68915    
   85.0000000       915.102295    
   85.2500000       846.887634    
   85.5000000       799.996826    
   85.7500000       775.205750    
   86.0000000       773.289917    
   86.2500000       794.663208    
   86.5000000       838.291748    
   86.7500000       902.779846    
   87.0000000       986.731995    
   87.2500000       1088.56665    
   87.5000000       1205.95984    
   87.7500000       1336.40186    
   88.0000000       1477.38269    
   88.2500000       1626.39038    
   88.5000000       1780.90173    
   88.7500000       1938.39099    
   89.0000000       2096.33276    
   89.2500000       2252.32715    
   89.5000000       2404.47363    
   89.7500000       2550.99829    
   90.0000000       2690.12720    
   90.2500000       2820.34229    
   90.5000000       2941.15063    
   90.7500000       3052.31665    
   91.0000000       3153.60449    
   91.2500000       3244.90991    
   91.5000000       3326.65625    
   91.7500000       3399.39868    
   92.0000000       3463.69287    
   92.2500000       3520.09497    
   92.5000000       3569.16553    
   92.7500000       3611.46484    
   93.0000000       3647.55444    
   93.2500000       3678.01465    
   93.5000000       3703.50122    
   93.7500000       3724.68848    
   94.0000000       3742.25098    
   94.2500000       3756.90381    
   94.5000000       3769.51953    
   94.7500000       3781.01196    
   95.0000000       3792.29346    
   95.2500000       3804.29761    
   95.5000000       3818.03687    
   95.7500000       3834.54541    
   96.0000000       3854.85498    
   96.2500000       3880.00098    
   96.5000000       3911.02295    
   96.7500000       3948.96143    
   97.0000000       3994.85840    
   97.2500000       4049.61597    
   97.5000000       4113.58398    
   97.7500000       4186.97266    
   98.0000000       4269.99219    
   98.2500000       4362.56982    
   98.5000000       4463.49219    
   98.7500000       4571.26416    
   99.0000000       4684.38867    
   99.2500000       4801.22314    
   99.5000000       4919.54248    
   99.7500000       5036.97510    
   100.000000       5151.15039    
   100.250000       5259.69385    
   100.500000       5360.22021    
   100.750000       5450.34326    
   101.000000       5527.67285    
   101.250000       5590.00391    
   101.500000       5635.85352    
   101.750000       5663.91992    
   102.000000       5672.90332    
   102.250000       5661.87256    
   102.500000       5631.38477    
   102.750000       5582.36670    
   103.000000       5515.74756    
   103.250000       5432.64502    
   103.500000       5334.94092    
   103.750000       5224.71094    
   104.000000       5104.02734    
   104.250000       4974.96533    
   104.500000       4839.60693    
   104.750000       4700.03516    
   105.000000       4558.33350    
   105.250000       4416.58740    
   105.500000       4276.88867    
   105.750000       4141.33203    
   106.000000       4012.01221    
   106.250000       3891.02808    
   106.500000       3780.49878    
   106.750000       3682.54883    
   107.000000       3599.30298    
   107.250000       3532.88770    
   107.500000       3485.43604    
   107.750000       3459.08398    
   108.000000       3455.96729    
   108.250000       3478.22314    
   108.500000       3527.99731    
   108.750000       3607.43774    
   109.000000       3718.69238    
   109.250000       3863.67212    
   109.500000       4043.34229    
   109.750000       4258.43262    
   110.000000       4509.67188    
   110.250000       4797.30176    
   110.500000       5119.62207    
   110.750000       5474.44482    
   111.000000       5859.58057    
   111.250000       6272.59277    
   111.500000       6710.04590    
   111.750000       7168.25537    
   112.000000       7643.53516    
   112.250000       8132.19824    
   112.500000       8630.54199    
   112.750000       9134.86426    
   113.000000       9641.45801    
   113.250000       10146.7529    
   113.500000       10647.7139    
   113.750000       11141.4375    
   114.000000       11625.0225    
   114.250000       12095.8379    
   114.500000       12552.3496    
   114.750000       12993.2988    
   115.000000       13417.4170    
   115.250000       13823.5879    
   115.500000       14211.2490    
   115.750000       14579.9883    
   116.000000       14929.3867    
   116.250000       15259.0264    
   116.500000       15568.4932    
   116.750000       15857.3760    
   117.000000       16125.2598    
   117.250000       16371.8037    
   117.500000       16596.9570    
   117.750000       16800.7480    
   118.000000       16983.1934    
   118.250000       17144.4766    
   118.500000       17285.3711    
   118.750000       17406.8086    
   119.000000       17509.7188    
   119.250000       17595.1035    
   119.500000       17664.2832    
   119.750000       17718.6445    
   120.000000       17759.5840    
   120.250000       17788.4922    
   120.500000       17806.7715    
   120.750000       17815.8262    
   121.000000       17817.0547    
   121.250000       17811.7207    
   121.500000       17800.4902    
   121.750000       17783.8906    
   122.000000       17762.4473    
   122.250000       17736.3809    
   122.500000       17704.7207    
   122.750000       17666.1797    
   123.000000       17619.4824    
   123.250000       17563.2031    
   123.500000       17495.2832    
   123.750000       17413.5254    
   124.000000       17315.7246    
   124.250000       17199.6777    
   124.500000       17063.1621    
   124.750000       16903.9629    
   125.000000       16719.8555    
   125.250000       16508.8145    
   125.500000       16269.5898    
   125.750000       16001.1162    
   126.000000       15702.3359    
   126.250000       15372.5850    
   126.500000       15012.7881    
   126.750000       14624.2607    
   127.000000       14208.3301    
   127.250000       13766.5137    
   127.500000       13301.1543    
   127.750000       12814.7959    
   128.000000       12309.9805    
   128.250000       11789.2568    
   128.500000       11255.1719    
   128.750000       10710.2832    
   129.000000       10157.1406    
   129.250000       9598.32422    
   129.500000       9036.51074    
   129.750000       8474.40137    
   130.000000       7914.69727    
   130.250000       7360.15479    
   130.500000       6813.73682    
   130.750000       6278.45898    
   131.000000       5757.33691    
   131.250000       5253.41211    
   131.500000       4769.83203    
   131.750000       4309.77051    
   132.000000       3876.39844    
   132.250000       3472.89209    
   132.500000       3102.43555    
   132.750000       2768.21313    
   133.000000       2473.41211    
   133.250000       2220.99390    
   133.500000       2013.02588    
   133.750000       1851.35254    
   134.000000       1737.81824    
   134.250000       1673.80701    
   134.500000       1658.86548    
   134.750000       1692.08032    
   135.000000       1772.53870    
   135.250000       1899.09131    
   135.500000       2069.64429    
   135.750000       2281.86865    
   136.000000       2533.43457    
   136.250000       2822.00977    
   136.500000       3145.25342    
   136.750000       3500.82227    
   137.000000       3886.37183    
   137.250000       4299.59521    
   137.500000       4738.32764    
   137.750000       5200.43701    
   138.000000       5683.79492    
   138.250000       6186.34326    
   138.500000       6706.31104    
   138.750000       7242.00000    
   139.000000       7791.71289    
   139.250000       8353.78711    
   139.500000       8926.71094    
   139.750000       9509.00586    
   140.000000       10099.2021    
   140.250000       10695.8203    
   140.500000       11297.3848    
   140.750000       11902.4180    
   141.000000       12509.4453    
   141.250000       13117.0537    
   141.500000       13724.0947    
   141.750000       14329.4824    
   142.000000       14932.1338    
   142.250000       15531.0977    
   142.500000       16125.9658    
   142.750000       16716.4609    
   143.000000       17302.3027    
   143.250000       17883.2871    
   143.500000       18459.4824    
   143.750000       19031.0273    
   144.000000       19598.0586    
   144.250000       20160.7188    
   144.500000       20719.1465    
   144.750000       21273.4863    
   145.000000       21823.8789    
   145.250000       22370.4434    
   145.500000       22913.1797    
   145.750000       23452.0684    
   146.000000       23987.0898    
   146.250000       24518.1602    
   146.500000       25044.9766    
   146.750000       25567.1719    
   147.000000       26084.3926    
   147.250000       26596.2402    
   147.500000       27102.2109    
   147.750000       27601.7695    
   148.000000       28094.3770    
   148.250000       28579.5020    
   148.500000       29056.6035    
   148.750000       29525.1406    
   149.000000       29984.5840    
   149.250000       30434.3926    
   149.500000       30874.0664    
   149.750000       31303.1094    
   150.000000       31721.0176    
   150.250000       32127.3086    
   150.500000       32521.5488    
   150.750000       32903.3203    
   151.000000       33272.1992    
   151.250000       33627.7734    
   151.500000       33969.6719    
   151.750000       34297.5000    
   152.000000       34610.8828    
   152.250000       34909.4570    
   152.500000       35192.8281    
   152.750000       35460.6250    
   153.000000       35712.4609    
   153.250000       35948.0000    
   153.500000       36167.0234    
   153.750000       36369.3477    
   154.000000       36554.8008    
   154.250000       36723.2695    
   154.500000       36874.9180    
   154.750000       37009.9844    
   155.000000       37128.6914    
   155.250000       37231.3086    
   155.500000       37318.2422    
   155.750000       37389.9414    
   156.000000       37446.8438    
   156.250000       37489.3906    
   156.500000       37518.0352    
   156.750000       37533.2188    
   157.000000       37535.3906    
   157.250000       37524.9414    
   157.500000       37502.0273    
   157.750000       37466.7695    
   158.000000       37419.2500    
   158.250000       37359.4727    
   158.500000       37286.9453    
   158.750000       37201.0820    
   159.000000       37101.2773    
   159.250000       36986.8711    
   159.500000       36856.9688    
   159.750000       36710.6094    
   160.000000       36546.8359    
   160.250000       36364.6875    
   160.500000       36163.1953    
   160.750000       35941.3984    
   161.000000       35698.3320    
   161.250000       35433.1055    
   161.500000       35145.1250    
   161.750000       34833.8789    
   162.000000       34498.8516    
   162.250000       34139.6836    
   162.500000       33756.6367    
   162.750000       33350.1133    
   163.000000       32920.5195    
   163.250000       32468.3535    
   163.500000       31994.4180    
   163.750000       31499.6016    
   164.000000       30984.7910    
   164.250000       30450.8711    
   164.500000       29898.7285    
   164.750000       29329.2559    
   165.000000       28743.3359    
   165.250000       28141.9199    
   165.500000       27526.1719    
   165.750000       26897.3223    
   166.000000       26256.6035    
   166.250000       25605.3633    
   166.500000       24945.4160    
   166.750000       24278.6953    
   167.000000       23607.1387    
   167.250000       22932.7383    
   167.500000       22257.7285    
   167.750000       21584.4043    
   168.000000       20915.0645    
   168.250000       20252.0020    
   168.500000       19597.5176    
   168.750000       18953.9180    
   169.000000       18323.4980    
   169.250000       17708.5020    
   169.500000       17110.9297    
   169.750000       16532.7148    
   170.000000       15975.8018    
   170.250000       15442.0010    
   170.500000       14932.6318    
   170.750000       14448.8906    
   171.000000       13991.9697    
   171.250000       13563.0020    
   171.500000       13162.8613    
   171.750000       12792.3564    
   172.000000       12452.2949    
   172.250000       12143.4912    
   172.500000       11866.7559    
   172.750000       11622.9072    
   173.000000       11412.7627    
   173.250000       11236.9463    
   173.500000       11095.3311    
   173.750000       10987.6035    
   174.000000       10913.4443    
   174.250000       10872.1514    
   174.500000       10861.4648    
   174.750000       10878.7402    
   175.000000       10921.3330    
   175.250000       10986.3975    
   175.500000       11070.2900    
   175.750000       11169.1738    
   176.000000       11279.2070    
   176.250000       11396.5469    
   176.500000       11517.3369    
   176.750000       11637.7168    
   177.000000       11753.8301    
   177.250000       11861.9844    
   177.500000       11959.1621    
   177.750000       12042.5117    
   178.000000       12109.1826    
   178.250000       12156.6680    
   178.500000       12183.8418    
   178.750000       12189.9189    
   179.000000       12174.1152    
   179.250000       12135.8232    
   179.500000       12075.1445    
   179.750000       11992.3594    
   180.000000       11887.7480    
   180.250000       11761.5898    
   180.500000       11614.1699    
   180.750000       11445.7715    
   181.000000       11256.6816    
   181.250000       11047.2559    
   181.500000       10818.1475    
   181.750000       10570.0781    
   182.000000       10303.7734    
   182.250000       10020.1094    
   182.500000       9720.56641    
   182.750000       9406.78223    
   183.000000       9080.38281    
   183.250000       8743.08398    
   183.500000       8396.90527    
   183.750000       8043.94678    
   184.000000       7686.30615    
   184.250000       7326.08398    
   184.500000       6965.38477    
   184.750000       6606.31787    
   185.000000       6250.98828    
   185.250000       5901.41504    
   185.500000       5559.25439    
   185.750000       5226.07227    
   186.000000       4903.43604    
   186.250000       4592.72754    
   186.500000       4294.58887    
   186.750000       4009.47852    
   187.000000       3737.85425    
   187.250000       3480.07910    
   187.500000       3236.13477    
   187.750000       3005.90991    
   188.000000       2789.29150    
   188.250000       2586.16626    
   188.500000       2396.41895    
   188.750000       2219.93384    
   189.000000       2056.59497    
   189.250000       1906.25952    
   189.500000       1768.68066    
   189.750000       1643.58423    
   190.000000       1530.69690    
   190.250000       1429.69043    
   190.500000       1340.01807    
   190.750000       1261.07910    
   191.000000       1192.27246    
   191.250000       1132.96936    
   191.500000       1082.42908    
   191.750000       1039.88330    
   192.000000       1004.56348    
   192.250000       975.700562    
   192.500000       952.523804    
   192.750000       934.261719    
   193.000000       920.143005    
   193.250000       909.424988    
   193.500000       901.480042    
   193.750000       895.709351    
   194.000000       891.513977    
   194.250000       888.354004    
   194.500000       885.925476    
   194.750000       883.982910    
   195.000000       882.281433    
   195.250000       880.605896    
   195.500000       878.862976    
   195.750000       876.989441    
   196.000000       874.921875    
   196.250000       872.597534    
   196.500000       869.953918    
   196.750000       866.929077    
   197.000000       863.460815    
   197.250000       859.491638    
   197.500000       854.981812    
   197.750000       849.896179    
   198.000000       844.199707    
   198.250000       837.865906    
   198.500000       830.902832    
   198.750000       823.327576    
   199.000000       815.156921    
   199.250000       806.414185    
   199.500000       797.148193    
   199.750000       787.414673    

