TitleText: Ni(001)-(5x5)-Li     Beam (4/5,4/5)            Rfac10=0.7243
 "IV exp
   72.2500000       35.7186317    
   72.5000000       38.5388908    
   72.7500000       41.6821365    
   73.0000000       45.3098679    
   73.2500000       49.5513802    
   73.5000000       54.4071732    
   73.7500000       59.8455620    
   74.0000000       65.8348618    
   74.2500000       72.3194351    
   74.5000000       79.1478653    
   74.7500000       86.1447983    
   75.0000000       93.1348648    
   75.2500000       99.9488068    
   75.5000000       106.441795    
   75.7500000       112.475060    
   76.0000000       117.909866    
   76.2500000       122.600761    
   76.5000000       126.375420    
   76.7500000       129.054810    
   77.0000000       130.459869    
   77.2500000       130.446411    
   77.5000000       129.009506    
   77.7500000       126.179024    
   78.0000000       121.984871    
   78.2500000       116.529831    
   78.5000000       110.208290    
   78.7500000       103.487534    
   79.0000000       96.8348618    
   79.2500000       90.6665192    
   79.5000000       85.1946640    
   79.7500000       80.5804062    
   80.0000000       76.9848633    
   80.2500000       74.5534973    
   80.5000000       73.3691177    
   80.7500000       73.4988632    
   81.0000000       75.0098648    
   81.2500000       77.9716339    
   81.5000000       82.4630432    
   81.7500000       88.5653763    
   82.0000000       96.3598633    
   82.2500000       105.916824    
   82.5000000       117.262863    
   82.7500000       130.413651    
   83.0000000       145.384857    
   83.2500000       162.151108    
   83.5000000       180.522797    
   83.7500000       200.269272    
   84.0000000       221.159866    
   84.2500000       242.911758    
   84.5000000       265.033325    
   84.7500000       286.980652    
   85.0000000       308.209869    
   85.2500000       328.208313    
   85.5000000       346.587616    
   85.7500000       362.990540    
   86.0000000       377.059875    
   86.2500000       388.475189    
   86.5000000       397.063019    
   86.7500000       402.686768    
   87.0000000       405.209900    
   87.2500000       404.561981    
   87.5000000       400.938354    
   87.7500000       394.600494    
   88.0000000       385.809875    
   88.2500000       374.869293    
   88.5000000       362.245972    
   88.7500000       348.448334    
   89.0000000       333.984863    
   89.2500000       319.340027    
   89.5000000       304.902649    
   89.7500000       291.037628    
   90.0000000       278.109863    
   90.2500000       266.428253    
   90.5000000       256.077667    
   90.7500000       247.086899    
   91.0000000       239.484863    
   91.2500000       233.264740    
   91.5000000       228.277191    
   91.7500000       224.337219    
   92.0000000       221.259872    
   92.2500000       218.877472    
   92.5000000       217.091599    
   92.7500000       215.821106    
   93.0000000       214.984863    
   93.2500000       214.519730    
   93.5000000       214.434418    
   93.7500000       214.755569    
   94.0000000       215.509872    
   94.2500000       216.691864    
   94.5000000       218.167465    
   94.7500000       219.770554    
   95.0000000       221.334869    
   95.2500000       222.693939    
   95.5000000       223.679901    
   95.7500000       224.124588    
   96.0000000       223.859863    
   96.2500000       222.774811    
   96.5000000       220.987732    
   96.7500000       218.674210    
   97.0000000       216.009857    
   97.2500000       213.153885    
   97.5000000       210.200211    
   97.7500000       207.226364    
   98.0000000       204.309860    
   98.2500000       201.530472    
   98.5000000       198.976822    
   98.7500000       196.739685    
   99.0000000       194.909866    
   99.2500000       193.600159    
   99.5000000       193.011078    
   99.7500000       193.365128    
   100.000000       194.884857    
   100.250000       197.742935    
   100.500000       201.913040    
   100.750000       207.319061    
   101.000000       213.884857    
   101.250000       221.518463    
   101.500000       230.064636    
   101.750000       239.352158    
   102.000000       249.209869    
   102.250000       259.470032    
   102.500000       269.978241    
   102.750000       280.583496    
   103.000000       291.134857    
   103.250000       301.478577    
   103.500000       311.450348    
   103.750000       320.883118    
   104.000000       329.609863    
   104.250000       337.480255    
   104.500000       344.410828    
   104.750000       350.334656    
   105.000000       355.184875    
   105.250000       358.887604    
   105.500000       361.340576    
   105.750000       362.434448    
   106.000000       362.059875    
   106.250000       360.126587    
   106.500000       356.620422    
   106.750000       351.546570    
   107.000000       344.909882    
   107.250000       336.786896    
   107.500000       327.540009    
   107.750000       317.603058    
   108.000000       307.409851    
   108.250000       297.296692    
   108.500000       287.209869    
   108.750000       276.998016    
   109.000000       266.509888    
   109.250000       255.608856    
   109.500000       244.217178    
   109.750000       232.271881    
   110.000000       219.709869    
   110.250000       206.622452    
   110.500000       193.718109    
   110.750000       181.859634    
   111.000000       171.909866    
   111.250000       164.472305    
   111.500000       159.113358    
   111.750000       155.140182    

 "IV theory
   72.2500000       21.9569912    
   72.5000000       21.2871494    
   72.7500000       20.8404121    
   73.0000000       20.6322937    
   73.2500000       20.6774483    
   73.5000000       20.9870396    
   73.7500000       21.5713730    
   74.0000000       22.4407501    
   74.2500000       23.6036892    
   74.5000000       25.0615921    
   74.7500000       26.8140888    
   75.0000000       28.8607979    
   75.2500000       31.2004337    
   75.5000000       33.8280296    
   75.7500000       36.7377167    
   76.0000000       39.9236259    
   76.2500000       43.3798790    
   76.5000000       47.1005783    
   76.7500000       51.0798187    
   77.0000000       55.3117027    
   77.2500000       59.7899628    
   77.5000000       64.5068130    
   77.7500000       69.4540863    
   78.0000000       74.6236420    
   78.2500000       80.0065384    
   78.5000000       85.5907364    
   78.7500000       91.3634186    
   79.0000000       97.3117447    
   79.2500000       103.422516    
   79.5000000       109.680901    
   79.7500000       116.071678    
   80.0000000       122.579628    
   80.2500000       129.189529    
   80.5000000       135.886154    
   80.7500000       142.654297    
   81.0000000       149.478745    
   81.2500000       156.343719    
   81.5000000       163.230972    
   81.7500000       170.121811    
   82.0000000       176.997467    
   82.2500000       183.837967    
   82.5000000       190.618469    
   82.7500000       197.312897    
   83.0000000       203.895203    
   83.2500000       210.338699    
   83.5000000       216.614227    
   83.7500000       222.691895    
   84.0000000       228.541977    
   84.2500000       234.134613    
   84.5000000       239.440033    
   84.7500000       244.428329    
   85.0000000       249.069717    
   85.2500000       253.333984    
   85.5000000       257.189575    
   85.7500000       260.604492    
   86.0000000       263.546783    
   86.2500000       265.983795    
   86.5000000       267.879822    
   86.7500000       269.198547    
   87.0000000       269.903503    
   87.2500000       269.957947    
   87.5000000       269.323822    
   87.7500000       267.962463    
   88.0000000       265.835358    
   88.2500000       262.903961    
   88.5000000       259.129272    
   88.7500000       254.472305    
   89.0000000       248.893997    
   89.2500000       242.365021    
   89.5000000       234.894974    
   89.7500000       226.503098    
   90.0000000       217.208679    
   90.2500000       207.050934    
   90.5000000       196.149078    
   90.7500000       184.642288    
   91.0000000       172.669708    
   91.2500000       160.380814    
   91.5000000       147.965912    
   91.7500000       135.625610    
   92.0000000       123.560493    
   92.2500000       111.971359    
   92.5000000       101.059799    
   92.7500000       91.0276260    
   93.0000000       82.0766144    
   93.2500000       74.3950577    
   93.5000000       68.1170731    
   93.7500000       63.3632927    
   94.0000000       60.2543182    
   94.2500000       58.8829956    
   94.5000000       59.2311172    
   94.7500000       61.2527313    
   95.0000000       64.9018631    
   95.2500000       70.1183014    
   95.5000000       76.7847137    
   95.7500000       84.7695236    
   96.0000000       93.9411469    
   96.2500000       104.167877    
   96.5000000       115.317490    
   96.7500000       127.257629    
   97.0000000       139.855957    
   97.2500000       152.980881    
   97.5000000       166.503830    
   97.7500000       180.297073    
   98.0000000       194.232819    
   98.2500000       208.184769    
   98.5000000       222.032516    
   98.7500000       235.657211    
   99.0000000       248.939972    
   99.2500000       261.762695    
   99.5000000       274.010437    
   99.7500000       285.569061    
   100.000000       296.324677    
   100.250000       306.162933    
   100.500000       314.969177    
   100.750000       322.628845    
   101.000000       329.027191    
   101.250000       334.062012    
   101.500000       337.681335    
   101.750000       339.845490    
   102.000000       340.514893    
   102.250000       339.675751    
   102.500000       337.417267    
   102.750000       333.854401    
   103.000000       329.102051    
   103.250000       323.288391    
   103.500000       316.594299    
   103.750000       309.213959    
   104.000000       301.341583    
   104.250000       293.171417    
   104.500000       284.898743    
   104.750000       276.719147    
   105.000000       268.828003    
   105.250000       261.407501    
   105.500000       254.586258    
   105.750000       248.479492    
   106.000000       243.202438    
   106.250000       238.842941    
   106.500000       235.379028    
   106.750000       232.761398    
   107.000000       230.940750    
   107.250000       229.853592    
   107.500000       229.380219    
   107.750000       229.386780    
   108.000000       229.739456    
   108.250000       230.304230    
   108.500000       230.946350    
   108.750000       231.530731    
   109.000000       231.922501    
   109.250000       231.995255    
   109.500000       231.657104    
   109.750000       230.824860    
   110.000000       229.415253    
   110.250000       227.362701    
   110.500000       224.672195    
   110.750000       221.366425    
   111.000000       217.468063    
   111.250000       213.008835    
   111.500000       208.056839    
   111.750000       202.689194    

