TitleText: Ni(001)-(5x5)-Li     Beam (3/5,1/5)            Rfac10=0.7811
 "IV exp
   40.2500000       270.659882    
   40.5000000       271.348358    
   40.7500000       271.985504    
   41.0000000       272.545685    
   41.2500000       273.003815    
   41.5000000       273.337646    
   41.7500000       273.525482    
   42.0000000       273.545685    
   42.2500000       273.386017    
   42.5000000       273.072021    
   42.7500000       272.638641    
   43.0000000       272.120697    
   43.2500000       271.564026    
   43.5000000       271.057709    
   43.7500000       270.701630    
   44.0000000       270.595703    
   44.2500000       270.815216    
   44.5000000       271.336945    
   44.7500000       272.113037    
   45.0000000       273.095703    
   45.2500000       274.250092    
   45.5000000       275.593719    
   45.7500000       277.157104    
   46.0000000       278.970703    
   46.2500000       281.079285    
   46.5000000       283.584229    
   46.7500000       286.601166    
   47.0000000       290.245697    
   47.2500000       294.602356    
   47.5000000       299.631073    
   47.7500000       305.260895    
   48.0000000       311.420685    
   48.2500000       318.045349    
   48.5000000       325.093689    
   48.7500000       332.530548    
   49.0000000       340.320679    
   49.2500000       348.448975    
   49.5000000       356.980682    
   49.7500000       366.001099    
   50.0000000       375.595673    
   50.2500000       385.834412    
   50.5000000       396.726471    
   50.7500000       408.265594    
   51.0000000       420.445679    
   51.2500000       433.225616    
   51.5000000       446.425049    
   51.7500000       459.828522    
   52.0000000       473.220703    
   52.2500000       486.390228    
   52.5000000       499.141296    
   52.7500000       511.282074    
   53.0000000       522.620667    
   53.2500000       532.980591    
   53.5000000       542.246460    
   53.7500000       550.318237    
   54.0000000       557.095703    
   54.2500000       562.507263    
   54.5000000       566.593933    
   54.7500000       569.425293    
   55.0000000       571.070679    
   55.2500000       571.602112    
   55.5000000       571.101868    
   55.7500000       569.654785    
   56.0000000       567.345642    
   56.2500000       564.247375    
   56.5000000       560.385071    
   56.7500000       555.771790    
   57.0000000       550.420654    
   57.2500000       544.346252    
   57.5000000       537.569275    
   57.7500000       530.111633    
   58.0000000       521.995667    
   58.2500000       513.244995    
   58.5000000       503.890076    
   58.7500000       493.962982    
   59.0000000       483.495697    
   59.2500000       472.532532    
   59.5000000       461.166351    
   59.7500000       449.502380    
   60.0000000       437.645691    
   60.2500000       425.709625    
   60.5000000       413.840454    
   60.7500000       402.192627    
   61.0000000       390.920685    
   61.2500000       380.172638    
   61.5000000       370.070984    
   61.7500000       360.731628    
   62.0000000       352.270691    
   62.2500000       344.747345    
   62.5000000       337.993591    
   62.7500000       331.784637    
   63.0000000       325.895691    
   63.2500000       320.152344    
   63.5000000       314.581940    
   63.7500000       309.262146    
   64.0000000       304.270691    
   64.2500000       299.663483    
   64.5000000       295.409088    
   64.7500000       291.454254    
   65.0000000       287.745697    
   65.2500000       284.229553    
   65.5000000       280.849579    
   65.7500000       277.548920    
   66.0000000       274.270691    
   66.2500000       271.026031    
   66.5000000       268.097961    
   66.7500000       265.837494    
   67.0000000       264.595673    
   67.2500000       264.618195    
   67.5000000       265.729553    
   67.7500000       267.648987    
   68.0000000       270.095673    
   68.2500000       272.820190    
   68.5000000       275.698517    
   68.7500000       278.637878    
   69.0000000       281.545685    
   69.2500000       284.375092    
   69.5000000       287.263000    
   69.7500000       290.392242    
   70.0000000       293.945679    
   70.2500000       298.055908    
   70.5000000       302.654846    
   70.7500000       307.624176    
   71.0000000       312.845673    
   71.2500000       318.215607    
   71.5000000       323.688660    
   71.7500000       329.233948    
   72.0000000       334.820679    
   72.2500000       340.397430    
   72.5000000       345.830261    
   72.7500000       350.964569    
   73.0000000       355.645691    
   73.2500000       359.745667    
   73.5000000       363.242523    
   73.7500000       366.140991    
   74.0000000       368.445679    
   74.2500000       370.172974    
   74.5000000       371.386200    
   74.7500000       372.160400    
   75.0000000       372.570679    
   75.2500000       372.636536    
   75.5000000       372.155487    
   75.7500000       370.869568    
   76.0000000       368.520691    
   76.2500000       364.929565    
   76.5000000       360.231537    
   76.7500000       354.640594    
   77.0000000       348.370697    
   77.2500000       341.644318    
   77.5000000       334.717468    
   77.7500000       327.854736    
   78.0000000       321.320679    
   78.2500000       315.317047    
   78.5000000       309.794647    
   78.7500000       304.641541    
   79.0000000       299.745697    
   79.2500000       295.022583    
   79.5000000       290.496887    
   79.7500000       286.220581    
   80.0000000       282.245697    
   80.2500000       278.615234    
   80.5000000       275.335815    
   80.7500000       272.405090    
   81.0000000       269.820679    
   81.2500000       267.579376    
   81.5000000       265.674683    
   81.7500000       264.099243    
   82.0000000       262.845703    
   82.2500000       261.893311    
   82.5000000       261.167725    
   82.7500000       260.581085    
   83.0000000       260.045685    
   83.2500000       259.496094    
   83.5000000       258.956696    
   83.7500000       258.474304    
   84.0000000       258.095673    
   84.2500000       257.870605    
   84.5000000       257.860809    
   84.7500000       258.130951    
   85.0000000       258.745697    
   85.2500000       259.721710    
   85.5000000       260.883575    
   85.7500000       262.007721    
   86.0000000       262.870697    
   86.2500000       263.302185    
   86.5000000       263.344696    
   86.7500000       263.093964    
   87.0000000       262.645691    
   87.2500000       262.105804    
   87.5000000       261.621155    
   87.7500000       261.348755    
   88.0000000       261.445679    
   88.2500000       262.042450    
   88.5000000       263.163544    
   88.7500000       264.806976    
   89.0000000       266.970673    
   89.2500000       269.651978    
   89.5000000       272.845581    
   89.7500000       276.545502    
   90.0000000       280.745697    
   90.2500000       285.444733    
   90.5000000       290.659424    
   90.7500000       296.410950    
   91.0000000       302.720703    
   91.2500000       309.599426    
   91.5000000       317.015991    
   91.7500000       324.928650    
   92.0000000       333.295715    
   92.2500000       342.034821    
   92.5000000       350.900879    
   92.7500000       359.608124    
   93.0000000       367.870697    
   93.2500000       375.424530    
   93.5000000       382.092163    
   93.7500000       387.717804    
   94.0000000       392.145691    
   94.2500000       395.280670    
   94.5000000       397.270233    
   94.7500000       398.322540    
   95.0000000       398.645691    
   95.2500000       398.395660    
   95.5000000       397.519775    
   95.7500000       395.913116    
   96.0000000       393.470703    
   96.2500000       390.119385    
   96.5000000       385.912323    
   96.7500000       380.934448    
   97.0000000       375.270691    
   97.2500000       369.094818    
   97.5000000       362.936371    
   97.7500000       357.413849    
   98.0000000       353.145691    
   98.2500000       350.565399    
   98.5000000       349.366333    
   98.7500000       349.056976    
   99.0000000       349.145691    
   99.2500000       349.168182    
   99.5000000       348.769287    
   99.7500000       347.621094    
   100.000000       345.395691    
   100.250000       341.891479    
   100.500000       337.411896    
   100.750000       332.386749    
   101.000000       327.245697    
   101.250000       322.335388    
   101.500000       317.669708    
   101.750000       313.179535    
   102.000000       308.795685    
   102.250000       304.425598    
   102.500000       299.883423    
   102.750000       294.959869    
   103.000000       289.445709    
   103.250000       283.175446    
   103.500000       276.158295    
   103.750000       268.447388    
   104.000000       260.095703    
   104.250000       251.215668    
   104.500000       242.157532    
   104.750000       233.330994    
   105.000000       225.145691    
   105.250000       217.962616    
   105.500000       211.948151    
   105.750000       207.219940    
   106.000000       203.895691    
   106.250000       202.040375    
   106.500000       201.508331    
   106.750000       202.101227    
   107.000000       203.620697    
   107.250000       205.835571    
   107.500000       208.383270    
   107.750000       210.868439    
   108.000000       212.895691    
   108.250000       214.134491    
   108.500000       214.513916    
   108.750000       214.027985    
   109.000000       212.670685    
   109.250000       210.545959    
   109.500000       208.197693    
   109.750000       206.279663    
   110.000000       205.445679    
   110.250000       206.197510    
   110.500000       208.428772    
   110.750000       211.880981    
   111.000000       216.295685    
   111.250000       221.285248    
   111.500000       225.945587    
   111.750000       229.243500    
   112.000000       230.145691    
   112.250000       227.916016    
   112.500000       223.006653    
   112.750000       216.166809    
   113.000000       208.145691    
   113.250000       199.686066    
   113.500000       191.504974    
   113.750000       184.312988    
   114.000000       178.820679    
   114.250000       175.490753    
   114.500000       173.794403    
   114.750000       172.954926    
   115.000000       172.195679    
   115.250000       170.882050    
   115.500000       168.947784    
   115.750000       166.468719    
   116.000000       163.520691    
   116.250000       160.275848    
   116.500000       157.291687    
   116.750000       155.222015    
   117.000000       154.720673    
   117.250000       156.306641    
   117.500000       159.959564    
   117.750000       165.524292    
   118.000000       172.845673    
   118.250000       181.659973    
   118.500000       191.269135    
   118.750000       200.866577    
   119.000000       209.645691    
   119.250000       216.932281    
   119.500000       222.581757    
   119.750000       226.581940    
   120.000000       228.920685    
   120.250000       229.627991    
   120.500000       228.902924    
   120.750000       226.986755    
   121.000000       224.120697    
   121.250000       220.629059    
   121.500000       217.168121    
   121.750000       214.477203    
   122.000000       213.295685    
   122.250000       214.365479    
   122.500000       218.439331    
   122.750000       226.272583    
   123.000000       238.620667    
   123.250000       255.881958    
   123.500000       277.026764    
   123.750000       300.668579    
   124.000000       325.420715    
   124.250000       350.009003    
   124.500000       373.608948    
   124.750000       395.508575    
   125.000000       414.995697    
   125.250000       431.652344    
   125.500000       446.236542    
   125.750000       459.800293    
   126.000000       473.395691    
   126.250000       487.917511    
   126.500000       503.631500    
   126.750000       520.646362    
   127.000000       539.070679    
   127.250000       558.947510    
   127.500000       580.058411    
   127.750000       602.119141    
   128.000000       624.845642    
   128.250000       647.969788    
   128.500000       671.287048    
   128.750000       694.608521    
   129.000000       717.745667    
   129.250000       740.538452    
   129.500000       762.942322    
   129.750000       784.941589    
   130.000000       806.520630    
   130.250000       827.683899    
   130.500000       848.517456    
   130.750000       869.127625    
   131.000000       889.620667    
   131.250000       909.984436    
   131.500000       929.733521    
   131.750000       948.263611    
   132.000000       964.970703    
   132.250000       979.349426    
   132.500000       991.288391    
   132.750000       1000.77472    
   133.000000       1007.79572    
   133.250000       1012.35266    
   133.500000       1014.50299    
   133.750000       1014.31836    
   134.000000       1011.87067    
   134.250000       1007.26746    
   134.500000       1000.76135    
   134.750000       992.641235    
   135.000000       983.195679    
   135.250000       972.692200    
   135.500000       961.312927    
   135.750000       949.218811    
   136.000000       936.570679    
   136.250000       923.434692    
   136.500000       909.498352    
   136.750000       894.354431    
   137.000000       877.595642    
   137.250000       859.014526    
   137.500000       839.202026    
   137.750000       818.948914    
   138.000000       799.045654    
   138.250000       780.160400    
   138.500000       762.470459    
   138.750000       746.030701    
   139.000000       730.895691    
   139.250000       717.066223    
   139.500000       704.327454    
   139.750000       692.410278    
   140.000000       681.045715    
   140.250000       670.058411    
   140.500000       659.647034    
   140.750000       650.103699    
   141.000000       641.720703    
   141.250000       634.681030    
   141.500000       628.730652    
   141.750000       623.506592    

 "IV theory
   40.2500000       90.2157135    
   40.5000000       85.3391800    
   40.7500000       80.6835938    
   41.0000000       76.2693710    
   41.2500000       72.1152420    
   41.5000000       68.2332611    
   41.7500000       64.6337891    
   42.0000000       61.3271828    
   42.2500000       58.3203773    
   42.5000000       55.6065025    
   42.7500000       53.1752319    
   43.0000000       51.0162659    
   43.2500000       49.1175232    
   43.5000000       47.4598465    
   43.7500000       46.0223007    
   44.0000000       44.7839622    
   44.2500000       43.7238922    
   44.5000000       42.8210526    
   44.7500000       42.0543861    
   45.0000000       41.4028473    
   45.2500000       40.8460464    
   45.5000000       40.3661842    
   45.7500000       39.9461098    
   46.0000000       39.5687065    
   46.2500000       39.2181511    
   46.5000000       38.8839493    
   46.7500000       38.5569420    
   47.0000000       38.2279816    
   47.2500000       37.8885803    
   47.5000000       37.5330162    
   47.7500000       37.1562424    
   48.0000000       36.7532196    
   48.2500000       36.3188934    
   48.5000000       35.8482285    
   48.7500000       35.3361740    
   49.0000000       34.7776833    
   49.2500000       34.1684799    
   49.5000000       33.5073624    
   49.7500000       32.7939034    
   50.0000000       32.0276794    
   50.2500000       31.2098446    
   50.5000000       30.3479080    
   50.7500000       29.4509602    
   51.0000000       28.5281067    
   51.2500000       27.5892467    
   51.5000000       26.6475372    
   51.7500000       25.7169495    
   52.0000000       24.8114529    
   52.2500000       23.9450359    
   52.5000000       23.1317463    
   52.7500000       22.3856525    
   53.0000000       21.7208214    
   53.2500000       21.1502171    
   53.5000000       20.6823997    
   53.7500000       20.3248177    
   54.0000000       20.0849285    
   54.2500000       19.9679222    
   54.5000000       19.9699478    
   54.7500000       20.0848846    
   55.0000000       20.3066158    
   55.2500000       20.6278629    
   55.5000000       21.0367031    
   55.7500000       21.5200500    
   56.0000000       22.0648174    
   56.2500000       22.6579075    
   56.5000000       23.2861595    
   56.7500000       23.9364052    
   57.0000000       24.5954742    
   57.2500000       25.2507038    
   57.5000000       25.8914852    
   57.7500000       26.5077171    
   58.0000000       27.0892925    
   58.2500000       27.6271591    
   58.5000000       28.1164398    
   58.7500000       28.5533085    
   59.0000000       28.9339275    
   59.2500000       29.2550068    
   59.5000000       29.5154095    
   59.7500000       29.7145367    
   60.0000000       29.8517876    
   60.2500000       29.9265709    
   60.5000000       29.9382839    
   60.7500000       29.8863411    
   61.0000000       29.7701492    
   61.2500000       29.5895233    
   61.5000000       29.3459225    
   61.7500000       29.0412064    
   62.0000000       28.6772442    
   62.2500000       28.2567463    
   62.5000000       27.7857990    
   62.7500000       27.2713432    
   63.0000000       26.7203102    
   63.2500000       26.1400700    
   63.5000000       25.5397205    
   63.7500000       24.9288006    
   64.0000000       24.3168373    
   64.2500000       23.7133770    
   64.5000000       23.1279812    
   64.7500000       22.5702362    
   65.0000000       22.0497074    
   65.2500000       21.5755749    
   65.5000000       21.1553955    
   65.7500000       20.7963276    
   66.0000000       20.5055313    
   66.2500000       20.2893333    
   66.5000000       20.1507587    
   66.7500000       20.0920086    
   67.0000000       20.1152802    
   67.2500000       20.2223492    
   67.5000000       20.4132862    
   67.7500000       20.6877460    
   68.0000000       21.0453777    
   68.2500000       21.4858284    
   68.5000000       22.0087223    
   68.7500000       22.6136875    
   69.0000000       23.3003483    
   69.2500000       24.0684395    
   69.5000000       24.9181652    
   69.7500000       25.8498440    
   70.0000000       26.8637943    
   70.2500000       27.9605713    
   70.5000000       29.1416817    
   70.7500000       30.4088612    
   71.0000000       31.7638550    
   71.2500000       33.2085228    
   71.5000000       34.7451973    
   71.7500000       36.3763275    
   72.0000000       38.1043663    
   72.2500000       39.9317780    
   72.5000000       41.8610802    
   72.7500000       43.8948021    
   73.0000000       46.0354843    
   73.2500000       48.2841568    
   73.5000000       50.6359100    
   73.7500000       53.0843239    
   74.0000000       55.6229973    
   74.2500000       58.2424431    
   74.5000000       60.9209251    
   74.7500000       63.6336365    
   75.0000000       66.3557739    
   75.2500000       69.0609665    
   75.5000000       71.7165680    
   75.7500000       74.2883453    
   76.0000000       76.7421036    
   76.2500000       79.0435791    
   76.5000000       81.1583786    
   76.7500000       83.0520554    
   77.0000000       84.6901550    
   77.2500000       86.0411148    
   77.5000000       87.0846863    
   77.7500000       87.8035126    
   78.0000000       88.1802216    
   78.2500000       88.2032623    
   78.5000000       87.8844757    
   78.7500000       87.2415314    
   79.0000000       86.2920761    
   79.2500000       85.0567932    
   79.5000000       83.5683212    
   79.7500000       81.8623047    
   80.0000000       79.9744034    
   80.2500000       77.9403076    
   80.5000000       75.7958603    
   80.7500000       73.5769806    
   81.0000000       71.3195496    
   81.2500000       69.0575333    
   81.5000000       66.8171082    
   81.7500000       64.6225128    
   82.0000000       62.4979897    
   82.2500000       60.4637794    
   82.5000000       58.5242195    
   82.7500000       56.6796684    
   83.0000000       54.9304733    
   83.2500000       53.2749367    
   83.5000000       51.7031937    
   83.7500000       50.2033234    
   84.0000000       48.7634087    
   84.2500000       47.3715057    
   84.5000000       46.0155792    
   84.7500000       44.6835480    
   85.0000000       43.3633461    
   85.2500000       42.0439110    
   85.5000000       40.7182922    
   85.7500000       39.3805275    
   86.0000000       38.0246696    
   86.2500000       36.6468620    
   86.5000000       35.2515907    
   86.7500000       33.8454399    
   87.0000000       32.4349899    
   87.2500000       31.0278816    
   87.5000000       29.6360550    
   87.7500000       28.2725163    
   88.0000000       26.9502716    
   88.2500000       25.6823425    
   88.5000000       24.4818268    
   88.7500000       23.3618431    
   89.0000000       22.3355083    
   89.2500000       21.4148064    
   89.5000000       20.6071911    
   89.7500000       19.9189911    
   90.0000000       19.3565292    
   90.2500000       18.9238052    
   90.5000000       18.6155319    
   90.7500000       18.4240971    
   91.0000000       18.3418884    
   91.2500000       18.3601017    
   91.5000000       18.4651737    
   91.7500000       18.6423473    
   92.0000000       18.8768673    
   92.2500000       19.1539536    
   92.5000000       19.4587440    
   92.7500000       19.7763519    
   93.0000000       20.0918961    
   93.2500000       20.3918343    
   93.5000000       20.6679974    
   93.7500000       20.9135685    
   94.0000000       21.1217194    
   94.2500000       21.2883911    
   94.5000000       21.4205399    
   94.7500000       21.5278778    
   95.0000000       21.6201305    
   95.2500000       21.7084198    
   95.5000000       21.8095493    
   95.7500000       21.9417343    
   96.0000000       22.1231899    
   96.2500000       22.3721390    
   96.5000000       22.7068710    
   96.7500000       23.1456833    
   97.0000000       23.7068748    
   97.2500000       24.4085255    
   97.5000000       25.2678547    
   97.7500000       26.3018684    
   98.0000000       27.5275650    
   98.2500000       28.9615173    
   98.5000000       30.6185513    
   98.7500000       32.5130730    
   99.0000000       34.6594734    
   99.2500000       37.0719299    
   99.5000000       39.7636795    
   99.7500000       42.7477455    
   100.000000       46.0371437    
   100.250000       49.6449051    
   100.500000       53.5841522    
   100.750000       57.8680153    
   101.000000       62.5096436    
   101.250000       67.5195389    
   101.500000       72.8977585    
   101.750000       78.6417236    
   102.000000       84.7488708    
   102.250000       91.2112350    
   102.500000       97.9993134    
   102.750000       105.078224    
   103.000000       112.413063    
   103.250000       119.966217    
   103.500000       127.688972    
   103.750000       135.529861    
   104.000000       143.437454    
   104.250000       151.360229    
   104.500000       159.246536    
   104.750000       167.044662    
   105.000000       174.702866    
   105.250000       182.171707    
   105.500000       189.410629    
   105.750000       196.381332    
   106.000000       203.045517    
   106.250000       209.369446    
   106.500000       215.337738    
   106.750000       220.939514    
   107.000000       226.163956    
   107.250000       231.002594    
   107.500000       235.456360    
   107.750000       239.528580    
   108.000000       243.222519    
   108.250000       246.541534    
   108.500000       249.488968    
   108.750000       252.068176    
   109.000000       254.282562    
   109.250000       256.136414    
   109.500000       257.637817    
   109.750000       258.795715    
   110.000000       259.619171    
   110.250000       260.119019    
   110.500000       260.313965    
   110.750000       260.224670    
   111.000000       259.871674    
   111.250000       259.276642    
   111.500000       258.465057    
   111.750000       257.463501    
   112.000000       256.298523    
   112.250000       254.996674    
   112.500000       253.584656    
   112.750000       252.089203    
   113.000000       250.536987    
   113.250000       248.952225    
   113.500000       247.348862    
   113.750000       245.738373    
   114.000000       244.132187    
   114.250000       242.536499    
   114.500000       240.936539    
   114.750000       239.312347    
   115.000000       237.643951    
   115.250000       235.908707    
   115.500000       234.073212    
   115.750000       232.101471    
   116.000000       229.957458    
   116.250000       227.605057    
   116.500000       225.007828    
   116.750000       222.129303    
   117.000000       218.932968    
   117.250000       215.388794    
   117.500000       211.492630    
   117.750000       207.246750    
   118.000000       202.653427    
   118.250000       197.728241    
   118.500000       192.539825    
   118.750000       187.170151    
   119.000000       181.701126    
   119.250000       176.221497    
   119.500000       170.847305    
   119.750000       165.701370    
   120.000000       160.906525    
   120.250000       156.585678    
   120.500000       152.862061    
   120.750000       149.859009    
   121.000000       147.699844    
   121.250000       146.505112    
   121.500000       146.384125    
   121.750000       147.443497    
   122.000000       149.789764    
   122.250000       153.523773    
   122.500000       158.723648    
   122.750000       165.461792    
   123.000000       173.810608    
   123.250000       183.839539    
   123.500000       195.606125    
   123.750000       209.164993    
   124.000000       224.570724    
   124.250000       241.878021    
   124.500000       261.141998    
   124.750000       282.417908    
   125.000000       305.760864    
   125.250000       331.210999    
   125.500000       358.747620    
   125.750000       388.334839    
   126.000000       419.936737    
   126.250000       453.486328    
   126.500000       488.791473    
   126.750000       525.628906    
   127.000000       563.775513    
   127.250000       602.991943    
   127.500000       642.974792    
   127.750000       683.404846    
   128.000000       723.962769    
   128.250000       764.328918    
   128.500000       804.182678    
   128.750000       843.203064    
   129.000000       881.069275    
   129.250000       917.475159    
   129.500000       952.173706    
   129.750000       984.932434    
   130.000000       1015.51935    
   130.250000       1043.73218    
   130.500000       1069.49011    
   130.750000       1092.74243    
   131.000000       1113.43835    
   131.250000       1131.54260    
   131.500000       1147.08276    
   131.750000       1160.10120    
   132.000000       1170.64087    
   132.250000       1178.74438    
   132.500000       1184.45520    
   132.750000       1187.81665    
   133.000000       1188.87207    
   133.250000       1187.66711    
   133.500000       1184.25452    
   133.750000       1178.68958    
   134.000000       1171.02747    
   134.250000       1161.32715    
   134.500000       1149.66418    
   134.750000       1136.11792    
   135.000000       1120.76831    
   135.250000       1103.69653    
   135.500000       1084.99316    
   135.750000       1064.74988    
   136.000000       1043.05872    
   136.250000       1020.01202    
   136.500000       995.701843    
   136.750000       970.220337    
   137.000000       943.659668    
   137.250000       916.113098    
   137.500000       887.678345    
   137.750000       858.453979    
   138.000000       828.538879    
   138.250000       798.034119    
   138.500000       767.049683    
   138.750000       735.698120    
   139.000000       704.091675    
   139.250000       672.344055    
   139.500000       640.573425    
   139.750000       608.898987    
   140.000000       577.440308    
   140.250000       546.316589    
   140.500000       515.647644    
   140.750000       485.552856    
   141.000000       456.152100    
   141.250000       427.559845    
   141.500000       399.870361    
   141.750000       373.172913    

