TitleText: Ni(001)-(5x5)-Li     Beam (4/5,2/5)            Rfac10=0.7197
 "IV exp
   48.2500000       4073.05615    
   48.5000000       4090.01562    
   48.7500000       4116.64600    
   49.0000000       4157.78223    
   49.2500000       4219.16162    
   49.5000000       4310.12061    
   49.7500000       4440.89795    
   50.0000000       4621.73242    
   50.2500000       4864.51904    
   50.5000000       5187.78369    
   50.7500000       5611.71045    
   51.0000000       6156.48193    
   51.2500000       6841.91650    
   51.5000000       7686.36865    
   51.7500000       8707.82812    
   52.0000000       9924.28223    
   52.2500000       11344.3818    
   52.5000000       12939.4102    
   52.7500000       14671.3125    
   53.0000000       16502.0312    
   53.2500000       18395.6543    
   53.5000000       20324.8418    
   53.7500000       22264.3828    
   54.0000000       24189.0801    
   54.2500000       26077.6016    
   54.5000000       27924.1016    
   54.7500000       29726.6016    
   55.0000000       31483.1309    
   55.2500000       33184.8242    
   55.5000000       34795.3086    
   55.7500000       36271.3008    
   56.0000000       37569.5312    
   56.2500000       38648.5234    
   56.5000000       39473.9219    
   56.7500000       40013.1641    
   57.0000000       40233.6836    
   57.2500000       40113.0000    
   57.5000000       39669.0000    
   57.7500000       38929.6719    
   58.0000000       37922.9844    
   58.2500000       36676.4531    
   58.5000000       35215.7070    
   58.7500000       33565.9141    
   59.0000000       31752.2324    
   59.2500000       29796.4297    
   59.5000000       27706.6523    
   59.7500000       25487.6523    
   60.0000000       23144.1816    
   60.2500000       20692.0312    
   60.5000000       18191.1680    
   60.7500000       15712.6162    
   61.0000000       13327.3828    
   61.2500000       11104.9043    
   61.5000000       9108.28418    
   61.7500000       7399.04395    
   62.0000000       6038.70703    
   62.2500000       5067.97266    
   62.5000000       4444.25635    
   62.7500000       4104.15283    
   63.0000000       3984.25732    
   63.2500000       4036.31836    
   63.5000000       4272.70605    
   63.7500000       4720.94385    
   64.0000000       5408.55713    
   64.2500000       6364.42920    
   64.5000000       7622.88232    
   64.7500000       9219.59863    
   65.0000000       11190.2578    
   65.2500000       13547.7861    
   65.5000000       16214.0869    
   65.7500000       19088.3047    
   66.0000000       22069.5820    
   66.2500000       25076.1426    
   66.5000000       28102.4961    
   66.7500000       31162.2324    
   67.0000000       34268.9336    
   67.2500000       37430.6562    
   67.5000000       40633.3672    
   67.7500000       43857.5000    
   68.0000000       47083.4844    
   68.2500000       50280.0039    
   68.5000000       53368.7188    
   68.7500000       56259.5430    
   69.0000000       58862.3828    
   69.2500000       61105.0156    
   69.5000000       62986.6992    
   69.7500000       64524.5469    
   70.0000000       65735.6797    
   70.2500000       66635.8828    
   70.5000000       67235.5234    
   70.7500000       67543.6250    
   71.0000000       67569.2344    
   71.2500000       67315.4453    
   71.5000000       66761.7422    
   71.7500000       65881.6562    
   72.0000000       64648.7617    
   72.2500000       63050.0898    
   72.5000000       61126.6758    
   72.7500000       58933.0547    
   73.0000000       56523.7578    
   73.2500000       53951.5234    
   73.5000000       51261.9453    
   73.7500000       48498.8125    
   74.0000000       45705.9336    
   74.2500000       42915.8320    
   74.5000000       40115.9414    
   74.7500000       37282.4219    
   75.0000000       34391.4336    
   75.2500000       31428.3066    
   75.5000000       28415.0527    
   75.7500000       25382.8457    
   76.0000000       22362.8574    
   76.2500000       19393.6152    
   76.5000000       16543.0215    
   76.7500000       13886.3281    
   77.0000000       11498.7822    
   77.2500000       9446.21777    
   77.5000000       7756.78906    
   77.7500000       6449.23242    
   78.0000000       5542.28223    
   78.2500000       5035.44189    
   78.5000000       4851.28174    
   78.7500000       4893.14062    
   79.0000000       5064.35742    
   79.2500000       5275.92236    
   79.5000000       5469.43701    
   79.7500000       5594.15527    
   80.0000000       5599.33203    
   80.2500000       5453.22510    
   80.5000000       5200.11133    
   80.7500000       4903.27002    
   81.0000000       4625.98242    
   81.2500000       4420.91309    
   81.5000000       4298.26465    
   81.7500000       4257.62549    
   82.0000000       4298.58252    
   82.2500000       4411.37695    
   82.5000000       4548.86768    
   82.7500000       4654.56543    
   83.0000000       4671.98242    
   83.2500000       4560.38281    
   83.5000000       4342.04053    
   83.7500000       4054.98145    
   84.0000000       3737.23242    
   84.2500000       3425.42188    
   84.5000000       3150.58984    
   84.7500000       2942.37891    
   85.0000000       2830.43213    
   85.2500000       2832.00513    
   85.5000000       2914.80640    
   85.7500000       3034.15820    
   86.0000000       3145.38232    
   86.2500000       3213.38281    
   86.5000000       3241.39355    
   86.7500000       3242.22974    
   87.0000000       3228.70728    
   87.2500000       3211.67969    
   87.5000000       3194.15088    
   87.7500000       3177.16260    
   88.0000000       3161.75732    
   88.2500000       3149.78857    
   88.5000000       3146.36206    
   88.7500000       3157.39575    
   89.0000000       3188.80713    
   89.2500000       3254.44702    
   89.5000000       3399.89404    
   89.7500000       3678.66016    
   90.0000000       4144.25732    
   90.2500000       4844.84521    
   90.5000000       5807.17920    
   90.7500000       7052.66504    
   91.0000000       8602.70703    
   91.2500000       10477.1650    
   91.5000000       12689.7217    
   91.7500000       15252.5146    
   92.0000000       18177.6816    
   92.2500000       21475.1855    
   92.5000000       25146.2773    
   92.7500000       29190.0332    
   93.0000000       33605.5312    
   93.2500000       38372.2461    
   93.5000000       43391.2617    
   93.7500000       48544.0547    
   94.0000000       53712.1094    
   94.2500000       58779.6797    
   94.5000000       63642.0898    
   94.7500000       68197.4453    
   95.0000000       72343.8516    
   95.2500000       76012.3750    
   95.5000000       79265.9297    
   95.7500000       82200.4062    
   96.0000000       84911.7109    
   96.2500000       87476.6953    
   96.5000000       89896.1641    
   96.7500000       92151.9062    
   97.0000000       94225.7109    
   97.2500000       96092.2500    
   97.5000000       97697.7891    
   97.7500000       98981.4609    
   98.0000000       99882.4297    
   98.2500000       100358.047    
   98.5000000       100438.516    
   98.7500000       100172.242    
   99.0000000       99607.6484    
   99.2500000       98786.6797    
   99.5000000       97725.5000    
   99.7500000       96433.7734    
   100.000000       94921.2266    
   100.250000       93196.4844    
   100.500000       91264.1016    
   100.750000       89127.5469    
   101.000000       86790.3203    
   101.250000       84251.6953    
   101.500000       81494.0469    
   101.750000       78495.5625    
   102.000000       75234.4297    
   102.250000       71699.2422    
   102.500000       67920.3828    
   102.750000       63938.6641    
   103.000000       59794.8867    
   103.250000       55538.9766    
   103.500000       51257.2578    
   103.750000       47045.1641    
   104.000000       42998.1328    
   104.250000       39192.1875    
   104.500000       35625.7500    
   104.750000       32277.8262    
   105.000000       29127.4316    
   105.250000       26156.5039    
   105.500000       23358.6562    
   105.750000       20730.4336    
   106.000000       18268.3809    
   106.250000       15979.6631    
   106.500000       13913.9600    
   106.750000       12131.5801    
   107.000000       10692.8330    
   107.250000       9634.98828    
   107.500000       8903.17480    
   107.750000       8419.48438    
   108.000000       8106.00732    
   108.250000       7892.38965    
   108.500000       7738.48340    
   108.750000       7611.69531    
   109.000000       7479.43213    
   109.250000       7316.11768    
   109.500000       7124.25146    
   109.750000       6913.35059    

 "IV theory
   48.2500000       18685.4902    
   48.5000000       19221.7773    
   48.7500000       19697.0566    
   49.0000000       20103.7910    
   49.2500000       20435.2168    
   49.5000000       20687.7031    
   49.7500000       20858.3828    
   50.0000000       20944.4062    
   50.2500000       20944.5195    
   50.5000000       20863.8906    
   50.7500000       20709.2930    
   51.0000000       20487.5000    
   51.2500000       20206.1055    
   51.5000000       19876.0020    
   51.7500000       19508.9004    
   52.0000000       19116.5156    
   52.2500000       18710.5684    
   52.5000000       18302.8340    
   52.7500000       17905.0996    
   53.0000000       17529.1445    
   53.2500000       17186.1777    
   53.5000000       16885.0918    
   53.7500000       16634.1934    
   54.0000000       16441.7969    
   54.2500000       16315.0293    
   54.5000000       16256.2764    
   54.7500000       16266.7393    
   55.0000000       16347.6182    
   55.2500000       16499.5059    
   55.5000000       16720.5508    
   55.7500000       17008.2949    
   56.0000000       17360.2832    
   56.2500000       17774.0430    
   56.5000000       18247.1113    
   56.7500000       18777.0000    
   57.0000000       19361.2363    
   57.2500000       19997.0918    
   57.5000000       20680.8477    
   57.7500000       21408.5273    
   58.0000000       22176.1680    
   58.2500000       22979.2793    
   58.5000000       23811.3184    
   58.7500000       24665.2227    
   59.0000000       25533.9277    
   59.2500000       26410.1152    
   59.5000000       27285.4023    
   59.7500000       28151.1562    
   60.0000000       28998.7480    
   60.2500000       29819.5215    
   60.5000000       30604.8008    
   60.7500000       31345.8965    
   61.0000000       32034.1191    
   61.2500000       32661.5469    
   61.5000000       33223.3086    
   61.7500000       33715.2930    
   62.0000000       34133.4062    
   62.2500000       34475.1094    
   62.5000000       34744.1445    
   62.7500000       34945.8203    
   63.0000000       35085.4531    
   63.2500000       35169.1680    
   63.5000000       35206.2930    
   63.7500000       35206.9766    
   64.0000000       35181.3555    
   64.2500000       35139.5977    
   64.5000000       35091.8984    
   64.7500000       35048.4883    
   65.0000000       35019.5625    
   65.2500000       35014.7344    
   65.5000000       35041.1367    
   65.7500000       35105.2773    
   66.0000000       35213.6875    
   66.2500000       35371.6172    
   66.5000000       35579.2695    
   66.7500000       35835.5781    
   67.0000000       36139.4961    
   67.2500000       36489.3008    
   67.5000000       36880.6953    
   67.7500000       37308.7188    
   68.0000000       37768.4062    
   68.2500000       38254.8008    
   68.5000000       38762.9258    
   68.7500000       39287.8008    
   69.0000000       39824.4258    
   69.2500000       40367.6953    
   69.5000000       40911.9141    
   69.7500000       41451.2617    
   70.0000000       41979.9258    
   70.2500000       42491.7812    
   70.5000000       42979.5586    
   70.7500000       43435.6758    
   71.0000000       43852.5664    
   71.2500000       44222.5117    
   71.5000000       44537.2070    
   71.7500000       44788.1953    
   72.0000000       44967.0234    
   72.2500000       45065.2305    
   72.5000000       45074.3125    
   72.7500000       44985.7617    
   73.0000000       44791.0742    
   73.2500000       44482.6758    
   73.5000000       44056.7344    
   73.7500000       43510.3516    
   74.0000000       42840.6484    
   74.2500000       42046.6523    
   74.5000000       41135.0898    
   74.7500000       40114.6133    
   75.0000000       38993.8828    
   75.2500000       37782.5234    
   75.5000000       36494.1406    
   75.7500000       35143.2930    
   76.0000000       33744.5742    
   76.2500000       32312.5723    
   76.5000000       30861.9199    
   76.7500000       29407.2832    
   77.0000000       27963.3145    
   77.2500000       26544.1133    
   77.5000000       25161.5605    
   77.7500000       23826.9805    
   78.0000000       22551.6973    
   78.2500000       21345.9023    
   78.5000000       20215.2402    
   78.7500000       19164.2246    
   79.0000000       18197.3652    
   79.2500000       17318.5840    
   79.5000000       16529.4746    
   79.7500000       15831.0322    
   80.0000000       15224.2637    
   80.2500000       14710.1650    
   80.5000000       14289.7285    
   80.7500000       13963.9434    
   81.0000000       13733.7959    
   81.2500000       13599.9346    
   81.5000000       13561.6270    
   81.7500000       13617.7979    
   82.0000000       13767.3711    
   82.2500000       14008.5625    
   82.5000000       14336.7402    
   82.7500000       14746.5674    
   83.0000000       15232.7041    
   83.2500000       15789.4453    
   83.5000000       16409.6348    
   83.7500000       17085.7480    
   84.0000000       17810.2656    
   84.2500000       18575.6543    
   84.5000000       19374.3594    
   84.7500000       20198.8105    
   85.0000000       21041.4434    
   85.2500000       21895.2031    
   85.5000000       22755.0664    
   85.7500000       23616.5273    
   86.0000000       24475.0742    
   86.2500000       25327.2480    
   86.5000000       26173.7578    
   86.7500000       27016.3809    
   87.0000000       27856.8770    
   87.2500000       28697.5488    
   87.5000000       29542.8438    
   87.7500000       30397.7461    
   88.0000000       31267.2324    
   88.2500000       32156.3047    
   88.5000000       33069.9844    
   88.7500000       34013.3125    
   89.0000000       34991.3320    
   89.2500000       36008.5078    
   89.5000000       37067.0898    
   89.7500000       38168.7305    
   90.0000000       39315.1016    
   90.2500000       40506.7188    
   90.5000000       41739.5000    
   90.7500000       43008.1875    
   91.0000000       44307.5508    
   91.2500000       45631.7461    
   91.5000000       46972.5703    
   91.7500000       48321.2305    
   92.0000000       49668.9297    
   92.2500000       51006.8594    
   92.5000000       52326.2070    
   92.7500000       53618.1445    
   93.0000000       54873.8398    
   93.2500000       56084.4531    
   93.5000000       57241.0352    
   93.7500000       58334.6367    
   94.0000000       59356.2812    
   94.2500000       60296.9609    
   94.5000000       61147.4570    
   94.7500000       61898.4883    
   95.0000000       62540.7891    
   95.2500000       63065.0703    
   95.5000000       63461.9297    
   95.7500000       63721.9805    
   96.0000000       63835.8242    
   96.2500000       63794.0156    
   96.5000000       63587.1172    
   96.7500000       63205.6133    
   97.0000000       62640.0273    
   97.2500000       61882.4453    
   97.5000000       60931.1719    
   97.7500000       59786.0859    
   98.0000000       58447.0586    
   98.2500000       56917.1797    
   98.5000000       55212.3477    
   98.7500000       53351.7070    
   99.0000000       51354.3789    
   99.2500000       49241.1250    
   99.5000000       47039.2930    
   99.7500000       44777.8633    
   100.000000       42485.8359    
   100.250000       40192.2227    
   100.500000       37926.1562    
   100.750000       35716.8125    
   101.000000       33593.3594    
   101.250000       31583.0684    
   101.500000       29705.6387    
   101.750000       27978.8945    
   102.000000       26420.6445    
   102.250000       25044.8203    
   102.500000       23849.8203    
   102.750000       22830.1719    
   103.000000       21980.3945    
   103.250000       21293.0098    
   103.500000       20752.5762    
   103.750000       20341.6465    
   104.000000       20042.7812    
   104.250000       19838.5117    
   104.500000       19711.2812    
   104.750000       19643.5059    
   105.000000       19617.5996    
   105.250000       19616.7539    
   105.500000       19627.2500    
   105.750000       19636.1367    
   106.000000       19630.4609    
   106.250000       19598.8535    
   106.500000       19536.2461    
   106.750000       19439.1504    
   107.000000       19304.0723    
   107.250000       19128.3359    
   107.500000       18912.5098    
   107.750000       18657.9824    
   108.000000       18366.1348    
   108.250000       18038.3516    
   108.500000       17676.0332    
   108.750000       17280.5781    
   109.000000       16853.3809    
   109.250000       16396.3652    
   109.500000       15913.5127    
   109.750000       15409.3311    

