TitleText: Ni(001)-(5x5)-Li     Beam (1,2/5)              Rfac10=0.4287
 "IV exp
   63.2500000       188.820374    
   63.5000000       185.525635    
   63.7500000       182.523880    
   64.0000000       179.961609    
   64.2500000       177.963821    
   64.5000000       176.569534    
   64.7500000       175.796295    
   65.0000000       175.661606    
   65.2500000       176.183044    
   65.5000000       177.378342    
   65.7500000       179.265259    
   66.0000000       181.861603    
   66.2500000       185.186127    
   66.5000000       189.261734    
   66.7500000       194.112289    
   67.0000000       199.761612    
   67.2500000       206.219772    
   67.5000000       213.441223    
   67.7500000       221.366608    
   68.0000000       229.936600    
   68.2500000       239.066162    
   68.5000000       248.568008    
   68.7500000       258.229126    
   69.0000000       267.836609    
   69.2500000       277.205444    
   69.5000000       286.262634    
   69.7500000       294.963013    
   70.0000000       303.261597    
   70.2500000       311.109802    
   70.5000000       318.444946    
   70.7500000       325.200928    
   71.0000000       331.311646    
   71.2500000       336.686401    
   71.5000000       341.136658    
   71.7500000       344.449402    
   72.0000000       346.411621    
   72.2500000       346.845642    
   72.5000000       345.715637    
   72.7500000       343.021118    
   73.0000000       338.761597    
   73.2500000       332.975586    
   73.5000000       325.857849    
   73.7500000       317.641907    
   74.0000000       308.561584    
   74.2500000       298.845764    
   74.5000000       288.703918    
   74.7500000       278.340942    
   75.0000000       267.961609    
   75.2500000       257.737976    
   75.5000000       247.711685    
   75.7500000       237.891586    
   76.0000000       228.286606    
   76.2500000       218.943756    
   76.5000000       210.062653    
   76.7500000       201.881042    
   77.0000000       194.636597    
   77.2500000       188.554214    
   77.5000000       183.807251    
   77.7500000       180.556229    
   78.0000000       178.961609    
   78.2500000       179.128525    
   78.5000000       180.940430    
   78.7500000       184.225418    
   79.0000000       188.811600    
   79.2500000       194.543533    
   79.5000000       201.331940    
   79.7500000       209.103897    
   80.0000000       217.786621    
   80.2500000       227.301682    
   80.5000000       237.548416    
   80.7500000       248.420456    
   81.0000000       259.811584    
   81.2500000       271.601379    
   81.5000000       283.612915    
   81.7500000       295.654968    
   82.0000000       307.536621    
   82.2500000       319.056152    
   82.5000000       329.969727    
   82.7500000       340.023010    
   83.0000000       348.961609    
   83.2500000       356.573792    
   83.5000000       362.818481    
   83.7500000       367.697266    
   84.0000000       371.211609    
   84.2500000       373.390869    
   84.5000000       374.375854    
   84.7500000       374.334900    
   85.0000000       373.436584    
   85.2500000       371.832947    
   85.5000000       369.610168    
   85.7500000       366.838074    
   86.0000000       363.586609    
   86.2500000       359.921204    
   86.5000000       355.890625    
   86.7500000       351.539246    
   87.0000000       346.911621    
   87.2500000       342.033875    
   87.5000000       336.859558    
   87.7500000       331.323730    
   88.0000000       325.361633    
   88.2500000       318.928833    
   88.5000000       312.062744    
   88.7500000       304.821045    
   89.0000000       297.261597    
   89.2500000       289.447449    
   89.5000000       281.462402    
   89.7500000       273.395752    
   90.0000000       265.336609    
   90.2500000       257.375427    
   90.5000000       249.607361    
   90.7500000       242.128937    
   91.0000000       235.036606    
   91.2500000       228.397964    
   91.5000000       222.165298    
   91.7500000       216.262024    
   92.0000000       210.611603    
   92.2500000       205.144943    
   92.5000000       199.822952    
   92.7500000       194.614044    
   93.0000000       189.486603    
   93.2500000       184.472336    
   93.5000000       179.856232    
   93.7500000       175.986572    
   94.0000000       173.211609    
   94.2500000       171.761490    
   94.5000000       171.393600    
   94.7500000       171.747238    

 "IV theory
   63.2500000       179.669312    
   63.5000000       171.210373    
   63.7500000       162.950867    
   64.0000000       155.008240    
   64.2500000       147.500107    
   64.5000000       140.544556    
   64.7500000       134.259918    
   65.0000000       128.764481    
   65.2500000       124.166893    
   65.5000000       120.537155    
   65.7500000       117.935562    
   66.0000000       116.422462    
   66.2500000       116.038353    
   66.5000000       116.744415    
   66.7500000       118.482010    
   67.0000000       121.192497    
   67.2500000       124.807053    
   67.5000000       129.216156    
   67.7500000       134.300110    
   68.0000000       139.939224    
   68.2500000       146.013611    
   68.5000000       152.402908    
   68.7500000       158.986603    
   69.0000000       165.644119    
   69.2500000       172.261002    
   69.5000000       178.746994    
   69.7500000       185.017807    
   70.0000000       190.989273    
   70.2500000       196.589493    
   70.5000000       201.796188    
   70.7500000       206.599411    
   71.0000000       210.989212    
   71.2500000       214.962036    
   71.5000000       218.539810    
   71.7500000       221.750778    
   72.0000000       224.623230    
   72.2500000       227.185516    
   72.5000000       229.466110    
   72.7500000       231.493668    
   73.0000000       233.296799    
   73.2500000       234.904129    
   73.5000000       236.344788    
   73.7500000       237.647903    
   74.0000000       238.842712    
   74.2500000       239.958496    
   74.5000000       241.025711    
   74.7500000       242.074860    
   75.0000000       243.136581    
   75.2500000       244.241455    
   75.5000000       245.420700    
   75.7500000       246.705460    
   76.0000000       248.126953    
   76.2500000       249.716461    
   76.5000000       251.505371    
   76.7500000       253.525024    
   77.0000000       255.806854    
   77.2500000       258.378876    
   77.5000000       261.255524    
   77.7500000       264.447937    
   78.0000000       267.967194    
   78.2500000       271.817383    
   78.5000000       275.974823    
   78.7500000       280.408936    
   79.0000000       285.088928    
   79.2500000       289.980621    
   79.5000000       295.035431    
   79.7500000       300.201385    
   80.0000000       305.426239    
   80.2500000       310.658051    
   80.5000000       315.844299    
   80.7500000       320.932678    
   81.0000000       325.870819    
   81.2500000       330.608429    
   81.5000000       335.103271    
   81.7500000       339.315369    
   82.0000000       343.204559    
   82.2500000       346.735016    
   82.5000000       349.887665    
   82.7500000       352.647491    
   83.0000000       354.999695    
   83.2500000       356.931458    
   83.5000000       358.438721    
   83.7500000       359.519470    
   84.0000000       360.171814    
   84.2500000       360.393738    
   84.5000000       360.183441    
   84.7500000       359.538940    
   85.0000000       358.458466    
   85.2500000       356.940735    
   85.5000000       354.987366    
   85.7500000       352.600616    
   86.0000000       349.782898    
   86.2500000       346.537750    
   86.5000000       342.874664    
   86.7500000       338.804626    
   87.0000000       334.338470    
   87.2500000       329.487823    
   87.5000000       324.267242    
   87.7500000       318.692078    
   88.0000000       312.777588    
   88.2500000       306.539215    
   88.5000000       299.992188    
   88.7500000       293.151886    
   89.0000000       286.033600    
   89.2500000       278.653229    
   89.5000000       271.028564    
   89.7500000       263.177856    
   90.0000000       255.119446    
   90.2500000       246.872665    
   90.5000000       238.460861    
   90.7500000       229.908554    
   91.0000000       221.240097    
   91.2500000       212.480484    
   91.5000000       203.656769    
   91.7500000       194.796570    
   92.0000000       185.927505    
   92.2500000       177.077133    
   92.5000000       168.273010    
   92.7500000       159.542648    
   93.0000000       150.913589    
   93.2500000       142.415482    
   93.5000000       134.086685    
   93.7500000       125.967690    
   94.0000000       118.098930    
   94.2500000       110.525368    
   94.5000000       103.309731    
   94.7500000       96.5191879    

