TitleText: Ni(001)-(5x5)-Li     Beam (1,3/5)              Rfac10=0.8345
 "IV exp
   64.2500000       133.177521    
   64.5000000       138.826538    
   64.7500000       145.076874    
   65.0000000       152.229156    
   65.2500000       160.510773    
   65.5000000       169.855774    
   65.7500000       180.124985    
   66.0000000       191.179153    
   66.2500000       202.873886    
   66.5000000       215.044006    
   66.7500000       227.519211    
   67.0000000       240.129150    
   67.2500000       252.689346    
   67.5000000       264.958740    
   67.7500000       276.682098    
   68.0000000       287.604156    
   68.2500000       297.486603    
   68.5000000       306.158478    
   68.7500000       313.465698    
   69.0000000       319.254181    
   69.2500000       323.425171    
   69.5000000       326.101135    
   69.7500000       327.459869    
   70.0000000       327.679169    
   70.2500000       326.951843    
   70.5000000       325.530762    
   70.7500000       323.683899    
   71.0000000       321.679169    
   71.2500000       319.760071    
   71.5000000       318.072662    
   71.7500000       316.738495    
   72.0000000       315.879181    
   72.2500000       315.601227    
   72.5000000       315.950531    
   72.7500000       316.957886    
   73.0000000       318.654175    
   73.2500000       321.031250    
   73.5000000       323.925354    
   73.7500000       327.133850    
   74.0000000       330.454163    
   74.2500000       333.687134    
   74.5000000       336.648102    
   74.7500000       339.155853    
   75.0000000       341.029175    
   75.2500000       342.108856    
   75.5000000       342.322906    
   75.7500000       341.621338    
   76.0000000       339.954163    
   76.2500000       337.253326    
   76.5000000       333.379028    
   76.7500000       328.173553    
   77.0000000       321.479156    
   77.2500000       313.207550    
   77.5000000       303.548401    
   77.7500000       292.760895    
   78.0000000       281.104156    
   78.2500000       268.857849    
   78.5000000       256.383545    
   78.7500000       244.063293    
   79.0000000       232.279160    
   79.2500000       221.330933    
   79.5000000       211.189224    
   79.7500000       201.742508    
   80.0000000       192.879150    
   80.2500000       184.509842    
   80.5000000       176.634430    
   80.7500000       169.275146    
   81.0000000       162.454147    
   81.2500000       156.202301    
   81.5000000       150.585388    
   81.7500000       145.677856    
   82.0000000       141.554153    
   82.2500000       138.243332    
   82.5000000       135.592651    
   82.7500000       133.403992    
   83.0000000       131.479156    
   83.2500000       129.644241    
   83.5000000       127.822060    
   83.7500000       125.959679    
   84.0000000       124.004158    
   84.2500000       121.917572    
   84.5000000       119.722176    
   84.7500000       117.455284    
   85.0000000       115.154160    
   85.2500000       112.845581    
   85.5000000       110.514168    
   85.7500000       108.133995    
   86.0000000       105.679161    
   86.2500000       103.128967    
   86.5000000       100.483620    
   86.7500000       97.7485428    
   87.0000000       94.9291611    
   87.2500000       92.0431900    
   87.5000000       89.1575546    
   87.7500000       86.3514786    
   88.0000000       83.7041626    
   88.2500000       81.2861176    
   88.5000000       79.1329880    
   88.7500000       77.2716904    
   89.0000000       75.7291565    
   89.2500000       74.5388565    
   89.5000000       73.7604523    
   89.7500000       73.4601593    
   90.0000000       73.7041626    
   90.2500000       74.5263672    
   90.5000000       75.8313904    
   90.7500000       77.4915543    
   91.0000000       79.3791580    
   91.2500000       81.3376617    
   91.5000000       83.0951767    
   91.7500000       84.3509293    
   92.0000000       84.8041611    
   92.2500000       84.2498627    
   92.5000000       82.8659821    
   92.7500000       80.9261932    
   93.0000000       78.7041626    
   93.2500000       76.4526749    
   93.5000000       74.3408585    
   93.7500000       72.5169449    
   94.0000000       71.1291580    
   94.2500000       70.2769089    
   94.5000000       69.8642960    
   94.7500000       69.7466125    
   95.0000000       69.7791595    
   95.2500000       69.8255997    
   95.5000000       69.7831802    
   95.7500000       69.5574951    
   96.0000000       69.0541611    
   96.2500000       68.2135925    
   96.5000000       67.1154480    
   96.7500000       65.8741455    
   97.0000000       64.6041565    
   97.2500000       63.4473152    
   97.5000000       62.6550026    
   97.7500000       62.5060234    
   98.0000000       63.2791595    
   98.2500000       65.1810913    
   98.5000000       68.1301193    
   98.7500000       71.9724121    
   99.0000000       76.5541611    
   99.2500000       81.7298203    
   99.5000000       87.3869629    
   99.7500000       93.4214630    
   100.000000       99.7291565    
   100.250000       106.215210    
   100.500000       112.821953    
   100.750000       119.501060    
   101.000000       126.204155    
   101.250000       132.877258    
   101.500000       139.443878    
   101.750000       145.821884    
   102.000000       151.929153    
   102.250000       157.674515    
   102.500000       162.930588    
   102.750000       167.560944    
   103.000000       171.429153    
   103.250000       174.417969    
   103.500000       176.486832    
   103.750000       177.614365    
   104.000000       177.779160    
   104.250000       177.011749    
   104.500000       175.550156    
   104.750000       173.684311    
   105.000000       171.704147    
   105.250000       169.850220    
   105.500000       168.165604    
   105.750000       166.643997    
   106.000000       165.279144    
   106.250000       164.048615    
   106.500000       162.865448    
   106.750000       161.626648    
   107.000000       160.229141    
   107.250000       158.585709    
   107.500000       156.672440    
   107.750000       154.481262    
   108.000000       152.004150    
   108.250000       149.237350    
   108.500000       146.194687    
   108.750000       142.894241    
   109.000000       139.354156    
   109.250000       135.586243    
   109.500000       131.576874    
   109.750000       127.306168    
   110.000000       122.754166    
   110.250000       117.907890    
   110.500000       112.782135    
   110.750000       107.398651    
   111.000000       101.779160    
   111.250000       95.9755402    
   111.500000       90.1601715    
   111.750000       84.5355377    
   112.000000       79.3041611    
   112.250000       74.6012344    
   112.500000       70.2927780    
   112.750000       66.1775131    
   113.000000       62.0541611    
   113.250000       57.7729912    
   113.500000       53.3905411    
   113.750000       49.0149040    
   114.000000       44.7541618    
   114.250000       40.7176971    
   114.500000       37.0200157    
   114.750000       33.7769051    
   115.000000       31.1041603    
   115.250000       29.0764961    
   115.500000       27.6043625    
   115.750000       26.5571251    
   116.000000       25.8041611    
   116.250000       25.3028336    
   116.500000       25.3624954    
   116.750000       26.3804893    
   117.000000       28.7541599    
   117.250000       32.7695503    
   117.500000       38.2674904    
   117.750000       44.9775162    
   118.000000       52.6291580    
   118.250000       60.9337692    
   118.500000       69.5299911    
   118.750000       78.0383072    
   119.000000       86.0791626    
   119.250000       93.3761978    
   119.500000       100.065620    
   119.750000       106.386818    
   120.000000       112.579163    
   120.250000       118.864548    
   120.500000       125.394997    
   120.750000       132.305023    
   121.000000       139.729156    
   121.250000       147.726501    
   121.500000       156.054367    
   121.750000       164.394623    
   122.000000       172.429153    
   122.250000       179.824677    
   122.500000       186.187454    
   122.750000       191.108566    
   123.000000       194.179153    
   123.250000       195.137589    
   123.500000       194.311371    
   123.750000       192.175278    
   124.000000       189.204147    
   124.250000       185.830368    
   124.500000       182.316986    
   124.750000       178.884689    
   125.000000       175.754150    
   125.250000       173.037704    
   125.500000       170.414322    
   125.750000       167.454605    
   126.000000       163.729156    
   126.250000       158.949966    
   126.500000       153.394409    
   126.750000       147.481216    
   127.000000       141.629150    
   127.250000       136.207672    
   127.500000       131.389236    
   127.750000       127.297012    
   128.000000       124.054161    
   128.250000       121.753227    
   128.500000       120.364189    
   128.750000       119.826385    
   129.000000       120.079155    
   129.250000       121.147713    
   129.500000       123.400818    
   129.750000       127.293091    
   130.000000       133.279160    
   130.250000       141.681244    
   130.500000       152.291885    
   130.750000       164.771149    
   131.000000       178.779160    
   131.250000       193.973328    
   131.500000       210.000381    
   131.750000       226.504318    
   132.000000       243.129166    
   132.250000       259.635925    
   132.500000       276.253448    
   132.750000       293.327606    
   133.000000       311.204193    
   133.250000       330.187286    
   133.500000       350.414001    
   133.750000       371.979492    
   134.000000       394.979156    
   134.250000       419.400848    
   134.500000       444.803101    
   134.750000       470.637146    
   135.000000       496.354187    
   135.250000       521.478821    
   135.500000       545.829834    
   135.750000       569.299133    
   136.000000       591.779114    
   136.250000       613.166504    
   136.500000       633.377563    
   136.750000       652.333130    
   137.000000       669.954163    
   137.250000       686.160339    
   137.500000       700.866089    
   137.750000       713.984619    
   138.000000       725.429138    
   138.250000       735.154602    
   138.500000       743.283020    
   138.750000       749.978210    
   139.000000       755.404114    
   139.250000       759.775024    
   139.500000       763.507874    
   139.750000       767.070129    
   140.000000       770.929138    
   140.250000       775.195007    
   140.500000       778.547791    
   140.750000       779.309998    
   141.000000       775.804138    
   141.250000       766.545410    
   141.500000       750.819519    
   141.750000       728.104675    
   142.000000       697.879150    
   142.250000       660.271545    
   142.500000       618.011414    
   142.750000       574.479004    
   143.000000       533.054138    
   143.250000       496.388367    
   143.500000       464.218933    
   143.750000       435.554596    
   144.000000       409.404144    
   144.250000       384.878113    
   144.500000       361.494019    
   144.750000       338.871246    

 "IV theory
   64.2500000       187.219208    
   64.5000000       182.799347    
   64.7500000       179.065628    
   65.0000000       175.771896    
   65.2500000       172.685852    
   65.5000000       169.630386    
   65.7500000       166.442307    
   66.0000000       162.958298    
   66.2500000       159.043411    
   66.5000000       154.675644    
   66.7500000       149.861359    
   67.0000000       144.606903    
   67.2500000       138.933014    
   67.5000000       132.918671    
   67.7500000       126.657310    
   68.0000000       120.242363    
   68.2500000       113.767433    
   68.5000000       107.326859    
   68.7500000       101.015114    
   69.0000000       94.9267044    
   69.2500000       89.1497879    
   69.5000000       83.7471848    
   69.7500000       78.7753906    
   70.0000000       74.2908783    
   70.2500000       70.3372192    
   70.5000000       66.9061508    
   70.7500000       63.9764709    
   71.0000000       61.5270157    
   71.2500000       59.5299301    
   71.5000000       57.9307632    
   71.7500000       56.6684227    
   72.0000000       55.6818047    
   72.2500000       54.9097290    
   72.5000000       54.2906609    
   72.7500000       53.7629967    
   73.0000000       53.2651024    
   73.2500000       52.7389641    
   73.5000000       52.1409111    
   73.7500000       51.4308701    
   74.0000000       50.5687790    
   74.2500000       49.5218964    
   74.5000000       48.2868805    
   74.7500000       46.8677292    
   75.0000000       45.2684517    
   75.2500000       43.4968224    
   75.5000000       41.5757256    
   75.7500000       39.5318375    
   76.0000000       37.3918228    
   76.2500000       35.1823845    
   76.5000000       32.9303436    
   76.7500000       30.6625748    
   77.0000000       28.4059296    
   77.2500000       26.1872692    
   77.5000000       24.0334263    
   77.7500000       21.9712372    
   78.0000000       20.0275269    
   78.2500000       18.2291431    
   78.5000000       16.6029835    
   78.7500000       15.1759520    
   79.0000000       13.9749603    
   79.2500000       13.0269117    
   79.5000000       12.3586950    
   79.7500000       11.9971962    
   80.0000000       11.9692984    
   80.2500000       12.3019152    
   80.5000000       13.0220785    
   80.7500000       14.1568451    
   81.0000000       15.7332764    
   81.2500000       17.7749958    
   81.5000000       20.2919102    
   81.7500000       23.2904854    
   82.0000000       26.7771893    
   82.2500000       30.7514381    
   82.5000000       35.1844254    
   82.7500000       40.0402946    
   83.0000000       45.2831726    
   83.2500000       50.8735886    
   83.5000000       56.7575607    
   83.7500000       62.8775063    
   84.0000000       69.1758270    
   84.2500000       75.5948792    
   84.5000000       82.0768585    
   84.7500000       88.5639114    
   85.0000000       94.9981689    
   85.2500000       101.323372    
   85.5000000       107.489670    
   85.7500000       113.448776    
   86.0000000       119.152443    
   86.2500000       124.555679    
   86.5000000       129.626541    
   86.7500000       134.336349    
   87.0000000       138.656433    
   87.2500000       142.559830    
   87.5000000       146.026276    
   87.7500000       149.037262    
   88.0000000       151.574188    
   88.2500000       153.618561    
   88.5000000       155.151749    
   88.7500000       156.155151    
   89.0000000       156.610123    
   89.2500000       156.501022    
   89.5000000       155.823807    
   89.7500000       154.577377    
   90.0000000       152.760605    
   90.2500000       150.378448    
   90.5000000       147.459824    
   90.7500000       144.039673    
   91.0000000       140.152908    
   91.2500000       135.837570    
   91.5000000       131.144028    
   91.7500000       126.125740    
   92.0000000       120.836182    
   92.2500000       115.328827    
   92.5000000       109.657265    
   92.7500000       103.875122    
   93.0000000       98.0359955    
   93.2500000       92.1935120    
   93.5000000       86.4012756    
   93.7500000       80.7128983    
   94.0000000       75.1819916    
   94.2500000       69.8621902    
   94.5000000       64.8071671    
   94.7500000       60.0706749    
   95.0000000       55.7064209    
   95.2500000       51.7681160    
   95.5000000       48.3094444    
   95.7500000       45.3840981    
   96.0000000       43.0457458    
   96.2500000       41.3481293    
   96.5000000       40.3451614    
   96.7500000       40.0908203    
   97.0000000       40.6390724    
   97.2500000       42.0381279    
   97.5000000       44.3130836    
   97.7500000       47.4832726    
   98.0000000       51.5680237    
   98.2500000       56.5747986    
   98.5000000       62.4635658    
   98.7500000       69.1824265    
   99.0000000       76.6794891    
   99.2500000       84.8967590    
   99.5000000       93.7518768    
   99.7500000       103.156387    
   100.000000       113.021851    
   100.250000       123.259727    
   100.500000       133.781158    
   100.750000       144.497208    
   101.000000       155.318924    
   101.250000       166.160919    
   101.500000       176.952057    
   101.750000       187.624710    
   102.000000       198.111206    
   102.250000       208.351273    
   102.500000       218.313629    
   102.750000       227.974350    
   103.000000       237.309357    
   103.250000       246.298492    
   103.500000       254.936493    
   103.750000       263.221832    
   104.000000       271.153015    
   104.250000       278.728546    
   104.500000       285.947052    
   104.750000       292.807037    
   105.000000       299.307159    
   105.250000       305.447601    
   105.500000       311.234772    
   105.750000       316.676666    
   106.000000       321.781281    
   106.250000       326.559845    
   106.500000       331.036530    
   106.750000       335.238861    
   107.000000       339.194214    
   107.250000       342.931702    
   107.500000       346.487030    
   107.750000       349.897522    
   108.000000       353.200531    
   108.250000       356.433472    
   108.500000       359.633942    
   108.750000       362.839722    
   109.000000       366.088562    
   109.250000       369.412201    
   109.500000       372.818726    
   109.750000       376.310333    
   110.000000       379.889191    
   110.250000       383.545227    
   110.500000       387.219666    
   110.750000       390.841553    
   111.000000       394.339905    
   111.250000       397.637543    
   111.500000       400.632324    
   111.750000       403.215912    
   112.000000       405.279907    
   112.250000       406.715851    
   112.500000       407.414551    
   112.750000       407.266632    
   113.000000       406.162811    
   113.250000       404.007019    
   113.500000       400.756866    
   113.750000       396.383179    
   114.000000       390.856750    
   114.250000       384.175995    
   114.500000       376.449036    
   114.750000       367.811432    
   115.000000       358.398834    
   115.250000       348.360992    
   115.500000       337.903809    
   115.750000       327.247498    
   116.000000       316.612152    
   116.250000       306.218079    
   116.500000       296.286469    
   116.750000       287.038788    
   117.000000       278.696411    
   117.250000       271.469299    
   117.500000       265.521423    
   117.750000       261.005524    
   118.000000       258.074097    
   118.250000       256.856262    
   118.500000       257.387024    
   118.750000       259.678070    
   119.000000       263.740936    
   119.250000       269.575134    
   119.500000       277.131714    
   119.750000       286.349762    
   120.000000       297.168213    
   120.250000       309.526093    
   120.500000       323.362030    
   120.750000       338.614655    
   121.000000       355.222595    
   121.250000       373.120026    
   121.500000       392.223633    
   121.750000       412.445587    
   122.000000       433.698059    
   122.250000       455.884186    
   122.500000       478.870544    
   122.750000       502.514557    
   123.000000       526.673828    
   123.250000       551.200928    
   123.500000       575.930359    
   123.750000       600.691589    
   124.000000       625.314331    
   124.250000       649.627991    
   124.500000       673.461243    
   124.750000       696.642700    
   125.000000       719.000671    
   125.250000       740.381348    
   125.500000       760.701294    
   125.750000       779.894592    
   126.000000       797.895630    
   126.250000       814.674683    
   126.500000       830.346741    
   126.750000       845.063354    
   127.000000       858.975769    
   127.250000       872.253967    
   127.500000       885.142029    
   127.750000       897.902893    
   128.000000       910.799133    
   128.250000       924.093994    
   128.500000       938.051270    
   128.750000       952.935547    
   129.000000       969.010986    
   129.250000       986.530334    
   129.500000       1005.70062    
   129.750000       1026.71716    
   130.000000       1049.77539    
   130.250000       1075.04700    
   130.500000       1102.60999    
   130.750000       1132.51880    
   131.000000       1164.82764    
   131.250000       1199.57874    
   131.500000       1236.76599    
   131.750000       1276.37109    
   132.000000       1318.37537    
   132.250000       1362.76062    
   132.500000       1409.50867    
   132.750000       1458.60120    
   133.000000       1510.01990    
   133.250000       1563.73108    
   133.500000       1619.63647    
   133.750000       1677.62329    
   134.000000       1737.57788    
   134.250000       1799.35400    
   134.500000       1862.67480    
   134.750000       1927.23096    
   135.000000       1992.71204    
   135.250000       2058.79224    
   135.500000       2125.07788    
   135.750000       2191.15918    
   136.000000       2256.62573    
   136.250000       2321.06714    
   136.500000       2384.07178    
   136.750000       2445.22681    
   137.000000       2504.12012    
   137.250000       2560.36743    
   137.500000       2613.69800    
   137.750000       2663.86890    
   138.000000       2710.63745    
   138.250000       2753.81885    
   138.500000       2793.46069    
   138.750000       2829.66846    
   139.000000       2862.54712    
   139.250000       2892.23242    
   139.500000       2918.97876    
   139.750000       2943.07031    
   140.000000       2964.79102    
   140.250000       2984.42603    
   140.500000       3002.26123    
   140.750000       3018.58301    
   141.000000       3033.67847    
   141.250000       3047.81689    
   141.500000       3061.20166    
   141.750000       3074.01953    
   142.000000       3086.45654    
   142.250000       3098.66553    
   142.500000       3110.66211    
   142.750000       3122.42798    
   143.000000       3133.94507    
   143.250000       3145.17700    
   143.500000       3156.01855    
   143.750000       3166.34546    
   144.000000       3176.03442    
   144.250000       3184.96143    
   144.500000       3193.00269    
   144.750000       3200.03320    

