TitleText: Ni(001)-(5x5)-Li     Beam (4/5,3/5)            Rfac10=0.2856
 "IV exp
   68.2500000       52.1924019    
   68.5000000       59.4554939    
   68.7500000       66.5011292    
   69.0000000       73.2205811    
   69.2500000       79.5154114    
   69.5000000       85.3283539    
   69.7500000       90.6124039    
   70.0000000       95.3205719    
   70.2500000       99.3932343    
   70.5000000       102.720192    
   70.7500000       105.178589    
   71.0000000       106.645584    
   71.2500000       107.042526    
   71.5000000       106.467491    
   71.7500000       105.062752    
   72.0000000       102.970581    
   72.2500000       100.336342    
   72.5000000       97.3177261    
   72.7500000       94.0755463    
   73.0000000       90.7705841    
   73.2500000       87.5180359    
   73.5000000       84.2507172    
   73.7500000       80.8558273    
   74.0000000       77.2205734    
   74.2500000       73.2669296    
   74.5000000       69.0559921    
   74.7500000       64.6835938    
   75.0000000       60.2455788    
   75.2500000       55.8513412    
   75.5000000       51.6643944    
   75.7500000       47.8617973    
   76.0000000       44.6205826    
   76.2500000       42.0535126    
   76.5000000       40.0161514    
   76.7500000       38.2997513    
   77.0000000       36.6955833    
   77.2500000       35.0233307    
   77.5000000       33.2163773    
   77.7500000       31.2365265    
   78.0000000       29.0455818    
   78.2500000       26.6418896    
   78.5000000       24.1699600    
   78.7500000       21.8108425    
   79.0000000       19.7455826    
   79.2500000       18.1208820    
   79.5000000       16.9460258    
   79.7500000       16.1959476    
   80.0000000       15.8455811    
   80.2500000       15.8594017    
   80.5000000       16.1600533    
   80.7500000       16.6597195    
   81.0000000       17.2705822    
   81.2500000       17.9083576    
   81.5000000       18.5028744    
   81.7500000       18.9874954    
   82.0000000       19.2955818    
   82.2500000       19.3814392    
   82.5000000       19.2831860    
   82.7500000       19.0598793    
   83.0000000       18.7705822    
   83.2500000       18.4784336    
   83.5000000       18.2628727    
   83.7500000       18.2074165    
   84.0000000       18.3955822    
   84.2500000       18.8970680    
   84.5000000       19.7263145    
   84.7500000       20.8839455    
   85.0000000       22.3705826    
   85.2500000       24.1829605    
   85.5000000       26.3022385    
   85.7500000       28.7056885    
   86.0000000       31.3705826    
   86.2500000       34.2555237    
   86.5000000       37.2444763    
   86.7500000       40.2027321    
   87.0000000       42.9955826    
   87.2500000       45.5207787    
   87.5000000       47.8058510    
   87.7500000       49.9107857    
   88.0000000       51.8955803    
   88.2500000       53.8290024    
   88.5000000       55.8149910    
   88.7500000       57.9662743    
   89.0000000       60.3955803    
   89.2500000       63.1706848    
   89.5000000       66.1795502    
   89.7500000       69.2651749    
   90.0000000       72.2705765    
   90.2500000       75.0644684    
   90.5000000       77.6184158    
   90.7500000       79.9296951    
   91.0000000       81.9955750    
   91.2500000       83.8288803    
   91.5000000       85.5046082    
   91.7500000       87.1133270    
   92.0000000       88.7455750    
   92.2500000       90.4895554    
   92.5000000       92.4240875    
   92.7500000       94.6256104    
   93.0000000       97.1705780    
   93.2500000       100.110550    
   93.5000000       103.397499    
   93.7500000       106.958488    
   94.0000000       110.720581    
   94.2500000       114.603035    
   94.5000000       118.493782    
   94.7500000       122.272926    
   95.0000000       125.820580    
   95.2500000       129.035172    
   95.5000000       131.888367    
   95.7500000       134.370163    
   96.0000000       136.470566    
   96.2500000       138.180923    
   96.5000000       139.498077    
   96.7500000       140.420242    
   97.0000000       140.945572    
   97.2500000       141.115707    
   97.5000000       141.145859    
   97.7500000       141.294601    
   98.0000000       141.820572    
   98.2500000       142.909744    
   98.5000000       144.457565    
   98.7500000       146.286880    
   99.0000000       148.220566    
   99.2500000       150.069534    
   99.5000000       151.597305    
   99.7500000       152.555450    
   100.000000       152.695572    
   100.250000       151.826111    
   100.500000       149.982864    
   100.750000       147.258484    
   101.000000       143.745575    
   101.250000       139.529114    
   101.500000       134.663406    
   101.750000       129.195023    
   102.000000       123.170578    
   102.250000       116.655457    
   102.500000       109.790108    
   102.750000       102.733742    
   103.000000       95.6455765    
   103.250000       88.6521912    
   103.500000       81.7496338    
   103.750000       74.9012985    
   104.000000       68.0705795    
   104.250000       61.2271957    
   104.500000       54.3660660    
   104.750000       47.4884453    
   105.000000       40.5955811    
   105.250000       33.6890831    
   105.500000       26.7720871    
   105.750000       19.8480835    

 "IV theory
   68.2500000       25.2996082    
   68.5000000       25.3381310    
   68.7500000       25.2965317    
   69.0000000       25.1720314    
   69.2500000       24.9623814    
   69.5000000       24.6674194    
   69.7500000       24.2875233    
   70.0000000       23.8230610    
   70.2500000       23.2754803    
   70.5000000       22.6505623    
   70.7500000       21.9551640    
   71.0000000       21.1961460    
   71.2500000       20.3809223    
   71.5000000       19.5191212    
   71.7500000       18.6209259    
   72.0000000       17.6965256    
   72.2500000       16.7561131    
   72.5000000       15.8099194    
   72.7500000       14.8681755    
   73.0000000       13.9411230    
   73.2500000       13.0385303    
   73.5000000       12.1682978    
   73.7500000       11.3378582    
   74.0000000       10.5546455    
   74.2500000       9.82513237    
   74.5000000       9.15196228    
   74.7500000       8.53682041    
   75.0000000       7.98139191    
   75.2500000       7.48687029    
   75.5000000       7.05247641    
   75.7500000       6.67694330    
   76.0000000       6.35900116    
   76.2500000       6.09737635    
   76.5000000       5.89077473    
   76.7500000       5.73789740    
   77.0000000       5.63744545    
   77.2500000       5.58821821    
   77.5000000       5.58940697    
   77.7500000       5.64029932    
   78.0000000       5.74018478    
   78.2500000       5.88855124    
   78.5000000       6.08568335    
   78.7500000       6.33206367    
   79.0000000       6.62817478    
   79.2500000       6.97460175    
   79.5000000       7.37233686    
   79.7500000       7.82247448    
   80.0000000       8.32610893    
   80.2500000       8.88433933    
   80.5000000       9.49827099    
   80.7500000       10.1690178    
   81.0000000       10.8976898    
   81.2500000       11.6851597    
   81.5000000       12.5313473    
   81.7500000       13.4359350    
   82.0000000       14.3986015    
   82.2500000       15.4185362    
   82.5000000       16.4929714    
   82.7500000       17.6186428    
   83.0000000       18.7922935    
   83.2500000       20.0104103    
   83.5000000       21.2684841    
   83.7500000       22.5617504    
   84.0000000       23.8854446    
   84.2500000       25.2348080    
   84.5000000       26.6050262    
   84.7500000       27.9912930    
   85.0000000       29.3887959    
   85.2500000       30.7934704    
   85.5000000       32.2042198    
   85.7500000       33.6207123    
   86.0000000       35.0426025    
   86.2500000       36.4710808    
   86.5000000       37.9134560    
   86.7500000       39.3785744    
   87.0000000       40.8752861    
   87.2500000       42.4132156    
   87.5000000       44.0051346    
   87.7500000       45.6645660    
   88.0000000       47.4050827    
   88.2500000       49.2402267    
   88.5000000       51.1836510    
   88.7500000       53.2489967    
   89.0000000       55.4499245    
   89.2500000       57.7987709    
   89.5000000       60.3026428    
   89.7500000       62.9673347    
   90.0000000       65.7986145    
   90.2500000       68.7996063    
   90.5000000       71.9626465    
   90.7500000       75.2773895    
   91.0000000       78.7334747    
   91.2500000       82.3191910    
   91.5000000       86.0172806    
   91.7500000       89.8090820    
   92.0000000       93.6759720    
   92.2500000       97.5992889    
   92.5000000       101.560326    
   92.7500000       105.540390    
   93.0000000       109.520744    
   93.2500000       113.482689    
   93.5000000       117.407524    
   93.7500000       121.276558    
   94.0000000       125.071068    
   94.2500000       128.772385    
   94.5000000       132.361740    
   94.7500000       135.820450    
   95.0000000       139.129776    
   95.2500000       142.271011    
   95.5000000       145.225433    
   95.7500000       147.974350    
   96.0000000       150.499008    
   96.2500000       152.780731    
   96.5000000       154.800720    
   96.7500000       156.540222    
   97.0000000       157.980362    
   97.2500000       159.104156    
   97.5000000       159.901703    
   97.7500000       160.364792    
   98.0000000       160.485306    
   98.2500000       160.258743    
   98.5000000       159.695160    
   98.7500000       158.808289    
   99.0000000       157.611832    
   99.2500000       156.121414    
   99.5000000       154.360107    
   99.7500000       152.352844    
   100.000000       150.124588    
   100.250000       147.700317    
   100.500000       145.105103    
   100.750000       142.364059    
   101.000000       139.502304    
   101.250000       136.543655    
   101.500000       133.506821    
   101.750000       130.409317    
   102.000000       127.268524    
   102.250000       124.099304    
   102.500000       120.906052    
   102.750000       117.690498    
   103.000000       114.454414    
   103.250000       111.198227    
   103.500000       107.916962    
   103.750000       104.604370    
   104.000000       101.254128    
   104.250000       97.8599472    
   104.500000       94.4154129    
   104.750000       90.9141159    
   105.000000       87.3496246    
   105.250000       83.7168427    
   105.500000       80.0159683    
   105.750000       76.2485428    

