TitleText: Ni(001)-(5x5)-Li     Beam (1,1)                Rfac10=0.7922
 "IV exp
   86.2500000       962.716797    
   86.5000000       978.291016    
   86.7500000       994.416260    
   87.0000000       1011.36804    
   87.2500000       1029.38196    
   87.5000000       1048.53369    
   87.7500000       1068.85889    
   88.0000000       1090.39307    
   88.2500000       1113.07776    
   88.5000000       1136.47656    
   88.7500000       1160.05859    
   89.0000000       1183.29309    
   89.2500000       1205.65942    
   89.5000000       1226.67798    
   89.7500000       1245.87891    
   90.0000000       1262.79309    
   90.2500000       1277.03174    
   90.5000000       1288.52966    
   90.7500000       1297.30322    
   91.0000000       1303.36816    
   91.2500000       1306.77319    
   91.5000000       1307.69946    
   91.7500000       1306.35986    
   92.0000000       1302.96802    
   92.2500000       1297.72620    
   92.5000000       1290.79077    
   92.7500000       1282.30640    
   93.0000000       1272.41809    
   93.2500000       1261.25635    
   93.5000000       1248.89331    
   93.7500000       1235.38647    
   94.0000000       1220.79309    
   94.2500000       1205.21375    
   94.5000000       1188.91943    
   94.7500000       1172.22461    
   95.0000000       1155.44312    
   95.2500000       1138.85437    
   95.5000000       1122.59973    
   95.7500000       1106.78540    
   96.0000000       1091.51807    
   96.2500000       1076.90845    
   96.5000000       1063.08398    
   96.7500000       1050.17651    
   97.0000000       1038.31812    
   97.2500000       1027.60913    
   97.5000000       1018.02606    
   97.7500000       1009.51404    
   98.0000000       1002.01807    
   98.2500000       995.421265    
   98.5000000       989.357666    
   98.7500000       983.399292    
   99.0000000       977.118042    
   99.2500000       970.152100    
   99.5000000       962.404785    
   99.7500000       953.845215    
   100.000000       944.443115    
   100.250000       934.132446    
   100.500000       922.706787    
   100.750000       909.924255    
   101.000000       895.543091    
   101.250000       879.388184    
   101.500000       861.551514    
   101.750000       842.191895    
   102.000000       821.468018    
   102.250000       799.580688    
   102.500000       776.898499    
   102.750000       753.832397    
   103.000000       730.793091    
   103.250000       708.136963    
   103.500000       686.003357    
   103.750000       664.477112    
   104.000000       643.643066    
   104.250000       623.672791    
   104.500000       605.083923    
   104.750000       588.480957    
   105.000000       574.468079    
   105.250000       563.558472    
   105.500000       555.900513    
   105.750000       551.551331    
   106.000000       550.568054    
   106.250000       553.005310    
   106.500000       558.906860    
   106.750000       568.314026    
   107.000000       581.268066    
   107.250000       597.788147    
   107.500000       617.805481    
   107.750000       641.229065    
   108.000000       667.968079    
   108.250000       697.971558    
   108.500000       731.348389    
   108.750000       768.247620    
   109.000000       808.818054    
   109.250000       853.239136    
   109.500000       901.812378    
   109.750000       954.869751    
   110.000000       1012.74304    
   110.250000       1075.56848    
   110.500000       1142.69800    
   110.750000       1213.28735    
   111.000000       1286.49304    
   111.250000       1361.59802    
   111.500000       1438.39490    
   111.750000       1516.80347    
   112.000000       1596.74316    
   112.250000       1678.20215    
   112.500000       1761.44043    
   112.750000       1846.78638    
   113.000000       1934.56799    
   113.250000       2025.06360    
   113.500000       2118.35156    
   113.750000       2214.46045    
   114.000000       2313.41797    
   114.250000       2415.24121    
   114.500000       2519.89868    
   114.750000       2627.34692    
   115.000000       2737.54297    
   115.250000       2850.41235    
   115.500000       2965.75562    
   115.750000       3083.34277    
   116.000000       3202.94312    
   116.250000       3324.34229    
   116.500000       3447.38770    
   116.750000       3571.94189    
   117.000000       3697.86816    
   117.250000       3825.04126    
   117.500000       3953.38110    
   117.750000       4082.82056    
   118.000000       4213.29297    
   118.250000       4344.58936    
   118.500000       4475.94043    
   118.750000       4606.43701    
   119.000000       4735.16846    
   119.250000       4861.16699    
   119.500000       4983.23145    
   119.750000       5100.10156    
   120.000000       5210.51807    
   120.250000       5313.27539    
   120.500000       5407.38477    
   120.750000       5491.91016    
   121.000000       5565.91797    
   121.250000       5628.52637    
   121.500000       5679.07080    
   121.750000       5716.93799    
   122.000000       5741.51807    
   122.250000       5752.48535    
   122.500000       5750.66113    
   122.750000       5737.15234    
   123.000000       5713.06836    
   123.250000       5679.51611    
   123.500000       5637.60791    
   123.750000       5588.45410    
   124.000000       5533.16797    
   124.250000       5472.72754    
   124.500000       5407.57959    
   124.750000       5338.03857    
   125.000000       5264.41797    
   125.250000       5187.11426    
   125.500000       5106.85254    
   125.750000       5024.44287    
   126.000000       4940.69287    
   126.250000       4856.34814    
   126.500000       4771.90332    
   126.750000       4687.79102    
   127.000000       4604.44336    
   127.250000       4522.19238    
   127.500000       4440.97266    
   127.750000       4360.61963    
   128.000000       4280.96777    
   128.250000       4201.90527    
   128.500000       4123.52979    
   128.750000       4045.99219    
   129.000000       3969.44312    
   129.250000       3894.18677    
   129.500000       3821.13818    
   129.750000       3751.36743    
   130.000000       3685.94287    
   130.250000       3625.86328    
   130.500000       3571.84644    
   130.750000       3524.54028    
   131.000000       3484.59302    
   131.250000       3452.49219    
   131.500000       3428.08691    
   131.750000       3411.06616    
   132.000000       3401.11816    
   132.250000       3398.00122    
   132.500000       3401.74854    
   132.750000       3412.46191    
   133.000000       3430.24316    
   133.250000       3455.12305    
   133.500000       3486.84644    
   133.750000       3525.08667    
   134.000000       3569.51807    
   134.250000       3619.55029    
   134.500000       3673.54053    
   134.750000       3729.58179    
   135.000000       3785.76807    
   135.250000       3840.34717    
   135.500000       3892.18506    
   135.750000       3940.30151    
   136.000000       3983.71802    
   136.250000       4021.75146    
   136.500000       4054.90991    
   136.750000       4083.99731    
   137.000000       4109.81836    
   137.250000       4133.09326    
   137.500000       4154.20605    
   137.750000       4173.45605    
   138.000000       4191.14307    
   138.250000       4207.53174    
   138.500000       4222.74902    
   138.750000       4236.88867    
   139.000000       4250.04297    
   139.250000       4262.43262    
   139.500000       4274.78955    
   139.750000       4287.97314    
   140.000000       4302.84326    
   140.250000       4319.71777    
   140.500000       4336.75098    
   140.750000       4351.55518    
   141.000000       4361.74316    
   141.250000       4365.18115    
   141.500000       4360.74707    
   141.750000       4347.57422    
   142.000000       4324.79297    
   142.250000       4292.35352    
   142.500000       4253.47461    
   142.750000       4212.19238    
   143.000000       4172.54297    
   143.250000       4137.86523    
   143.500000       4108.70605    
   143.750000       4084.91553    
   144.000000       4066.34302    
   144.250000       4052.22949    
   144.500000       4039.38086    
   144.750000       4023.99463    
   145.000000       4002.26807    
   145.250000       3971.36182    
   145.500000       3932.28809    
   145.750000       3887.02319    
   146.000000       3837.54297    
   146.250000       3786.09619    
   146.500000       3736.02783    
   146.750000       3690.95435    
   147.000000       3654.49316    
   147.250000       3628.99585    
   147.500000       3611.74683    
   147.750000       3598.76465    
   148.000000       3586.06812    
   148.250000       3570.17505    
   148.500000       3549.60352    
   148.750000       3523.37036    
   149.000000       3490.49316    
   149.250000       3450.58081    
   149.500000       3405.60474    
   149.750000       3358.12939    
   150.000000       3310.71802    
   150.250000       3265.48584    
   150.500000       3222.75757    
   150.750000       3182.40967    
   151.000000       3144.31812    
   151.250000       3108.39380    
   151.500000       3074.68213    
   151.750000       3043.26343    
   152.000000       3014.21802    
   152.250000       2987.56152    
   152.500000       2963.05615    
   152.750000       2940.40063    
   153.000000       2919.29297    
   153.250000       2899.39331    
   153.500000       2880.20679    
   153.750000       2861.20093    
   154.000000       2841.84326    
   154.250000       2821.62866    
   154.500000       2800.16602    
   154.750000       2777.09180    
   155.000000       2752.04321    
   155.250000       2724.84424    
   155.500000       2696.06982    
   155.750000       2666.48193    
   156.000000       2636.84302    
   156.250000       2607.84277    
   156.500000       2579.88208    
   156.750000       2553.28931    
   157.000000       2528.39307    
   157.250000       2505.26489    
   157.500000       2482.94824    
   157.750000       2460.22876    
   158.000000       2435.89307    
   158.250000       2408.92310    
   158.500000       2379.08398    
   158.750000       2346.33691    
   159.000000       2310.64307    
   159.250000       2272.09692    
   159.500000       2231.32739    
   159.750000       2189.09692    
   160.000000       2146.16797    
   160.250000       2103.18994    
   160.500000       2060.36133    
   160.750000       2017.76733    
   161.000000       1975.49304    
   161.250000       1933.65112    
   161.500000       1892.46301    
   161.750000       1852.17761    
   162.000000       1813.04309    
   162.250000       1775.30969    
   162.500000       1739.23218    
   162.750000       1705.06628    
   163.000000       1673.06799    
   163.250000       1643.47327    
   163.500000       1616.43848    
   163.750000       1592.09961    
   164.000000       1570.59302    
   164.250000       1551.95398    
   164.500000       1535.81287    
   164.750000       1521.69946    
   165.000000       1509.14307    
   165.250000       1497.70227    
   165.500000       1487.04980    
   165.750000       1476.88782    
   166.000000       1466.91809    
   166.250000       1456.94531    
   166.500000       1447.18408    
   166.750000       1437.95239    
   167.000000       1429.56812    
   167.250000       1422.24744    
   167.500000       1415.80359    
   167.750000       1409.94812    
   168.000000       1404.39307    
   168.250000       1398.87769    
   168.500000       1393.25073    
   168.750000       1387.38879    
   169.000000       1381.16809    
   169.250000       1374.58008    
   169.500000       1368.07690    
   169.750000       1362.22559    
   170.000000       1357.59302    
   170.250000       1354.60767    
   170.500000       1353.14075    
   170.750000       1352.92505    
   171.000000       1353.69312    
   171.250000       1355.22644    
   171.500000       1357.50305    
   171.750000       1360.54956    
   172.000000       1364.39307    
   172.250000       1369.15820    
   172.500000       1375.36194    
   172.750000       1383.61865    
   173.000000       1394.54309    
   173.250000       1408.62000    
   173.500000       1425.81396    
   173.750000       1445.96008    
   174.000000       1468.89307    
   174.250000       1494.55664    
   174.500000       1523.33118    
   174.750000       1555.70532    
   175.000000       1592.16809    
   175.250000       1633.04944    
   175.500000       1678.04175    
   175.750000       1726.67847    
   176.000000       1778.49304    
   176.250000       1833.07288    
   176.500000       1890.22290    
   176.750000       1949.80151    
   177.000000       2011.66797    
   177.250000       2075.82642    
   177.500000       2142.86255    
   177.750000       2213.50781    
   178.000000       2288.49316    
   178.250000       2368.35962    
   178.500000       2452.88818    
   178.750000       2541.66919    
   179.000000       2634.29297    
   179.250000       2730.35425    
   179.500000       2829.46460    
   179.750000       2931.23901    
   180.000000       3035.29297    
   180.250000       3141.37915    
   180.500000       3249.79907    
   180.750000       3360.99097    
   181.000000       3475.39307    
   181.250000       3593.34912    
   181.500000       3714.82202    
   181.750000       3839.68042    
   182.000000       3967.79297    
   182.250000       4099.08594    
   182.500000       4233.72070    
   182.750000       4371.91699    
   183.000000       4513.89307    
   183.250000       4660.30420    
   183.500000       4813.54590    
   183.750000       4976.44922    
   184.000000       5151.84326    
   184.250000       5342.59814    
   184.500000       5551.73779    
   184.750000       5782.32422    
   185.000000       6037.41846    
   185.250000       6319.31299    
   185.500000       6627.21533    
   185.750000       6959.56299    
   186.000000       7314.79346    
   186.250000       7691.48828    
   186.500000       8088.80518    
   186.750000       8506.04785    
   187.000000       8942.51758    
   187.250000       9398.22266    
   187.500000       9875.98242    
   187.750000       10379.3223    
   188.000000       10911.7676    
   188.250000       11475.9102    
   188.500000       12070.5957    
   188.750000       12693.7441    
   189.000000       13343.2676    
   189.250000       14016.7656    
   189.500000       14710.5723    
   189.750000       15420.7012    
   190.000000       16143.1680    
   190.250000       16874.2520    
   190.500000       17611.2617    
   190.750000       18351.7754    
   191.000000       19093.3672    
   191.250000       19833.9883    
   191.500000       20573.1309    
   191.750000       21310.6602    
   192.000000       22046.4434    
   192.250000       22780.4766    
   192.500000       23513.2578    
   192.750000       24245.4141    
   193.000000       24977.5684    
   193.250000       25709.2734    
   193.500000       26435.7715    
   193.750000       27151.2363    
   194.000000       27849.8418    
   194.250000       28524.8008    
   194.500000       29165.5391    
   194.750000       29760.5156    
   195.000000       30298.1934    
   195.250000       30769.2246    
   195.500000       31172.9883    
   195.750000       31511.0410    
   196.000000       31784.9434    
   196.250000       31997.3887    
   196.500000       32155.5820    
   196.750000       32267.8672    
   197.000000       32342.5918    
   197.250000       32386.5137    
   197.500000       32400.1035    
   197.750000       32382.2578    
   198.000000       32331.8672    
   198.250000       32249.0840    
   198.500000       32139.0879    
   198.750000       32008.3203    
   199.000000       31863.2188    
   199.250000       31709.4766    
   199.500000       31549.8145    
   199.750000       31386.2031    

 "IV theory
   86.2500000       6272.86475    
   86.5000000       6198.91797    
   86.7500000       6138.82959    
   87.0000000       6093.83643    
   87.2500000       6065.14648    
   87.5000000       6053.84570    
   87.7500000       6060.99121    
   88.0000000       6087.63916    
   88.2500000       6134.84863    
   88.5000000       6203.68359    
   88.7500000       6295.21094    
   89.0000000       6410.49902    
   89.2500000       6550.38232    
   89.5000000       6714.77539    
   89.7500000       6903.36377    
   90.0000000       7115.83008    
   90.2500000       7351.38428    
   90.5000000       7607.33984    
   90.7500000       7880.53613    
   91.0000000       8167.81055    
   91.2500000       8465.76074    
   91.5000000       8770.01172    
   91.7500000       9075.94238    
   92.0000000       9378.93848    
   92.2500000       9674.37598    
   92.5000000       9957.60938    
   92.7500000       10223.9971    
   93.0000000       10468.8906    
   93.2500000       10687.9570    
   93.5000000       10878.1152    
   93.7500000       11036.6016    
   94.0000000       11160.6436    
   94.2500000       11248.1182    
   94.5000000       11299.4756    
   94.7500000       11315.7998    
   95.0000000       11298.1797    
   95.2500000       11248.0400    
   95.5000000       11168.1133    
   95.7500000       11061.4727    
   96.0000000       10931.1855    
   96.2500000       10780.3252    
   96.5000000       10611.9805    
   96.7500000       10429.2461    
   97.0000000       10235.2109    
   97.2500000       10032.8398    
   97.5000000       9824.57812    
   97.7500000       9612.74121    
   98.0000000       9399.64453    
   98.2500000       9187.33691    
   98.5000000       8976.81543    
   98.7500000       8768.80469    
   99.0000000       8564.03613    
   99.2500000       8363.09961    
   99.5000000       8166.04492    
   99.7500000       7972.78271    
   100.000000       7783.22510    
   100.250000       7597.28369    
   100.500000       7414.86377    
   100.750000       7235.87061    
   101.000000       7060.20996    
   101.250000       6887.78223    
   101.500000       6718.47461    
   101.750000       6552.16748    
   102.000000       6388.74268    
   102.250000       6228.07373    
   102.500000       6069.99854    
   102.750000       5914.34521    
   103.000000       5760.94385    
   103.250000       5609.61914    
   103.500000       5460.17920    
   103.750000       5312.42480    
   104.000000       5166.15967    
   104.250000       5021.18652    
   104.500000       4877.30664    
   104.750000       4734.32275    
   105.000000       4592.03564    
   105.250000       4450.26172    
   105.500000       4308.86768    
   105.750000       4167.73633    
   106.000000       4026.74927    
   106.250000       3885.81470    
   106.500000       3744.95166    
   106.750000       3604.20483    
   107.000000       3463.61987    
   107.250000       3323.25610    
   107.500000       3183.22974    
   107.750000       3043.67090    
   108.000000       2904.70947    
   108.250000       2766.47559    
   108.500000       2629.09839    
   108.750000       2492.70703    
   109.000000       2357.43018    
   109.250000       2223.43335    
   109.500000       2091.02148    
   109.750000       1960.53796    
   110.000000       1832.32410    
   110.250000       1706.79456    
   110.500000       1584.65662    
   110.750000       1466.69080    
   111.000000       1353.67712    
   111.250000       1246.43335    
   111.500000       1145.92639    
   111.750000       1053.16113    
   112.000000       969.142029    
   112.250000       894.874451    
   112.500000       831.367065    
   112.750000       779.628906    
   113.000000       740.669495    
   113.250000       715.443359    
   113.500000       704.687073    
   113.750000       709.082458    
   114.000000       729.311401    
   114.250000       765.943970    
   114.500000       819.102234    
   114.750000       888.796997    
   115.000000       975.038391    
   115.250000       1077.77930    
   115.500000       1196.74158    
   115.750000       1331.58948    
   116.000000       1481.98730    
   116.250000       1647.59949    
   116.500000       1828.09033    
   116.750000       2023.12463    
   117.000000       2232.36670    
   117.250000       2455.41626    
   117.500000       2691.61523    
   117.750000       2940.23901    
   118.000000       3200.56348    
   118.250000       3471.73193    
   118.500000       3752.35352    
   118.750000       4040.90356    
   119.000000       4335.85791    
   119.250000       4635.62354    
   119.500000       4938.33545    
   119.750000       5242.05762    
   120.000000       5544.85742    
   120.250000       5844.79932    
   120.500000       6139.94043    
   120.750000       6428.33936    
   121.000000       6708.05273    
   121.250000       6977.23926    
   121.500000       7234.45996    
   121.750000       7478.37939    
   122.000000       7707.66162    
   122.250000       7921.17627    
   122.500000       8118.62305    
   122.750000       8299.91016    
   123.000000       8464.94336    
   123.250000       8613.73730    
   123.500000       8746.73340    
   123.750000       8864.47852    
   124.000000       8967.51758    
   124.250000       9056.40234    
   124.500000       9131.68164    
   124.750000       9193.90234    
   125.000000       9243.61523    
   125.250000       9281.44043    
   125.500000       9308.28027    
   125.750000       9325.11426    
   126.000000       9332.91504    
   126.250000       9332.80371    
   126.500000       9326.48926    
   126.750000       9315.82812    
   127.000000       9302.67383    
   127.250000       9288.95605    
   127.500000       9276.90527    
   127.750000       9268.82617    
   128.000000       9267.02051    
   128.250000       9273.79883    
   128.500000       9291.46777    
   128.750000       9322.35156    
   129.000000       9368.76660    
   129.250000       9432.84961    
   129.500000       9516.04297    
   129.750000       9619.60547    
   130.000000       9744.79883    
   130.250000       9892.52441    
   130.500000       10062.2402    
   130.750000       10253.0410    
   131.000000       10464.0225    
   131.250000       10694.0947    
   131.500000       10941.4229    
   131.750000       11203.9912    
   132.000000       11479.7812    
   132.250000       11766.7725    
   132.500000       12062.9395    
   132.750000       12366.2559    
   133.000000       12674.6963    
   133.250000       12986.2129    
   133.500000       13298.6787    
   133.750000       13609.9482    
   134.000000       13917.8721    
   134.250000       14220.2646    
   134.500000       14514.7656    
   134.750000       14798.9746    
   135.000000       15070.4922    
   135.250000       15326.8965    
   135.500000       15565.6816    
   135.750000       15784.3223    
   136.000000       15980.2930    
   136.250000       16151.0645    
   136.500000       16294.0977    
   136.750000       16406.8496    
   137.000000       16486.7793    
   137.250000       16531.6387    
   137.500000       16540.3496    
   137.750000       16512.1348    
   138.000000       16446.2148    
   138.250000       16342.4072    
   138.500000       16202.9531    
   138.750000       16030.6875    
   139.000000       15828.4521    
   139.250000       15599.3965    
   139.500000       15347.9043    
   139.750000       15078.6748    
   140.000000       14796.4014    
   140.250000       14505.7871    
   140.500000       14211.5518    
   140.750000       13918.4229    
   141.000000       13631.1270    
   141.250000       13354.0830    
   141.500000       13090.4727    
   141.750000       12843.1699    
   142.000000       12615.0479    
   142.250000       12408.3457    
   142.500000       12222.7715    
   142.750000       12057.3926    
   143.000000       11911.2852    
   143.250000       11783.1934    
   143.500000       11670.5615    
   143.750000       11570.5117    
   144.000000       11480.1611    
   144.250000       11396.6270    
   144.500000       11317.0068    
   144.750000       11238.4014    
   145.000000       11157.9023    
   145.250000       11072.7422    
   145.500000       10980.6982    
   145.750000       10879.6777    
   146.000000       10767.5947    
   146.250000       10642.6377    
   146.500000       10504.1025    
   146.750000       10351.5674    
   147.000000       10184.6074    
   147.250000       10002.9385    
   147.500000       9806.85449    
   147.750000       9596.78516    
   148.000000       9373.16406    
   148.250000       9136.42480    
   148.500000       8887.00684    
   148.750000       8625.34277    
   149.000000       8351.87109    
   149.250000       8067.08936    
   149.500000       7771.74219    
   149.750000       7466.62891    
   150.000000       7152.55566    
   150.250000       6830.45020    
   150.500000       6501.74805    
   150.750000       6168.00830    
   151.000000       5830.79248    
   151.250000       5491.72510    
   151.500000       5152.69092    
   151.750000       4815.63721    
   152.000000       4482.51221    
   152.250000       4155.26562    
   152.500000       3835.85132    
   152.750000       3526.22656    
   153.000000       3228.34570    
   153.250000       2944.07666    
   153.500000       2674.92725    
   153.750000       2422.31763    
   154.000000       2187.66650    
   154.250000       1972.21082    
   154.500000       1776.45166    
   154.750000       1600.70850    
   155.000000       1445.29968    
   155.250000       1310.44922    
   155.500000       1196.00415    
   155.750000       1101.71643    
   156.000000       1027.33813    
   156.250000       972.621338    
   156.500000       937.315918    
   156.750000       921.171265    
   157.000000       923.937012    
   157.250000       945.320129    
   157.500000       984.858093    
   157.750000       1042.04565    
   158.000000       1116.37793    
   158.250000       1207.26208    
   158.500000       1313.75415    
   158.750000       1434.82227    
   159.000000       1569.43518    
   159.250000       1716.51624    
   159.500000       1874.80835    
   159.750000       2043.01086    
   160.000000       2219.82202    
   160.250000       2403.94019    
   160.500000       2594.05957    
   160.750000       2788.87549    
   161.000000       2987.08203    
   161.250000       3187.40796    
   161.500000       3388.71680    
   161.750000       3589.90723    
   162.000000       3789.87646    
   162.250000       3987.59253    
   162.500000       4182.30029    
   162.750000       4373.31396    
   163.000000       4559.95020    
   163.250000       4741.55713    
   163.500000       4917.63037    
   163.750000       5087.69727    
   164.000000       5251.28760    
   164.250000       5407.93164    
   164.500000       5557.15820    
   164.750000       5698.49805    
   165.000000       5831.48145    
   165.250000       5955.65186    
   165.500000       6070.60938    
   165.750000       6175.96436    
   166.000000       6271.33057    
   166.250000       6356.34814    
   166.500000       6430.77002    
   166.750000       6494.37744    
   167.000000       6546.95264    
   167.250000       6588.29199    
   167.500000       6618.24854    
   167.750000       6636.69189    
   168.000000       6643.49268    
   168.250000       6638.51855    
   168.500000       6621.63574    
   168.750000       6592.71338    
   169.000000       6551.62012    
   169.250000       6498.27295    
   169.500000       6432.79297    
   169.750000       6355.35693    
   170.000000       6266.13818    
   170.250000       6165.41504    
   170.500000       6053.88770    
   170.750000       5932.36182    
   171.000000       5801.64209    
   171.250000       5662.58643    
   171.500000       5516.27051    
   171.750000       5363.82373    
   172.000000       5206.37500    
   172.250000       5045.05322    
   172.500000       4880.99023    
   172.750000       4715.31934    
   173.000000       4549.17285    
   173.250000       4383.66260    
   173.500000       4219.81299    
   173.750000       4058.62671    
   174.000000       3901.10791    
   174.250000       3748.21460    
   174.500000       3600.73022    
   174.750000       3459.39355    
   175.000000       3324.94287    
   175.250000       3198.09473    
   175.500000       3079.47314    
   175.750000       2969.67969    
   176.000000       2869.31592    
   176.250000       2778.98389    
   176.500000       2699.28833    
   176.750000       2630.83252    
   177.000000       2574.22266    
   177.250000       2529.97559    
   177.500000       2498.26025    
   177.750000       2479.15796    
   178.000000       2472.75049    
   178.250000       2478.94019    
   178.500000       2496.91089    
   178.750000       2525.66821    
   179.000000       2564.21631    
   179.250000       2611.46875    
   179.500000       2665.97021    
   179.750000       2726.17432    
   180.000000       2790.53369    
   180.250000       2857.50098    
   180.500000       2925.52026    
   180.750000       2993.03467    
   181.000000       3058.48828    
   181.250000       3120.42969    
   181.500000       3177.83862    
   181.750000       3229.80005    
   182.000000       3275.40015    
   182.250000       3313.94336    
   182.500000       3345.61377    
   182.750000       3370.81421    
   183.000000       3389.94751    
   183.250000       3403.53027    
   183.500000       3412.53003    
   183.750000       3418.02686    
   184.000000       3421.10303    
   184.250000       3422.83887    
   184.500000       3424.31958    
   184.750000       3426.63037    
   185.000000       3430.85669    
   185.250000       3438.10815    
   185.500000       3449.59106    
   185.750000       3466.53784    
   186.000000       3490.17993    
   186.250000       3521.79932    
   186.500000       3562.88159    
   186.750000       3614.96289    
   187.000000       3679.57935    
   187.250000       3758.29321    
   187.500000       3852.76807    
   187.750000       3964.69556    
   188.000000       4095.76538    
   188.250000       4247.66943    
   188.500000       4422.10498    
   188.750000       4620.77002    
   189.000000       4845.36426    
   189.250000       5097.44971    
   189.500000       5378.04297    
   189.750000       5688.02490    
   190.000000       6028.27588    
   190.250000       6399.39600    
   190.500000       6800.86719    
   190.750000       7231.88867    
   191.000000       7691.66064    
   191.250000       8179.23877    
   191.500000       8693.10449    
   191.750000       9231.58984    
   192.000000       9793.03613    
   192.250000       10375.7744    
   192.500000       10978.1377    
   192.750000       11598.4570    
   193.000000       12235.0645    
   193.250000       12886.2236    
   193.500000       13549.9355    
   193.750000       14224.1260    
   194.000000       14906.7246    
   194.250000       15595.5254    
   194.500000       16287.7617    
   194.750000       16980.5332    
   195.000000       17670.9375    
   195.250000       18356.0020    
   195.500000       19032.4688    
   195.750000       19697.0215    
   196.000000       20346.3340    
   196.250000       20977.0801    
   196.500000       21585.9102    
   196.750000       22169.4766    
   197.000000       22724.4277    
   197.250000       23247.6738    
   197.500000       23737.1426    
   197.750000       24191.0371    
   198.000000       24607.5547    
   198.250000       24985.3750    
   198.500000       25325.1309    
   198.750000       25627.9297    
   199.000000       25894.8887    
   199.250000       26127.4902    
   199.500000       26328.6934    
   199.750000       26501.8262    

