TitleText: Ni(001)-(5x5)-Li     Beam (1,4/5)              Rfac10=0.3866
 "IV exp
   72.2500000       681.727173    
   72.5000000       678.999512    
   72.7500000       676.342163    
   73.0000000       673.790039    
   73.2500000       671.432373    
   73.5000000       669.574097    
   73.7500000       668.573730    
   74.0000000       668.790039    
   74.2500000       670.574585    
   74.5000000       674.250488    
   74.7500000       680.133667    
   75.0000000       688.540039    
   75.2500000       699.693359    
   75.5000000       713.448608    
   75.7500000       729.568237    
   76.0000000       747.815063    
   76.2500000       767.943359    
   76.5000000       789.673828    
   76.7500000       812.718628    
   77.0000000       836.790039    
   77.2500000       861.569702    
   77.5000000       886.618164    
   77.7500000       911.464844    
   78.0000000       935.640015    
   78.2500000       958.671875    
   78.5000000       980.084229    
   78.7500000       999.399414    
   79.0000000       1016.14001    
   79.2500000       1029.92993    
   79.5000000       1040.80042    
   79.7500000       1048.88452    
   80.0000000       1054.31506    
   80.2500000       1057.21643    
   80.5000000       1057.67896    
   80.7500000       1055.78455    
   81.0000000       1051.61511    
   81.2500000       1045.16858    
   81.5000000       1036.10840    
   81.7500000       1024.01404    
   82.0000000       1008.46509    
   82.2500000       989.357910    
   82.5000000       967.856079    
   82.7500000       945.440063    
   83.0000000       923.590088    
   83.2500000       903.508667    
   83.5000000       885.285767    
   83.7500000       868.733887    
   84.0000000       853.665039    
   84.2500000       839.581299    
   84.5000000       824.744263    
   84.7500000       807.104980    
   85.0000000       784.615112    
   85.2500000       755.933838    
   85.5000000       722.552856    
   85.7500000       686.671631    
   86.0000000       650.489990    
   86.2500000       615.950684    
   86.5000000       583.969360    
   86.7500000       555.204468    
   87.0000000       530.315063    
   87.2500000       509.642151    
   87.5000000       492.257050    
   87.7500000       476.913422    
   88.0000000       462.365051    
   88.2500000       447.674042    
   88.5000000       433.136536    
   88.7500000       419.356995    
   89.0000000       406.940033    
   89.2500000       396.402313    
   89.5000000       387.909027    
   89.7500000       381.537476    
   90.0000000       377.365051    
   90.2500000       375.403473    
   90.5000000       375.402100    
   90.7500000       377.044708    
   91.0000000       380.015045    
   91.2500000       384.049103    
   91.5000000       389.091614    
   91.7500000       395.139587    
   92.0000000       402.190033    
   92.2500000       410.272461    
   92.5000000       419.546722    
   92.7500000       430.205109    
   93.0000000       442.440033    
   93.2500000       456.394196    
   93.5000000       472.011749    
   93.7500000       489.187195    
   94.0000000       507.815033    
   94.2500000       527.780762    
   94.5000000       548.933960    
   94.7500000       571.115112    
   95.0000000       594.165039    
   95.2500000       617.931030    
   95.5000000       642.289307    
   95.7500000       667.123047    
   96.0000000       692.315063    
   96.2500000       717.765137    
   96.5000000       743.439331    
   96.7500000       769.320190    
   97.0000000       795.390015    
   97.2500000       821.651978    
   97.5000000       848.190186    
   97.7500000       875.109619    
   98.0000000       902.515015    
   98.2500000       930.413330    
   98.5000000       958.421143    
   98.7500000       986.057129    
   99.0000000       1012.83997    
   99.2500000       1038.26782    
   99.5000000       1061.75574    
   99.7500000       1082.69836    
   100.000000       1100.49011    
   100.250000       1114.63062    
   100.500000       1125.03992    
   100.750000       1131.74304    
   101.000000       1134.76501    
   101.250000       1134.18713    
   101.500000       1130.31555    
   101.750000       1123.51245    
   102.000000       1114.14001    
   102.250000       1102.53552    
   102.500000       1088.93494    
   102.750000       1073.54944    
   103.000000       1056.59009    
   103.250000       1038.29565    
   103.500000       1019.01636    
   103.750000       999.130249    
   104.000000       979.015015    
   104.250000       959.045166    
   104.500000       939.580322    
   104.750000       920.976562    
   105.000000       903.590088    
   105.250000       887.691406    
   105.500000       873.208862    
   105.750000       859.985718    
   106.000000       847.864990    
   106.250000       836.691528    
   106.500000       826.318237    
   106.750000       816.599487    
   107.000000       807.390015    
   107.250000       798.589600    
   107.500000       790.277344    
   107.750000       782.577637    
   108.000000       775.614990    
   108.250000       769.489624    
   108.500000       764.206543    
   108.750000       759.746338    
   109.000000       756.089966    
   109.250000       753.151123    
   109.500000       750.574097    
   109.750000       747.936401    
   110.000000       744.815063    
   110.250000       740.839600    
   110.500000       735.849365    
   110.750000       729.735718    
   111.000000       722.390015    
   111.250000       713.785889    
   111.500000       704.224731    
   111.750000       694.089966    
   112.000000       683.765015    
   112.250000       673.610962    
   112.500000       663.898315    
   112.750000       654.875244    
   113.000000       646.790039    
   113.250000       639.782471    
   113.500000       633.559814    
   113.750000       627.720947    
   114.000000       621.865112    
   114.250000       615.612793    
   114.500000       608.671631    
   114.750000       600.770996    
   115.000000       591.640015    
   115.250000       581.115845    
   115.500000       569.465942    
   115.750000       557.065613    

 "IV theory
   72.2500000       374.569305    
   72.5000000       375.442963    
   72.7500000       377.453491    
   73.0000000       380.725677    
   73.2500000       385.377319    
   73.5000000       391.499146    
   73.7500000       399.174957    
   74.0000000       408.488617    
   74.2500000       419.509796    
   74.5000000       432.252411    
   74.7500000       446.716187    
   75.0000000       462.900909    
   75.2500000       480.799103    
   75.5000000       500.374420    
   75.7500000       521.583374    
   76.0000000       544.382141    
   76.2500000       568.727417    
   76.5000000       594.575562    
   76.7500000       621.883484    
   77.0000000       650.607544    
   77.2500000       680.692383    
   77.5000000       712.033142    
   77.7500000       744.512512    
   78.0000000       778.013550    
   78.2500000       812.393799    
   78.5000000       847.409424    
   78.7500000       882.791321    
   79.0000000       918.270386    
   79.2500000       953.564636    
   79.5000000       988.340088    
   79.7500000       1022.24994    
   80.0000000       1054.94751    
   80.2500000       1086.08569    
   80.5000000       1115.31592    
   80.7500000       1142.28931    
   81.0000000       1166.65723    
   81.2500000       1188.09692    
   81.5000000       1206.39062    
   81.7500000       1221.34656    
   82.0000000       1232.77295    
   82.2500000       1240.53210    
   82.5000000       1244.70068    
   82.7500000       1245.40955    
   83.0000000       1242.78967    
   83.2500000       1236.99939    
   83.5000000       1228.30725    
   83.7500000       1217.01001    
   84.0000000       1203.40393    
   84.2500000       1187.78577    
   84.5000000       1170.45349    
   84.7500000       1151.70557    
   85.0000000       1131.83984    
   85.2500000       1111.14661    
   85.5000000       1089.88257    
   85.7500000       1068.29626    
   86.0000000       1046.63647    
   86.2500000       1025.13477    
   86.5000000       1003.95551    
   86.7500000       983.245972    
   87.0000000       963.153564    
   87.2500000       943.817017    
   87.5000000       925.340210    
   87.7500000       907.818237    
   88.0000000       891.346252    
   88.2500000       876.019470    
   88.5000000       861.933044    
   88.7500000       849.182251    
   89.0000000       837.862244    
   89.2500000       828.058655    
   89.5000000       819.818970    
   89.7500000       813.181396    
   90.0000000       808.183777    
   90.2500000       804.844482    
   90.5000000       803.103333    
   90.7500000       802.880554    
   91.0000000       804.096008    
   91.2500000       806.659912    
   91.5000000       810.442078    
   91.7500000       815.302063    
   92.0000000       821.099365    
   92.2500000       827.693604    
   92.5000000       834.943909    
   92.7500000       842.709106    
   93.0000000       850.848083    
   93.2500000       859.223511    
   93.5000000       867.713135    
   93.7500000       876.198181    
   94.0000000       884.559937    
   94.2500000       892.687439    
   94.5000000       900.500183    
   94.7500000       907.925171    
   95.0000000       914.889526    
   95.2500000       921.324097    
   95.5000000       927.175781    
   95.7500000       932.395264    
   96.0000000       936.932983    
   96.2500000       940.739807    
   96.5000000       943.766296    
   96.7500000       945.963074    
   97.0000000       947.280823    
   97.2500000       947.674316    
   97.5000000       947.114563    
   97.7500000       945.576965    
   98.0000000       943.036316    
   98.2500000       939.476501    
   98.5000000       934.914673    
   98.7500000       929.376465    
   99.0000000       922.887634    
   99.2500000       915.478210    
   99.5000000       907.195435    
   99.7500000       898.090942    
   100.000000       888.216370    
   100.250000       877.623413    
   100.500000       866.363953    
   100.750000       854.489807    
   101.000000       842.052979    
   101.250000       829.104431    
   101.500000       815.692017    
   101.750000       801.863037    
   102.000000       787.664246    
   102.250000       773.141357    
   102.500000       758.333374    
   102.750000       743.277405    
   103.000000       728.010864    
   103.250000       712.570312    
   103.500000       696.988831    
   103.750000       681.298889    
   104.000000       665.532471    
   104.250000       649.722229    
   104.500000       633.900330    
   104.750000       618.098938    
   105.000000       602.350464    
   105.250000       586.686829    
   105.500000       571.138733    
   105.750000       555.736206    
   106.000000       540.509644    
   106.250000       525.488586    
   106.500000       510.699768    
   106.750000       496.169220    
   107.000000       481.923065    
   107.250000       467.987000    
   107.500000       454.385223    
   107.750000       441.141602    
   108.000000       428.280060    
   108.250000       415.824493    
   108.500000       403.798798    
   108.750000       392.226959    
   109.000000       381.132843    
   109.250000       370.539368    
   109.500000       360.465637    
   109.750000       350.929810    
   110.000000       341.950073    
   110.250000       333.542511    
   110.500000       325.715393    
   110.750000       318.474976    
   111.000000       311.827454    
   111.250000       305.778168    
   111.500000       300.328186    
   111.750000       295.477600    
   112.000000       291.226654    
   112.250000       287.575378    
   112.500000       284.523926    
   112.750000       282.072510    
   113.000000       280.221283    
   113.250000       278.968109    
   113.500000       278.301056    
   113.750000       278.205994    
   114.000000       278.668610    
   114.250000       279.669739    
   114.500000       281.170502    
   114.750000       283.126892    
   115.000000       285.495056    
   115.250000       288.228546    
   115.500000       291.270752    
   115.750000       294.562592    

