TitleText: Ni(001)-(5x5)-Li     Beam (2/5,0)              Rfac10=0.5240
 "IV exp
   21.2500000       235.972534    
   21.5000000       255.603912    
   21.7500000       277.235107    
   22.0000000       301.866028    
   22.2500000       330.247467    
   22.5000000       362.133698    
   22.7500000       397.029816    
   23.0000000       434.441040    
   23.2500000       474.231476    
   23.5000000       517.701355    
   23.7500000       566.509766    
   24.0000000       622.316040    
   24.2500000       686.416626    
   24.5000000       758.657288    
   24.7500000       838.521057    
   25.0000000       925.490967    
   25.2500000       1018.51849    
   25.5000000       1114.42822    
   25.7500000       1209.51306    
   26.0000000       1300.06604    
   26.2500000       1383.18909    
   26.5000000       1459.21997    
   26.7500000       1529.30505    
   27.0000000       1594.59106    
   27.2500000       1656.51611    
   27.5000000       1717.68518    
   27.7500000       1780.99463    
   28.0000000       1849.34106    
   28.2500000       1924.28979    
   28.5000000       2002.08252    
   28.7500000       2077.62939    
   29.0000000       2145.84106    
   29.2500000       2201.75732    
   29.5000000       2240.93433    
   29.7500000       2259.05859    
   30.0000000       2251.81592    
   30.2500000       2216.22412    
   30.5000000       2154.62939    
   30.7500000       2070.70898    
   31.0000000       1968.14111    
   31.2500000       1850.89478    
   31.5000000       1724.10388    
   31.7500000       1593.19421    
   32.0000000       1463.59106    
   32.2500000       1340.23340    
   32.5000000       1226.11401    
   32.7500000       1123.73950    
   33.0000000       1035.61609    
   33.2500000       963.473633    
   33.5000000       905.936279    
   33.7500000       860.851257    
   34.0000000       826.066040    
   34.2500000       799.383057    
   34.5000000       778.424561    
   34.7500000       760.768127    
   35.0000000       743.990967    
   35.2500000       726.144653    
   35.5000000       707.177063    
   35.7500000       687.510254    
   36.0000000       667.565979    
   36.2500000       647.827087    
   36.5000000       629.019104    
   36.7500000       611.928284    
   37.0000000       597.341003    
   37.2500000       585.780396    
   37.5000000       576.717468    
   37.7500000       569.360046    
   38.0000000       562.916016    
   38.2500000       556.646606    
   38.5000000       550.026001    
   38.7500000       542.581604    
   39.0000000       533.841064    
   39.2500000       523.432495    
   39.5000000       511.387390    
   39.7500000       497.837860    
   40.0000000       482.916046    
   40.2500000       466.690369    
   40.5000000       448.973907    
   40.7500000       429.516022    
   41.0000000       408.066071    
   41.2500000       384.507477    
   41.5000000       359.260193    
   41.7500000       332.878357    
   42.0000000       305.916046    
   42.2500000       278.932007    
   42.5000000       252.503510    
   42.7500000       227.212555    
   43.0000000       203.641052    
   43.2500000       182.350693    
   43.5000000       163.822052    
   43.7500000       148.515411    
   44.0000000       136.891037    
   44.2500000       129.321655    
   44.5000000       125.829536    
   44.7500000       126.349426    
   45.0000000       130.816040    
   45.2500000       139.227722    
   45.5000000       151.837280    
   45.7500000       168.961243    
   46.0000000       190.916046    
   46.2500000       217.984833    
   46.5000000       250.317535    
   46.7500000       288.030731    
   47.0000000       331.241028    
   47.2500000       379.772522    
   47.5000000       432.279419    
   47.7500000       487.123352    
   48.0000000       542.666016    
   48.2500000       597.406006    
   48.5000000       650.389099    
   48.7500000       700.798279    
   49.0000000       747.815979    
   49.2500000       790.728088    
   49.5000000       829.231873    
   49.7500000       863.127686    
   50.0000000       892.216003    
   50.2500000       916.355469    
   50.5000000       935.638794    
   50.7500000       950.216919    
   51.0000000       960.240967    
   51.2500000       965.901428    
   51.5000000       967.546509    
   51.7500000       965.563782    
   52.0000000       960.341003    
   52.2500000       952.247925    
   52.5000000       941.583679    
   52.7500000       928.629272    
   53.0000000       913.666016    
   53.2500000       897.010986    
   53.5000000       879.124329    
   53.7500000       860.502258    
   54.0000000       841.640991    
   54.2500000       822.977722    
   54.5000000       804.715027    
   54.7500000       786.996582    
   55.0000000       769.966064    
   55.2500000       753.727600    
   55.5000000       738.227234    
   55.7500000       723.371277    
   56.0000000       709.065979    
   56.2500000       695.186768    
   56.5000000       681.484619    
   56.7500000       667.679382    
   57.0000000       653.491028    
   57.2500000       638.699829    
   57.5000000       623.327271    
   57.7500000       607.455383    
   58.0000000       591.166016    
   58.2500000       574.528931    
   58.5000000       557.564941    
   58.7500000       540.282715    
   59.0000000       522.691040    
   59.2500000       504.797150    
   59.5000000       486.602966    
   59.7500000       468.109070    
   60.0000000       449.316040    
   60.2500000       430.278717    
   60.5000000       411.269409    
   60.7500000       392.614685    
   61.0000000       374.641052    
   61.2500000       357.615417    
   61.5000000       341.565613    
   61.7500000       326.459778    
   62.0000000       312.266052    
   62.2500000       298.940674    
   62.5000000       286.392517    
   62.7500000       274.518616    
   63.0000000       263.216034    
   63.2500000       252.451813    
   63.5000000       242.473114    
   63.7500000       233.597137    
   64.0000000       226.141037    
   64.2500000       220.351028    
   64.5000000       216.189362    
   64.7500000       213.547272    
   65.0000000       212.316040    
   65.2500000       212.343384    
   65.5000000       213.303131    
   65.7500000       214.825577    
   66.0000000       216.541046    
   66.2500000       218.174774    
   66.5000000       219.831833    
   66.7500000       221.712250    
   67.0000000       224.016052    
   67.2500000       226.940125    
   67.5000000       230.668915    
   67.7500000       235.383789    
   68.0000000       241.266052    
   68.2500000       248.446991    
   68.5000000       256.857544    
   68.7500000       266.378601    
   69.0000000       276.891052    
   69.2500000       288.367065    
   69.5000000       301.144073    
   69.7500000       315.650848    
   70.0000000       332.316040    
   70.2500000       351.549408    
   70.5000000       373.684296    
   70.7500000       399.035065    
   71.0000000       427.916046    
   71.2500000       460.490204    
   71.5000000       496.315002    
   71.7500000       534.796570    
   72.0000000       575.341003    
   72.2500000       617.380127    
   72.5000000       660.448792    
   72.7500000       704.107239    
   73.0000000       747.916016    
   73.2500000       791.448853    
   73.5000000       834.332886    
   73.7500000       876.208496    
   74.0000000       916.716064    
   74.2500000       955.522095    
   74.5000000       992.397156    
   74.7500000       1027.13794    
   75.0000000       1059.54102    
   75.2500000       1089.43921    
   75.5000000       1116.80920    
   75.7500000       1141.66382    
   76.0000000       1164.01599    
   76.2500000       1183.75195    
   76.5000000       1200.25281    
   76.7500000       1212.77271    
   77.0000000       1220.56592    
   77.2500000       1222.96216    
   77.5000000       1219.59106    
   77.7500000       1210.15735    
   78.0000000       1194.36609    
   78.2500000       1172.08435    
   78.5000000       1143.82910    
   78.7500000       1110.27991    
   79.0000000       1072.11609    
   79.2500000       1029.99170    
   79.5000000       984.457886    
   79.7500000       936.040710    
   80.0000000       885.265991    
   80.2500000       832.667358    
   80.5000000       778.810547    
   80.7500000       724.268982    
   81.0000000       669.616028    
   81.2500000       615.408325    
   81.5000000       562.133545    
   81.7500000       510.262543    
   82.0000000       460.266052    
   82.2500000       412.665222    
   82.5000000       368.182800    
   82.7500000       327.592041    
   83.0000000       291.666046    
   83.2500000       261.152893    
   83.5000000       236.700195    
   83.7500000       218.930420    
   84.0000000       208.466034    
   84.2500000       205.926483    
   84.5000000       211.918900    
   84.7500000       227.047394    
   85.0000000       251.916046    
   85.2500000       287.033478    
   85.5000000       332.526672    
   85.7500000       388.427063    
   86.0000000       454.766052    
   86.2500000       531.424438    
   86.5000000       617.679993    
   86.7500000       712.659912    
   87.0000000       815.491028    
   87.2500000       925.399353    
   87.5000000       1042.00574    
   87.7500000       1165.02979    
   88.0000000       1294.19092    
   88.2500000       1429.08972    
   88.5000000       1568.84912    
   88.7500000       1712.47339    
   89.0000000       1858.96594    
   89.2500000       2007.20776    
   89.5000000       2155.58667    
   89.7500000       2302.36792    
   90.0000000       2445.81592    
   90.2500000       2584.52930    
   90.5000000       2718.44043    
   90.7500000       2847.81421    
   91.0000000       2972.91602    
   91.2500000       3094.05713    
   91.5000000       3211.72900    
   91.7500000       3326.46948    
   92.0000000       3438.81592    
   92.2500000       3549.04395    
   92.5000000       3656.38599    
   92.7500000       3759.81152    
   93.0000000       3858.29102    
   93.2500000       3950.91382    
   93.5000000       4037.24487    
   93.7500000       4116.96777    
   94.0000000       4189.76611    
   94.2500000       4255.33789    
   94.5000000       4313.44189    
   94.7500000       4363.85205    
   95.0000000       4406.34082    
   95.2500000       4440.75391    
   95.5000000       4467.22266    
   95.7500000       4485.95068    
   96.0000000       4497.14111    
   96.2500000       4501.03564    
   96.5000000       4498.02441    
   96.7500000       4488.53369    
   97.0000000       4472.99121    
   97.2500000       4451.66309    
   97.5000000       4424.16943    
   97.7500000       4389.96729    
   98.0000000       4348.51611    
   98.2500000       4299.39746    
   98.5000000       4242.68750    
   98.7500000       4178.58545    
   99.0000000       4107.29150    
   99.2500000       4029.27246    
   99.5000000       3946.06689    
   99.7500000       3859.47925    
   100.000000       3771.31592    
   100.250000       3683.20654    
   100.500000       3596.08252    
   100.750000       3510.70020    
   101.000000       3427.81616    
   101.250000       3347.96167    
   101.500000       3270.77051    
   101.750000       3195.65259    
   102.000000       3122.01611    
   102.250000       3049.34399    
   102.500000       2977.40991    
   102.750000       2906.06006    
   103.000000       2835.14111    
   103.250000       2764.54395    
   103.500000       2694.33643    
   103.750000       2624.63135    
   104.000000       2555.54102    
   104.250000       2487.20605    
   104.500000       2419.88110    
   104.750000       2353.84863    
   105.000000       2289.39111    
   105.250000       2226.76294    
   105.500000       2166.10449    
   105.750000       2107.52661    
   106.000000       2051.14111    
   106.250000       1997.05627    
   106.500000       1945.36682    
   106.750000       1896.16455    
   107.000000       1849.54102    
   107.250000       1805.66589    
   107.500000       1765.02148    
   107.750000       1728.16809    
   108.000000       1695.66602    
   108.250000       1668.01697    
   108.500000       1645.48718    
   108.750000       1628.28430    
   109.000000       1616.61597    
   109.250000       1610.38074    
   109.500000       1608.24146    
   109.750000       1608.55200    
   110.000000       1609.66602    
   110.250000       1610.24695    
   110.500000       1610.19604    
   110.750000       1609.72388    

 "IV theory
   21.2500000       3654.78589    
   21.5000000       3653.09888    
   21.7500000       3648.24414    
   22.0000000       3640.30029    
   22.2500000       3629.33154    
   22.5000000       3615.34180    
   22.7500000       3598.32153    
   23.0000000       3578.26050    
   23.2500000       3555.14062    
   23.5000000       3528.91455    
   23.7500000       3499.52588    
   24.0000000       3466.91943    
   24.2500000       3431.03955    
   24.5000000       3391.82959    
   24.7500000       3349.23242    
   25.0000000       3303.19165    
   25.2500000       3253.66748    
   25.5000000       3200.68848    
   25.7500000       3144.30054    
   26.0000000       3084.55005    
   26.2500000       3021.51733    
   26.5000000       2955.42456    
   26.7500000       2886.52808    
   27.0000000       2815.08496    
   27.2500000       2741.36987    
   27.5000000       2665.72998    
   27.7500000       2588.53003    
   28.0000000       2510.13477    
   28.2500000       2430.90991    
   28.5000000       2351.22192    
   28.7500000       2271.43726    
   29.0000000       2191.92212    
   29.2500000       2113.02808    
   29.5000000       2035.04456    
   29.7500000       1958.24561    
   30.0000000       1882.90503    
   30.2500000       1809.26489    
   30.5000000       1737.44080    
   30.7500000       1667.51672    
   31.0000000       1599.57629    
   31.2500000       1533.68701    
   31.5000000       1469.85120    
   31.7500000       1408.05518    
   32.0000000       1348.28455    
   32.2500000       1290.52551    
   32.5000000       1234.76343    
   32.7500000       1180.98352    
   33.0000000       1129.17151    
   33.2500000       1079.30981    
   33.5000000       1031.37146    
   33.7500000       985.326843    
   34.0000000       941.146179    
   34.2500000       898.794617    
   34.5000000       858.216309    
   34.7500000       819.350281    
   35.0000000       782.135681    
   35.2500000       746.508667    
   35.5000000       712.395020    
   35.7500000       679.717529    
   36.0000000       648.399353    
   36.2500000       618.363281    
   36.5000000       589.532104    
   36.7500000       561.828430    
   37.0000000       535.174866    
   37.2500000       509.498413    
   37.5000000       484.743805    
   37.7500000       460.860016    
   38.0000000       437.796173    
   38.2500000       415.510376    
   38.5000000       393.996887    
   38.7500000       373.259064    
   39.0000000       353.300262    
   39.2500000       334.128448    
   39.5000000       315.770233    
   39.7500000       298.256744    
   40.0000000       281.619232    
   40.2500000       265.888977    
   40.5000000       251.097412    
   40.7500000       237.276154    
   41.0000000       224.456802    
   41.2500000       212.668304    
   41.5000000       201.929199    
   41.7500000       192.255432    
   42.0000000       183.662979    
   42.2500000       176.162430    
   42.5000000       169.743073    
   42.7500000       164.388885    
   43.0000000       160.083786    
   43.2500000       156.809036    
   43.5000000       154.534927    
   43.7500000       153.229050    
   44.0000000       152.858963    
   44.2500000       153.392212    
   44.5000000       154.796005    
   44.7500000       157.037537    
   45.0000000       160.084000    
   45.2500000       163.907837    
   45.5000000       168.502747    
   45.7500000       173.867722    
   46.0000000       180.001785    
   46.2500000       186.914795    
   46.5000000       194.660233    
   46.7500000       203.302505    
   47.0000000       212.905975    
   47.2500000       223.540558    
   47.5000000       235.298553    
   47.7500000       248.277725    
   48.0000000       262.575806    
   48.2500000       278.290833    
   48.5000000       295.521332    
   48.7500000       314.366028    
   49.0000000       334.923676    
   49.2500000       357.280212    
   49.5000000       381.470825    
   49.7500000       407.517914    
   50.0000000       435.443878    
   50.2500000       465.244965    
   50.5000000       496.813019    
   50.7500000       530.013733    
   51.0000000       564.712830    
   51.2500000       600.762512    
   51.5000000       637.961487    
   51.7500000       676.094788    
   52.0000000       714.947632    
   52.2500000       754.305054    
   52.5000000       793.951660    
   52.7500000       833.671814    
   53.0000000       873.249817    
   53.2500000       912.471497    
   53.5000000       951.126892    
   53.7500000       989.007812    
   54.0000000       1025.90552    
   54.2500000       1061.61401    
   54.5000000       1095.93628    
   54.7500000       1128.67798    
   55.0000000       1159.64453    
   55.2500000       1188.64294    
   55.5000000       1215.48462    
   55.7500000       1239.98303    
   56.0000000       1261.95105    
   56.2500000       1281.20154    
   56.5000000       1297.54700    
   56.7500000       1310.79932    
   57.0000000       1320.77100    
   57.2500000       1327.29163    
   57.5000000       1330.26013    
   57.7500000       1329.59265    
   58.0000000       1325.20605    
   58.2500000       1317.05164    
   58.5000000       1305.22485    
   58.7500000       1289.85559    
   59.0000000       1271.07446    
   59.2500000       1249.03003    
   59.5000000       1223.94446    
   59.7500000       1196.05823    
   60.0000000       1165.61182    
   60.2500000       1132.84570    
   60.5000000       1098.00098    
   60.7500000       1061.31873    
   61.0000000       1023.04034    
   61.2500000       983.410400    
   61.5000000       942.686951    
   61.7500000       901.131470    
   62.0000000       859.005493    
   62.2500000       816.577515    
   62.5000000       774.144470    
   62.7500000       732.010132    
   63.0000000       690.478455    
   63.2500000       649.856995    
   63.5000000       610.467346    
   63.7500000       572.634766    
   64.0000000       536.684631    
   64.2500000       502.942291    
   64.5000000       471.734344    
   64.7500000       443.387451    
   65.0000000       418.228363    
   65.2500000       396.558594    
   65.5000000       378.578857    
   65.7500000       364.464752    
   66.0000000       354.391815    
   66.2500000       348.483826    
   66.5000000       346.657471    
   66.7500000       348.777618    
   67.0000000       354.709229    
   67.2500000       364.290588    
   67.5000000       377.253510    
   67.7500000       393.303345    
   68.0000000       412.145355    
   68.2500000       433.484558    
   68.5000000       457.025085    
   68.7500000       482.470703    
   69.0000000       509.525330    
   69.2500000       537.893860    
   69.5000000       567.285767    
   69.7500000       597.411255    
   70.0000000       627.981018    
   70.2500000       658.707458    
   70.5000000       689.311462    
   70.7500000       719.515991    
   71.0000000       749.044067    
   71.2500000       777.619812    
   71.5000000       804.972046    
   71.7500000       830.830566    
   72.0000000       854.925354    
   72.2500000       876.986084    
   72.5000000       896.741577    
   72.7500000       913.920410    
   73.0000000       928.251465    
   73.2500000       939.489319    
   73.5000000       947.493896    
   73.7500000       952.150818    
   74.0000000       953.346252    
   74.2500000       951.019836    
   74.5000000       945.327026    
   74.7500000       936.477051    
   75.0000000       924.679199    
   75.2500000       910.170471    
   75.5000000       893.298462    
   75.7500000       874.438232    
   76.0000000       853.965210    
   76.2500000       832.254822    
   76.5000000       809.684326    
   76.7500000       786.631165    
   77.0000000       763.472595    
   77.2500000       740.570129    
   77.5000000       718.220154    
   77.7500000       696.703186    
   78.0000000       676.299561    
   78.2500000       657.256531    
   78.5000000       639.688904    
   78.7500000       623.678345    
   79.0000000       609.306641    
   79.2500000       596.638489    
   79.5000000       585.670288    
   79.7500000       576.381531    
   80.0000000       568.751770    
   80.2500000       562.760254    
   80.5000000       558.385986    
   80.7500000       555.607788    
   81.0000000       554.404541    
   81.2500000       554.750000    
   81.5000000       556.598145    
   81.7500000       559.897888    
   82.0000000       564.598083    
   82.2500000       570.637207    
   82.5000000       577.912354    
   82.7500000       586.310242    
   83.0000000       595.717590    
   83.2500000       606.015686    
   83.5000000       617.065063    
   83.7500000       628.720520    
   84.0000000       640.837280    
   84.2500000       653.270142    
   84.5000000       665.873169    
   84.7500000       678.500244    
   85.0000000       691.005188    
   85.2500000       703.259521    
   85.5000000       715.205261    
   85.7500000       726.801880    
   86.0000000       738.008972    
   86.2500000       748.822205    
   86.5000000       759.382019    
   86.7500000       769.865234    
   87.0000000       780.448120    
   87.2500000       791.326355    
   87.5000000       802.768982    
   87.7500000       815.064331    
   88.0000000       828.500244    
   88.2500000       843.365112    
   88.5000000       859.948364    
   88.7500000       878.539551    
   89.0000000       899.428223    
   89.2500000       922.891296    
   89.5000000       949.154053    
   89.7500000       978.428955    
   90.0000000       1010.92859    
   90.2500000       1046.83899    
   90.5000000       1086.24121    
   90.7500000       1129.18994    
   91.0000000       1175.73938    
   91.2500000       1225.93103    
   91.5000000       1279.75122    
   91.7500000       1337.17310    
   92.0000000       1398.17017    
   92.2500000       1462.71509    
   92.5000000       1530.78149    
   92.7500000       1602.34277    
   93.0000000       1677.37231    
   93.2500000       1755.82336    
   93.5000000       1837.56848    
   93.7500000       1922.45972    
   94.0000000       2010.34912    
   94.2500000       2101.04761    
   94.5000000       2194.19946    
   94.7500000       2289.40625    
   95.0000000       2386.27148    
   95.2500000       2484.37549    
   95.5000000       2583.21484    
   95.7500000       2682.26392    
   96.0000000       2780.99683    
   96.2500000       2878.88794    
   96.5000000       2975.40967    
   96.7500000       3070.03491    
   97.0000000       3162.23584    
   97.2500000       3251.50439    
   97.5000000       3337.41138    
   97.7500000       3419.54712    
   98.0000000       3497.50122    
   98.2500000       3570.90479    
   98.5000000       3639.54858    
   98.7500000       3703.26440    
   99.0000000       3761.88477    
   99.2500000       3815.26074    
   99.5000000       3863.32837    
   99.7500000       3906.04370    
   100.000000       3943.36206    
   100.250000       3975.24023    
   100.500000       4001.63428    
   100.750000       4022.49976    
   101.000000       4037.79224    
   101.250000       4047.49243    
   101.500000       4051.67432    
   101.750000       4050.43726    
   102.000000       4043.87988    
   102.250000       4032.14990    
   102.500000       4015.59106    
   102.750000       3994.59717    
   103.000000       3969.56079    
   103.250000       3940.90015    
   103.500000       3909.13452    
   103.750000       3874.80713    
   104.000000       3838.46167    
   104.250000       3800.64307    
   104.500000       3761.89722    
   104.750000       3722.77100    
   105.000000       3683.81177    
   105.250000       3645.53027    
   105.500000       3608.29468    
   105.750000       3572.43774    
   106.000000       3538.29175    
   106.250000       3506.11523    
   106.500000       3475.87451    
   106.750000       3447.46167    
   107.000000       3420.76855    
   107.250000       3395.64966    
   107.500000       3371.80957    
   107.750000       3348.91357    
   108.000000       3326.62842    
   108.250000       3304.61963    
   108.500000       3282.55078    
   108.750000       3260.08618    
   109.000000       3236.88843    
   109.250000       3212.63770    
   109.500000       3187.08032    
   109.750000       3159.97974    
   110.000000       3131.09839    
   110.250000       3100.23364    
   110.500000       3067.31763    
   110.750000       3032.31714    

