TitleText: Ni(001)-(5x5)-Li     Beam (3/5,0)              Rfac10=0.3118
 "IV exp
   35.2500000       499.354889    
   35.5000000       481.596527    
   35.7500000       462.207642    
   36.0000000       440.372986    
   36.2500000       415.562805    
   36.5000000       388.389832    
   36.7500000       359.752136    
   37.0000000       330.547974    
   37.2500000       301.607422    
   37.5000000       273.488312    
   37.7500000       246.680237    
   38.0000000       221.672958    
   38.2500000       198.857346    
   38.5000000       178.229156    
   38.7500000       159.685364    
   39.0000000       143.122955    
   39.2500000       128.448624    
   39.5000000       115.607880    
   39.7500000       104.555916    
   40.0000000       95.2479553    
   40.2500000       87.6058121    
   40.5000000       81.4177094    
   40.7500000       76.4384842    
   41.0000000       72.4229584    
   41.2500000       69.1721115    
   41.5000000       66.6715164    
   41.7500000       64.9528961    
   42.0000000       64.0479584    
   42.2500000       63.9665260    
   42.5000000       64.6308289    
   42.7500000       65.9411926    
   43.0000000       67.7979584    
   43.2500000       70.1292114    
   43.5000000       72.9741516    
   43.7500000       76.3997421    
   44.0000000       80.4729614    
   44.2500000       85.2571106    
   44.5000000       90.8009415    
   44.7500000       97.1495285    
   45.0000000       104.347961    
   45.2500000       112.488678    
   45.5000000       121.853577    
   45.7500000       132.771912    
   46.0000000       145.572952    
   46.2500000       160.601318    
   46.5000000       178.263123    
   46.7500000       198.979843    
   47.0000000       223.172958    
   47.2500000       251.132858    
   47.5000000       282.625458    
   47.7500000       317.285553    
   48.0000000       354.747955    
   48.2500000       394.669861    
   48.5000000       436.797852    
   48.7500000       480.900879    
   49.0000000       526.747925    
   49.2500000       574.052002    
   49.5000000       622.302124    
   49.7500000       670.931396    
   50.0000000       719.372925    
   50.2500000       767.103088    
   50.5000000       813.771851    
   50.7500000       859.072327    
   51.0000000       902.697937    
   51.2500000       944.416199    
   51.5000000       984.291931    
   51.7500000       1022.46448    
   52.0000000       1059.07300    
   52.2500000       1094.22375    
   52.5000000       1127.89185    
   52.7500000       1160.01917    
   53.0000000       1190.54797    
   53.2500000       1219.39258    
   53.5000000       1246.35681    
   53.7500000       1271.21667    
   54.0000000       1293.74805    
   54.2500000       1313.67297    
   54.5000000       1330.49683    
   54.7500000       1343.67139    
   55.0000000       1352.64795    
   55.2500000       1356.84595    
   55.5000000       1355.55615    
   55.7500000       1348.03723    
   56.0000000       1333.54810    
   56.2500000       1311.51758    
   56.5000000       1282.05713    
   56.7500000       1245.44849    
   57.0000000       1201.97302    
   57.2500000       1152.15967    
   57.5000000       1097.52527    
   57.7500000       1039.83337    
   58.0000000       980.847961    
   58.2500000       922.205383    
   58.5000000       865.032959    
   58.7500000       810.330505    
   59.0000000       759.097961    
   59.2500000       712.201477    
   59.5000000       669.971436    
   59.7500000       632.604736    
   60.0000000       600.297974    
   60.2500000       573.164185    
   60.5000000       550.981628    
   60.7500000       533.444702    
   61.0000000       520.247925    
   61.2500000       511.018982    
   61.5000000       505.117950    
   61.7500000       501.838196    
   62.0000000       500.472961    
   62.2500000       500.392914    
   62.5000000       501.278015    
   62.7500000       502.885620    
   63.0000000       504.972961    
   63.2500000       507.311951    
   63.5000000       509.732697    
   63.7500000       512.079834    
   64.0000000       514.197937    
   64.2500000       515.937622    
   64.5000000       517.172729    
   64.7500000       517.782898    
   65.0000000       517.647949    
   65.2500000       516.650574    
   65.5000000       514.685974    
   65.7500000       511.652374    
   66.0000000       507.447968    
   66.2500000       501.956726    
   66.5000000       495.005463    
   66.7500000       486.406677    
   67.0000000       475.972961    
   67.2500000       463.544647    
   67.5000000       449.073730    
   67.7500000       432.539917    
   68.0000000       413.922974    
   68.2500000       393.284027    
   68.5000000       371.009338    
   68.7500000       347.566437    
   69.0000000       323.422974    
   69.2500000       299.048096    
   69.5000000       274.917450    
   69.7500000       251.508301    
   70.0000000       229.297943    
   70.2500000       208.679413    
   70.5000000       189.708694    
   70.7500000       172.357620    
   71.0000000       156.597961    
   71.2500000       142.390778    
   71.5000000       129.654251    
   71.7500000       118.295822    
   72.0000000       108.222961    
   72.2500000       99.3725891    
   72.5000000       91.7995605    
   72.7500000       85.5882416    
   73.0000000       80.8229523    
   73.2500000       77.5238190    
   73.5000000       75.4539795    
   73.7500000       74.3123856    
   74.0000000       73.7979584    
   74.2500000       73.6538696    
   74.5000000       73.8003616    
   74.7500000       74.2018967    
   75.0000000       74.8229523    
   75.2500000       75.6312332    
   75.5000000       76.6072998    
   75.7500000       77.7349396    
   76.0000000       78.9979553    
   76.2500000       80.3366699    
   76.5000000       81.5175629    
   76.7500000       82.2636490    
   77.0000000       82.2979584    
   77.2500000       81.4578705    
   77.5000000       80.0383224    
   77.7500000       78.4485855    
   78.0000000       77.0979614    
   78.2500000       76.3019943    
   78.5000000       76.0012665    
   78.7500000       76.0426483    
   79.0000000       76.2729568    
   79.2500000       76.5515976    
   79.5000000       76.7880859    
   79.7500000       76.9045181    
   80.0000000       76.8229523    
   80.2500000       76.5324936    
   80.5000000       76.2903519    
   80.7500000       76.4207611    
   81.0000000       77.2479553    
   81.2500000       78.9952087    
   81.5000000       81.4819717    
   81.7500000       84.4267273    
   82.0000000       87.5479584    
   82.2500000       90.5915833    
   82.5000000       93.4132385    
   82.7500000       95.8960114    
   83.0000000       97.9229584    
   83.2500000       99.4394836    
   83.5000000       100.640305    
   83.7500000       101.782448    
   84.0000000       103.122955    
   84.2500000       104.946037    
   84.5000000       107.644547    
   84.7500000       111.638504    
   85.0000000       117.347946    
   85.2500000       125.101608    
   85.5000000       134.863007    
   85.7500000       146.504379    
   86.0000000       159.897949    
   86.2500000       174.871948    
   86.5000000       191.078629    
   86.7500000       208.126221    
   87.0000000       225.622955    
   87.2500000       243.254547    
   87.5000000       261.016449    
   87.7500000       278.981598    
   88.0000000       297.222961    
   88.2500000       315.800354    
   88.5000000       334.721466    
   88.7500000       353.980804    
   89.0000000       373.572968    
   89.2500000       393.495819    
   89.5000000       413.760468    
   89.7500000       434.381348    
   90.0000000       455.372955    
   90.2500000       476.752960    
   90.5000000       498.552521    
   90.7500000       520.806030    
   91.0000000       543.547913    
   91.2500000       566.767090    
   91.5000000       590.270203    
   91.7500000       613.818420    
   92.0000000       637.172913    
   92.2500000       660.161560    
   92.5000000       682.879150    
   92.7500000       705.487366    
   93.0000000       728.147888    
   93.2500000       750.984009    
   93.5000000       773.966125    
   93.7500000       797.026733    
   94.0000000       820.097961    
   94.2500000       843.087402    
   94.5000000       865.803162    
   94.7500000       888.028809    
   95.0000000       909.547913    
   95.2500000       930.188232    
   95.5000000       949.955688    
   95.7500000       968.900513    
   96.0000000       987.072937    
   96.2500000       1004.45734    
   96.5000000       1020.77417    
   96.7500000       1035.67786    
   97.0000000       1048.82300    
   97.2500000       1059.91809    
   97.5000000       1068.88855    
   97.7500000       1075.71375    
   98.0000000       1080.37305    
   98.2500000       1082.89111    
   98.5000000       1083.47229    
   98.7500000       1082.36633    
   99.0000000       1079.82300    
   99.2500000       1076.07043    
   99.5000000       1071.25110    
   99.7500000       1065.48645    
   100.000000       1058.89795    
   100.250000       1051.57251    
   100.500000       1043.46130    
   100.750000       1034.48071    
   101.000000       1024.54797    
   101.250000       1013.60785    
   101.500000       1001.71973    
   101.750000       988.970581    
   102.000000       975.447998    
   102.250000       961.259277    
   102.500000       946.591553    
   102.750000       931.652100    
   103.000000       916.647949    
   103.250000       901.779297    
   103.500000       887.217529    
   103.750000       873.127197    
   104.000000       859.672913    
   104.250000       847.010254    
   104.500000       835.260315    
   104.750000       824.535461    
   105.000000       814.947937    
   105.250000       806.555176    
   105.500000       799.194397    
   105.750000       792.647888    
   106.000000       786.697937    
   106.250000       781.167664    
   106.500000       776.043518    
   106.750000       771.352783    
   107.000000       767.122925    
   107.250000       763.395874    
   107.500000       760.272400    
   107.750000       757.867920    
   108.000000       756.297913    
   108.250000       755.587158    
   108.500000       755.398132    
   108.750000       755.302795    
   109.000000       754.872925    
   109.250000       753.692200    
   109.500000       751.391235    
   109.750000       747.612305    
   110.000000       741.997925    
   110.250000       734.283569    
   110.500000       724.577698    
   110.750000       713.081909    
   111.000000       699.997925    
   111.250000       685.544250    
   111.500000       670.007446    
   111.750000       653.690918    
   112.000000       636.897949    
   112.250000       619.827271    
   112.500000       602.258179    
   112.750000       583.865234    
   113.000000       564.322937    
   113.250000       543.424133    
   113.500000       521.434937    
   113.750000       498.739746    
   114.000000       475.722992    
   114.250000       452.743561    
   114.500000       430.058594    
   114.750000       407.899536    
   115.000000       386.497955    
   115.250000       366.087006    
   115.500000       346.906067    
   115.750000       329.196075    
   116.000000       313.197968    
   116.250000       299.211365    
   116.500000       287.770569    
   116.750000       279.468445    
   117.000000       274.897949    
   117.250000       274.223602    
   117.500000       275.896301    
   117.750000       277.938599    
   118.000000       278.372955    
   118.250000       275.601105    
   118.500000       269.541321    
   118.750000       260.491119    
   119.000000       248.747955    
   119.250000       234.905487    
   119.500000       220.741821    
   119.750000       208.331223    
   120.000000       199.747940    
   120.250000       196.361923    
   120.500000       196.725967    
   120.750000       198.688492    
   121.000000       200.097946    
   121.250000       199.113708    
   121.500000       195.138840    
   121.750000       187.887283    
   122.000000       177.072952    
   122.250000       163.029846    
   122.500000       148.571960    
   122.750000       137.133331    
   123.000000       132.147949    
   123.250000       136.305786    
   123.500000       149.320389    
   123.750000       170.161270    
   124.000000       197.797958    
   124.250000       231.066025    
   124.500000       268.265503    
   124.750000       307.562439    
   125.000000       347.122955    
   125.250000       385.691254    
   125.500000       424.324127    
   125.750000       464.656433    
   126.000000       508.322968    
   126.250000       556.667969    
   126.500000       609.872559    
   126.750000       667.827393    
   127.000000       730.422913    
   127.250000       797.405884    
   127.500000       867.948181    
   127.750000       941.077881    
   128.000000       1015.82294    
   128.250000       1091.44495    
   128.500000       1168.13794    
   128.750000       1246.32983    
   129.000000       1326.44800    
   129.250000       1408.84216    
   129.500000       1493.55029    
   129.750000       1580.53235    
   130.000000       1669.74805    
   130.250000       1761.02246    
   130.500000       1853.63965    
   130.750000       1946.74854    
   131.000000       2039.49805    
   131.250000       2130.99658    
   131.500000       2220.18872    
   131.750000       2305.97974    
   132.000000       2387.27319    
   132.250000       2463.14966    
   132.500000       2533.39331    
   132.750000       2597.96436    
   133.000000       2656.82300    
   133.250000       2710.12036    
   133.500000       2758.77295    
   133.750000       2803.88794    
   134.000000       2846.57300    
   134.250000       2887.80151    
   134.500000       2928.01221    
   134.750000       2967.50928    
   135.000000       3006.59814    
   135.250000       3045.48706    
   135.500000       3083.99854    
   135.750000       3121.86035    
   136.000000       3158.79810    
   136.250000       3194.54028    
   136.500000       3228.81934    
   136.750000       3261.36914    
   137.000000       3291.92285    
   137.250000       3320.17700    
   137.500000       3345.67480    
   137.750000       3367.92163    
   138.000000       3386.42310    
   138.250000       3400.82861    
   138.500000       3411.36060    
   138.750000       3418.38647    
   139.000000       3422.27295    
   139.250000       3423.49097    
   139.500000       3422.93018    
   139.750000       3421.58447    
   140.000000       3420.44800    
   140.250000       3419.56738    
   140.500000       3415.20044    
   140.750000       3402.65723    
   141.000000       3377.24805    
   141.250000       3335.14258    
   141.500000       3275.94678    
   141.750000       3200.12671    
   142.000000       3108.14819    
   142.250000       3001.95020    
   142.500000       2889.36646    
   142.750000       2779.70483    
   143.000000       2682.27295    
   143.250000       2604.49512    
   143.500000       2546.26318    
   143.750000       2505.58618    
   144.000000       2480.47290    
   144.250000       2468.51562    
   144.500000       2465.64282    
   144.750000       2467.36646    
   145.000000       2469.19800    
   145.250000       2467.58032    
   145.500000       2462.67798    
   145.750000       2455.58521    

 "IV theory
   35.2500000       440.758118    
   35.5000000       421.323151    
   35.7500000       401.689056    
   36.0000000       382.043762    
   36.2500000       362.575562    
   36.5000000       343.473236    
   36.7500000       324.925964    
   37.0000000       307.122772    
   37.2500000       290.241272    
   37.5000000       274.413239    
   37.7500000       259.758942    
   38.0000000       246.398560    
   38.2500000       234.428940    
   38.5000000       223.852646    
   38.7500000       214.648758    
   39.0000000       206.796402    
   39.2500000       200.262604    
   39.5000000       194.965988    
   39.7500000       190.813126    
   40.0000000       187.710602    
   40.2500000       185.564850    
   40.5000000       184.281754    
   40.7500000       183.767197    
   41.0000000       183.926956    
   41.2500000       184.669601    
   41.5000000       185.914612    
   41.7500000       187.584244    
   42.0000000       189.600769    
   42.2500000       191.891953    
   42.5000000       194.407913    
   42.7500000       197.104263    
   43.0000000       199.936615    
   43.2500000       202.863525    
   43.5000000       205.854980    
   43.7500000       208.883774    
   44.0000000       211.922867    
   44.2500000       214.945099    
   44.5000000       217.923309    
   44.7500000       220.830444    
   45.0000000       223.639420    
   45.2500000       226.325256    
   45.5000000       228.871658    
   45.7500000       231.264435    
   46.0000000       233.489410    
   46.2500000       235.536865    
   46.5000000       237.414871    
   46.7500000       239.135971    
   47.0000000       240.712631    
   47.2500000       242.159744    
   47.5000000       243.501083    
   47.7500000       244.762894    
   48.0000000       245.971329    
   48.2500000       247.152573    
   48.5000000       248.333099    
   48.7500000       249.539413    
   49.0000000       250.797974    
   49.2500000       252.131119    
   49.5000000       253.544693    
   49.7500000       255.040375    
   50.0000000       256.619812    
   50.2500000       258.276245    
   50.5000000       259.968842    
   50.7500000       261.648285    
   51.0000000       263.265289    
   51.2500000       264.766296    
   51.5000000       266.080139    
   51.7500000       267.131531    
   52.0000000       267.845032    
   52.2500000       268.145172    
   52.5000000       267.956085    
   52.7500000       267.201782    
   53.0000000       265.806335    
   53.2500000       263.700989    
   53.5000000       260.846283    
   53.7500000       257.209930    
   54.0000000       252.759567    
   54.2500000       247.478088    
   54.5000000       241.407883    
   54.7500000       234.606537    
   55.0000000       227.131516    
   55.2500000       219.048019    
   55.5000000       210.451935    
   55.7500000       201.446823    
   56.0000000       192.136230    
   56.2500000       182.623901    
   56.5000000       173.013855    
   56.7500000       163.410339    
   57.0000000       153.917542    
   57.2500000       144.634872    
   57.5000000       135.642609    
   57.7500000       127.016197    
   58.0000000       118.831108    
   58.2500000       111.152992    
   58.5000000       104.008324    
   58.7500000       97.4137192    
   59.0000000       91.3858261    
   59.2500000       85.9362335    
   59.5000000       81.0563660    
   59.7500000       76.7326050    
   60.0000000       72.9512939    
   60.2500000       69.6987915    
   60.5000000       66.9613037    
   60.7500000       64.7250214    
   61.0000000       62.9761124    
   61.2500000       61.6993752    
   61.5000000       60.8740387    
   61.7500000       60.4779205    
   62.0000000       60.4888382    
   62.2500000       60.8817444    
   62.5000000       61.6200027    
   62.7500000       62.6640778    
   63.0000000       63.9744301    
   63.2500000       65.5100861    
   63.5000000       67.2241135    
   63.7500000       69.0681381    
   64.0000000       70.9937820    
   64.2500000       72.9526215    
   64.5000000       74.8960648    
   64.7500000       76.7754974    
   65.0000000       78.5422974    
   65.2500000       80.1510773    
   65.5000000       81.5694122    
   65.7500000       82.7681274    
   66.0000000       83.7180328    
   66.2500000       84.3965988    
   66.5000000       84.8079147    
   66.7500000       84.9627075    
   67.0000000       84.8717270    
   67.2500000       84.5491257    
   67.5000000       84.0227203    
   67.7500000       83.3237381    
   68.0000000       82.4834366    
   68.2500000       81.5330963    
   68.5000000       80.5041351    
   68.7500000       79.4280243    
   69.0000000       78.3362503    
   69.2500000       77.2591095    
   69.5000000       76.2222595    
   69.7500000       75.2501678    
   70.0000000       74.3673401    
   70.2500000       73.5958633    
   70.5000000       72.9483643    
   70.7500000       72.4350510    
   71.0000000       72.0661621    
   71.2500000       71.8507004    
   71.5000000       71.7927856    
   71.7500000       71.8953094    
   72.0000000       72.1611557    
   72.2500000       72.5932159    
   72.5000000       73.1943207    
   72.7500000       73.9673157    
   73.0000000       74.9150314    
   73.2500000       76.0402374    
   73.5000000       77.3455582    
   73.7500000       78.8335571    
   74.0000000       80.5067749    
   74.2500000       82.3676834    
   74.5000000       84.4183350    
   74.7500000       86.6606903    
   75.0000000       89.0967331    
   75.2500000       91.7283325    
   75.5000000       94.5572281    
   75.7500000       97.5850372    
   76.0000000       100.813431    
   76.2500000       104.244064    
   76.5000000       107.878593    
   76.7500000       111.718689    
   77.0000000       115.766006    
   77.2500000       120.021835    
   77.5000000       124.485733    
   77.7500000       129.156967    
   78.0000000       134.034668    
   78.2500000       139.117218    
   78.5000000       144.399582    
   78.7500000       149.875854    
   79.0000000       155.540161    
   79.2500000       161.386169    
   79.5000000       167.405853    
   79.7500000       173.590714    
   80.0000000       179.932236    
   80.2500000       186.421951    
   80.5000000       193.051315    
   80.7500000       199.811783    
   81.0000000       206.694809    
   81.2500000       213.692505    
   81.5000000       220.799438    
   81.7500000       228.010941    
   82.0000000       235.322189    
   82.2500000       242.729767    
   82.5000000       250.235413    
   82.7500000       257.842102    
   83.0000000       265.552917    
   83.2500000       273.371552    
   83.5000000       281.304382    
   83.7500000       289.358429    
   84.0000000       297.540802    
   84.2500000       305.858459    
   84.5000000       314.318481    
   84.7500000       322.927917    
   85.0000000       331.693787    
   85.2500000       340.623871    
   85.5000000       349.728668    
   85.7500000       359.019470    
   86.0000000       368.507629    
   86.2500000       378.205750    
   86.5000000       388.132446    
   86.7500000       398.307739    
   87.0000000       408.751556    
   87.2500000       419.484650    
   87.5000000       430.530731    
   87.7500000       441.914307    
   88.0000000       453.659698    
   88.2500000       465.791412    
   88.5000000       478.334106    
   88.7500000       491.312286    
   89.0000000       504.750610    
   89.2500000       518.671631    
   89.5000000       533.090149    
   89.7500000       548.018860    
   90.0000000       563.470764    
   90.2500000       579.454285    
   90.5000000       595.962524    
   90.7500000       612.983826    
   91.0000000       630.507019    
   91.2500000       648.518372    
   91.5000000       666.996399    
   91.7500000       685.917053    
   92.0000000       705.256470    
   92.2500000       724.990906    
   92.5000000       745.096497    
   92.7500000       765.549622    
   93.0000000       786.326416    
   93.2500000       807.398438    
   93.5000000       828.717712    
   93.7500000       850.231689    
   94.0000000       871.887695    
   94.2500000       893.623291    
   94.5000000       915.335876    
   94.7500000       936.913391    
   95.0000000       958.243347    
   95.2500000       979.208618    
   95.5000000       999.671448    
   95.7500000       1019.48938    
   96.0000000       1038.51953    
   96.2500000       1056.61902    
   96.5000000       1073.64453    
   96.7500000       1089.45251    
   97.0000000       1103.89905    
   97.2500000       1116.85437    
   97.5000000       1128.24390    
   97.7500000       1138.00635    
   98.0000000       1146.08093    
   98.2500000       1152.43494    
   98.5000000       1157.14844    
   98.7500000       1160.33057    
   99.0000000       1162.09009    
   99.2500000       1162.55042    
   99.5000000       1161.89221    
   99.7500000       1160.31177    
   100.000000       1158.00500    
   100.250000       1155.16736    
   100.500000       1151.99658    
   100.750000       1148.68933    
   101.000000       1145.44312    
   101.250000       1142.44128    
   101.500000       1139.81213    
   101.750000       1137.66992    
   102.000000       1136.12915    
   102.250000       1135.27625    
   102.500000       1135.08374    
   102.750000       1135.49622    
   103.000000       1136.45825    
   103.250000       1137.90027    
   103.500000       1139.69385    
   103.750000       1141.69678    
   104.000000       1143.76611    
   104.250000       1145.75916    
   104.500000       1147.53235    
   104.750000       1148.94214    
   105.000000       1149.84460    
   105.250000       1150.10352    
   105.500000       1149.61292    
   105.750000       1148.27356    
   106.000000       1145.98682    
   106.250000       1142.66895    
   106.500000       1138.29785    
   106.750000       1132.86633    
   107.000000       1126.36755    
   107.250000       1118.80200    
   107.500000       1110.20190    
   107.750000       1100.60791    
   108.000000       1090.05994    
   108.250000       1078.59827    
   108.500000       1066.26331    
   108.750000       1053.09546    
   109.000000       1039.13513    
   109.250000       1024.42664    
   109.500000       1009.02948    
   109.750000       993.007141    
   110.000000       976.423218    
   110.250000       959.349060    
   110.500000       941.887756    
   110.750000       924.150757    
   111.000000       906.248962    
   111.250000       888.297791    
   111.500000       870.428772    
   111.750000       852.776917    
   112.000000       835.478149    
   112.250000       818.667908    
   112.500000       802.482483    
   112.750000       787.058167    
   113.000000       772.531555    
   113.250000       759.024231    
   113.500000       746.599365    
   113.750000       735.305054    
   114.000000       725.189697    
   114.250000       716.271423    
   114.500000       708.447693    
   114.750000       701.585754    
   115.000000       695.552673    
   115.250000       690.200439    
   115.500000       685.318848    
   115.750000       680.682373    
   116.000000       676.065491    
   116.250000       671.242371    
   116.500000       665.985962    
   116.750000       660.069275    
   117.000000       653.264771    
   117.250000       645.363098    
   117.500000       636.224976    
   117.750000       625.728943    
   118.000000       613.753784    
   118.250000       600.213928    
   118.500000       585.168823    
   118.750000       568.713989    
   119.000000       550.944885    
   119.250000       531.975586    
   119.500000       511.994507    
   119.750000       491.208557    
   120.000000       469.824707    
   120.250000       448.050140    
   120.500000       426.092834    
   120.750000       404.160889    
   121.000000       382.462555    
   121.250000       361.200806    
   121.500000       340.558441    
   121.750000       320.713043    
   122.000000       301.842224    
   122.250000       284.113251    
   122.500000       267.651917    
   122.750000       252.573654    
   123.000000       238.993820    
   123.250000       227.022583    
   123.500000       216.748596    
   123.750000       208.255264    
   124.000000       201.625992    
   124.250000       196.944107    
   124.500000       194.292877    
   124.750000       193.755447    
   125.000000       195.415070    
   125.250000       199.353333    
   125.500000       205.645615    
   125.750000       214.365753    
   126.000000       225.587509    
   126.250000       239.381500    
   126.500000       255.805374    
   126.750000       274.913574    
   127.000000       296.760529    
   127.250000       321.398956    
   127.500000       348.874847    
   127.750000       379.232361    
   128.000000       412.515747    
   128.250000       448.769440    
   128.500000       488.038208    
   128.750000       530.367065    
   129.000000       575.801147    
   129.250000       624.367981    
   129.500000       676.026184    
   129.750000       730.716797    
   130.000000       788.381042    
   130.250000       848.924438    
   130.500000       912.110168    
   130.750000       977.665588    
   131.000000       1045.31824    
   131.250000       1114.77747    
   131.500000       1185.67932    
   131.750000       1257.64172    
   132.000000       1330.28308    
   132.250000       1403.22046    
   132.500000       1476.07080    
   132.750000       1548.45032    
   133.000000       1619.97485    
   133.250000       1690.27588    
   133.500000       1759.04443    
   133.750000       1825.98547    
   134.000000       1890.80481    
   134.250000       1953.23914    
   134.500000       2013.14551    
   134.750000       2070.41357    
   135.000000       2124.93164    
   135.250000       2176.60400    
   135.500000       2225.39746    
   135.750000       2271.29541    
   136.000000       2314.28101    
   136.250000       2354.33618    
   136.500000       2391.44556    
   136.750000       2425.59155    
   137.000000       2456.75806    
   137.250000       2484.93188    
   137.500000       2510.11279    
   137.750000       2532.30444    
   138.000000       2551.51025    
   138.250000       2567.74023    
   138.500000       2581.03223    
   138.750000       2591.43066    
   139.000000       2598.98120    
   139.250000       2603.73096    
   139.500000       2605.74292    
   139.750000       2605.08301    
   140.000000       2601.81689    
   140.250000       2596.01074    
   140.500000       2587.73120    
   140.750000       2577.04272    
   141.000000       2564.01196    
   141.250000       2548.70972    
   141.500000       2531.22461    
   141.750000       2511.65039    
   142.000000       2490.08081    
   142.250000       2466.61914    
   142.500000       2441.40625    
   142.750000       2414.59302    
   143.000000       2386.33057    
   143.250000       2356.77417    
   143.500000       2326.09961    
   143.750000       2294.48608    
   144.000000       2262.11450    
   144.250000       2229.16479    
   144.500000       2195.81714    
   144.750000       2162.25195    
   145.000000       2128.64966    
   145.250000       2095.19214    
   145.500000       2062.06982    
   145.750000       2029.47412    

