TitleText: Ni(001)-(5x5)-Li     Beam (4/5,0)              Rfac10=0.9072
 "IV exp
   40.2500000       181.396973    
   40.5000000       203.040924    
   40.7500000       225.959625    
   41.0000000       250.790390    
   41.2500000       277.953186    
   41.5000000       306.998138    
   41.7500000       337.257965    
   42.0000000       368.065369    
   42.2500000       398.764282    
   42.5000000       428.743225    
   42.7500000       457.402039    
   43.0000000       484.140381    
   43.2500000       508.337524    
   43.5000000       529.290039    
   43.7500000       546.273987    
   44.0000000       558.565369    
   44.2500000       565.586914    
   44.5000000       567.348267    
   44.7500000       564.005615    
   45.0000000       555.715393    
   45.2500000       542.789917    
   45.5000000       526.165527    
   45.7500000       506.934875    
   46.0000000       486.190369    
   46.2500000       464.974426    
   46.5000000       444.128845    
   46.7500000       424.445190    
   47.0000000       406.715393    
   47.2500000       391.696167    
   47.5000000       380.005310    
   47.7500000       372.225708    
   48.0000000       368.940369    
   48.2500000       370.659424    
   48.5000000       377.601746    
   48.7500000       389.913330    
   49.0000000       407.740417    
   49.2500000       431.253418    
   49.5000000       460.720886    
   49.7500000       496.435547    
   50.0000000       538.690369    
   50.2500000       587.769958    
   50.5000000       643.925903    
   50.7500000       707.401611    
   51.0000000       778.440369    
   51.2500000       857.293701    
   51.5000000       944.245850    
   51.7500000       1039.58899    
   52.0000000       1143.61548    
   52.2500000       1256.51196    
   52.5000000       1378.04260    
   52.7500000       1507.86572    
   53.0000000       1645.64038    
   53.2500000       1791.15247    
   53.5000000       1944.70142    
   53.7500000       2106.71338    
   54.0000000       2277.61548    
   54.2500000       2457.90674    
   54.5000000       2648.37573    
   54.7500000       2849.88330    
   55.0000000       3063.29053    
   55.2500000       3288.88110    
   55.5000000       3524.62939    
   55.7500000       3767.93311    
   56.0000000       4016.19043    
   56.2500000       4266.30176    
   56.5000000       4513.18115    
   56.7500000       4751.24609    
   57.0000000       4974.91504    
   57.2500000       5178.58350    
   57.5000000       5356.56055    
   57.7500000       5503.13330    
   58.0000000       5612.59033    
   58.2500000       5680.42041    
   58.5000000       5706.92285    
   58.7500000       5693.59570    
   59.0000000       5641.94043    
   59.2500000       5554.05713    
   59.5000000       5434.44824    
   59.7500000       5288.21680    
   60.0000000       5120.46582    
   60.2500000       4935.99170    
   60.5000000       4738.36572    
   60.7500000       4530.85254    
   61.0000000       4316.71582    
   61.2500000       4099.03125    
   61.5000000       3880.11743    
   61.7500000       3662.10278    
   62.0000000       3447.11548    
   62.2500000       3236.94360    
   62.5000000       3032.01050    
   62.7500000       2832.39868    
   63.0000000       2638.19043    
   63.2500000       2449.59497    
   63.5000000       2267.32959    
   63.7500000       2092.23828    
   64.0000000       1925.16541    
   64.2500000       1766.86926    
   64.5000000       1617.76672    
   64.7500000       1478.18835    
   65.0000000       1348.46533    
   65.2500000       1228.73242    
   65.5000000       1118.33960    
   65.7500000       1016.44098    
   66.0000000       922.190369    
   66.2500000       834.828674    
   66.5000000       753.944946    
   66.7500000       679.215210    
   67.0000000       610.315369    
   67.2500000       547.039978    
   67.5000000       489.657104    
   67.7500000       438.553345    
   68.0000000       394.115417    
   68.2500000       356.718628    
   68.5000000       326.693970    
   68.7500000       304.361328    
   69.0000000       290.040405    
   69.2500000       283.910370    
   69.5000000       285.587463    
   69.7500000       294.547272    
   70.0000000       310.265381    
   70.2500000       332.125641    
   70.5000000       359.145355    
   70.7500000       390.250061    
   71.0000000       424.365356    
   71.2500000       460.497681    
   71.5000000       497.976501    
   71.7500000       536.212280    
   72.0000000       574.615417    
   72.2500000       612.652893    
   72.5000000       650.018921    
   72.7500000       686.464478    
   73.0000000       721.740417    
   73.2500000       755.604309    
   73.5000000       787.840149    
   73.7500000       818.238647    
   74.0000000       846.590393    
   74.2500000       872.704834    
   74.5000000       896.465942    
   74.7500000       917.776917    
   75.0000000       936.540405    
   75.2500000       952.647034    
   75.5000000       965.938293    
   75.7500000       976.243042    
   76.0000000       983.390381    
   76.2500000       987.344238    
   76.5000000       988.607605    
   76.7500000       987.818665    
   77.0000000       985.615356    
   77.2500000       982.575439    
   77.5000000       979.036011    
   77.7500000       975.273682    
   78.0000000       971.565369    
   78.2500000       968.119202    
   78.5000000       964.868774    
   78.7500000       961.679077    
   79.0000000       958.415344    
   79.2500000       954.987305    
   79.5000000       951.484314    
   79.7500000       948.040588    
   80.0000000       944.790344    
   80.2500000       941.824524    
   80.5000000       939.061218    
   80.7500000       936.374939    
   81.0000000       933.640381    
   81.2500000       930.761658    
   81.5000000       927.760132    
   81.7500000       924.686157    
   82.0000000       921.590393    
   82.2500000       918.492065    
   82.5000000       915.284546    
   82.7500000       911.829956    
   83.0000000       907.990356    
   83.2500000       903.637817    
   83.5000000       898.684509    
   83.7500000       893.052917    
   84.0000000       886.665344    
   84.2500000       879.505920    
   84.5000000       871.806946    
   84.7500000       863.862122    
   85.0000000       855.965393    
   85.2500000       848.326111    
   85.5000000       840.814392    
   85.7500000       833.215637    
   86.0000000       825.315369    
   86.2500000       816.889343    
   86.5000000       807.674683    
   86.7500000       797.399170    
   87.0000000       785.790344    
   87.2500000       772.668640    
   87.5000000       758.225830    
   87.7500000       742.746582    
   88.0000000       726.515381    
   88.2500000       709.814270    
   88.5000000       692.914307    
   88.7500000       676.083557    
   89.0000000       659.590393    
   89.2500000       643.698547    
   89.5000000       628.653259    
   89.7500000       614.695312    
   90.0000000       602.065369    
   90.2500000       590.995239    
   90.5000000       581.680664    
   90.7500000       574.308472    
   91.0000000       569.065369    
   91.2500000       566.080322    
   91.5000000       565.250671    
   91.7500000       566.415894    
   92.0000000       569.415405    
   92.2500000       574.081116    
   92.5000000       580.215027    
   92.7500000       587.611694    
   93.0000000       596.065369    
   93.2500000       605.375732    
   93.5000000       615.362549    
   93.7500000       625.850830    
   94.0000000       636.665344    
   94.2500000       647.626099    
   94.5000000       658.533081    
   94.7500000       669.181213    
   95.0000000       679.365356    
   95.2500000       688.878662    
   95.5000000       697.506531    
   95.7500000       705.032593    
   96.0000000       711.240356    
   96.2500000       715.901794    
   96.5000000       718.742371    
   96.7500000       719.475586    
   97.0000000       717.815369    
   97.2500000       713.489807    
   97.5000000       706.285095    
   97.7500000       696.001770    
   98.0000000       682.440369    
   98.2500000       665.454163    
   98.5000000       645.106384    
   98.7500000       621.513123    
   99.0000000       594.790344    
   99.2500000       565.133972    
   99.5000000       533.059692    
   99.7500000       499.163269    
   100.000000       464.040405    
   100.250000       428.280334    
   100.500000       392.447021    
   100.750000       357.097870    
   101.000000       322.790405    
   101.250000       290.073303    
   101.500000       259.460175    
   101.750000       231.455933    
   102.000000       206.565384    
   102.250000       185.212601    
   102.500000       167.498352    
   102.750000       153.442627    
   103.000000       143.065384    
   103.250000       136.265900    
   103.500000       132.460587    
   103.750000       130.945190    
   104.000000       131.015381    
   104.250000       132.073929    
   104.500000       133.951584    
   104.750000       136.586136    
   105.000000       139.915390    
   105.250000       143.889679    
   105.500000       148.509750    
   105.750000       153.788879    
   106.000000       159.740387    
   106.250000       166.366287    
   106.500000       173.623596    
   106.750000       181.458038    
   107.000000       189.815384    
   107.250000       198.685135    
   107.500000       208.231934    
   107.750000       218.664215    
   108.000000       230.190384    
   108.250000       243.022202    
   108.500000       257.384705    
   108.750000       273.506348    
   109.000000       291.615387    
   109.250000       311.938660    
   109.500000       334.696442    
   109.750000       360.107483    
   110.000000       388.390381    
   110.250000       419.670959    
   110.500000       453.703064    
   110.750000       490.147583    
   111.000000       528.665405    
   111.250000       568.949097    
   111.500000       610.817993    
   111.750000       654.123108    
   112.000000       698.715393    
   112.250000       744.498779    
   112.500000       791.589050    
   112.750000       840.154968    
   113.000000       890.365356    
   113.250000       942.320251    
   113.500000       995.846008    
   113.750000       1050.70020    
   114.000000       1106.64038    
   114.250000       1163.52002    
   114.500000       1221.57520    
   114.750000       1281.13818    
   115.000000       1342.54041    
   115.250000       1406.10474    
   115.500000       1472.11707    
   115.750000       1540.85352    
   116.000000       1612.59045    
   116.250000       1687.52856    
   116.500000       1765.56470    
   116.750000       1846.52002    
   117.000000       1930.21545    
   117.250000       2016.48413    
   117.500000       2105.20728    
   117.750000       2196.27832    
   118.000000       2289.59033    
   118.250000       2384.85205    
   118.500000       2481.03271    
   118.750000       2576.91724    
   119.000000       2671.29028    
   119.250000       2763.25269    
   119.500000       2853.16968    
   119.750000       2941.72144    
   120.000000       3029.59033    
   120.250000       3117.38550    
   120.500000       3205.43408    
   120.750000       3293.99219    
   121.000000       3383.31543    
   121.250000       3473.25708    
   121.500000       3562.05811    
   121.750000       3647.55640    
   122.000000       3727.59033    
   122.250000       3800.43433    
   122.500000       3866.11035    
   122.750000       3925.07666    
   123.000000       3977.79053    
   123.250000       4024.70630    
   123.500000       4066.25537    
   123.750000       4102.86572    
   124.000000       4134.96533    
   124.250000       4162.79834    
   124.500000       4185.88232    
   124.750000       4203.55127    
   125.000000       4215.14014    
   125.250000       4220.13086    
   125.500000       4218.59424    
   125.750000       4210.74951    
   126.000000       4196.81543    
   126.250000       4177.02637    
   126.500000       4151.68213    
   126.750000       4121.09814    
   127.000000       4085.59058    
   127.250000       4045.43384    
   127.500000       4000.74146    
   127.750000       3951.58643    
   128.000000       3898.04053    
   128.250000       3840.33911    
   128.500000       3779.36353    
   128.750000       3716.15796    
   129.000000       3651.76562    
   129.250000       3587.01611    
   129.500000       3521.88159    
   129.750000       3456.12061    
   130.000000       3389.49048    
   130.250000       3321.65332    
   130.500000       3251.88403    
   130.750000       3179.36182    
   131.000000       3103.26538    
   131.250000       3022.97485    
   131.500000       2938.67773    
   131.750000       2850.76196    
   132.000000       2759.61548    
   132.250000       2665.80762    
   132.500000       2570.62891    
   132.750000       2475.54956    
   133.000000       2382.04053    
   133.250000       2291.44995    
   133.500000       2204.63477    
   133.750000       2122.32837    
   134.000000       2045.26538    
   134.250000       1973.69507    
   134.500000       1905.93115    
   134.750000       1839.80310    
   135.000000       1773.14038    
   135.250000       1704.26562    
   135.500000       1633.47375    
   135.750000       1561.55261    
   136.000000       1489.29053    
   136.250000       1417.46191    
   136.500000       1346.78845    
   136.750000       1277.97852    
   137.000000       1211.74048    
   137.250000       1148.64270    
   137.500000       1088.69348    
   137.750000       1031.76160    
   138.000000       977.715332    
   138.250000       926.292603    
   138.500000       876.708130    
   138.750000       828.046021    
   139.000000       779.390381    
   139.250000       729.642883    
   139.500000       676.975586    
   139.750000       619.378174    
   140.000000       554.840393    
   140.250000       482.059753    
   140.500000       402.566101    
   140.750000       318.597107    

 "IV theory
   40.2500000       1721.28162    
   40.5000000       1677.62097    
   40.7500000       1629.20850    
   41.0000000       1576.34583    
   41.2500000       1519.34839    
   41.5000000       1458.58606    
   41.7500000       1394.44287    
   42.0000000       1327.30286    
   42.2500000       1257.57812    
   42.5000000       1185.79456    
   42.7500000       1112.50647    
   43.0000000       1038.26843    
   43.2500000       963.649170    
   43.5000000       889.275513    
   43.7500000       815.788574    
   44.0000000       743.829529    
   44.2500000       674.040161    
   44.5000000       607.064148    
   44.7500000       543.545959    
   45.0000000       484.129913    
   45.2500000       429.412750    
   45.5000000       379.801086    
   45.7500000       335.653839    
   46.0000000       297.330078    
   46.2500000       265.091187    
   46.5000000       238.807587    
   46.7500000       218.252121    
   47.0000000       203.197632    
   47.2500000       193.366806    
   47.5000000       188.281647    
   47.7500000       187.414185    
   48.0000000       190.236252    
   48.2500000       196.219162    
   48.5000000       204.831650    
   48.7500000       215.541702    
   49.0000000       227.817368    
   49.2500000       241.152985    
   49.5000000       255.147980    
   49.7500000       269.428101    
   50.0000000       283.619080    
   50.2500000       297.400421    
   50.5000000       310.666687    
   50.7500000       323.366302    
   51.0000000       335.447540    
   51.2500000       346.886414    
   51.5000000       357.769440    
   51.7500000       368.210693    
   52.0000000       378.324371    
   52.2500000       388.224854    
   52.5000000       398.027954    
   52.7500000       407.849823    
   53.0000000       417.806427    
   53.2500000       428.002502    
   53.5000000       438.497009    
   53.7500000       449.337372    
   54.0000000       460.571136    
   54.2500000       472.222382    
   54.5000000       484.221710    
   54.7500000       496.476349    
   55.0000000       508.893494    
   55.2500000       521.368408    
   55.5000000       533.748352    
   55.7500000       545.868774    
   56.0000000       557.565063    
   56.2500000       568.672180    
   56.5000000       579.024292    
   56.7500000       588.455017    
   57.0000000       596.798035    
   57.2500000       603.907410    
   57.5000000       609.717651    
   57.7500000       614.183655    
   58.0000000       617.260132    
   58.2500000       618.943298    
   58.5000000       619.395142    
   58.7500000       618.819031    
   59.0000000       617.418396    
   59.2500000       615.417786    
   59.5000000       613.126953    
   59.7500000       610.876465    
   60.0000000       608.997314    
   60.2500000       607.820557    
   60.5000000       607.679077    
   60.7500000       608.906006    
   61.0000000       611.834351    
   61.2500000       616.772400    
   61.5000000       623.928223    
   61.7500000       633.484985    
   62.0000000       645.625793    
   62.2500000       660.482422    
   62.5000000       677.981628    
   62.7500000       697.998535    
   63.0000000       720.408691    
   63.2500000       745.061035    
   63.5000000       771.699036    
   63.7500000       800.040161    
   64.0000000       829.801514    
   64.2500000       860.700012    
   64.5000000       892.451416    
   64.7500000       924.771362    
   65.0000000       957.375244    
   65.2500000       989.986572    
   65.5000000       1022.36182    
   65.7500000       1054.26477    
   66.0000000       1085.45996    
   66.2500000       1115.72803    
   66.5000000       1144.91614    
   66.7500000       1172.88794    
   67.0000000       1199.50696    
   67.2500000       1224.64514    
   67.5000000       1248.20898    
   67.7500000       1270.11340    
   68.0000000       1290.27344    
   68.2500000       1308.60339    
   68.5000000       1325.01880    
   68.7500000       1339.43408    
   69.0000000       1351.76392    
   69.2500000       1361.93225    
   69.5000000       1369.89661    
   69.7500000       1375.62354    
   70.0000000       1379.07983    
   70.2500000       1380.24939    
   70.5000000       1379.18762    
   70.7500000       1375.96729    
   71.0000000       1370.66125    
   71.2500000       1363.35156    
   71.5000000       1354.15686    
   71.7500000       1343.20435    
   72.0000000       1330.62207    
   72.2500000       1316.53735    
   72.5000000       1301.07812    
   72.7500000       1284.37256    
   73.0000000       1266.54846    
   73.2500000       1247.73511    
   73.5000000       1228.06616    
   73.7500000       1207.67651    
   74.0000000       1186.70068    
   74.2500000       1165.27612    
   74.5000000       1143.54980    
   74.7500000       1121.67102    
   75.0000000       1099.78882    
   75.2500000       1078.05383    
   75.5000000       1056.62134    
   75.7500000       1035.64746    
   76.0000000       1015.28894    
   76.2500000       995.701965    
   76.5000000       977.044067    
   76.7500000       959.472595    
   77.0000000       943.145142    
   77.2500000       928.198547    
   77.5000000       914.687927    
   77.7500000       902.647949    
   78.0000000       892.112915    
   78.2500000       883.075439    
   78.5000000       875.359314    
   78.7500000       868.746277    
   79.0000000       863.018188    
   79.2500000       857.935059    
   79.5000000       853.170837    
   79.7500000       848.377808    
   80.0000000       843.208435    
   80.2500000       837.314392    
   80.5000000       830.345764    
   80.7500000       821.952209    
   81.0000000       811.783203    
   81.2500000       799.520447    
   81.5000000       784.973083    
   81.7500000       767.982483    
   82.0000000       748.390137    
   82.2500000       726.102844    
   82.5000000       701.289673    
   82.7500000       674.185425    
   83.0000000       645.024841    
   83.2500000       614.076294    
   83.5000000       581.743164    
   83.7500000       548.462463    
   84.0000000       514.671204    
   84.2500000       480.806641    
   84.5000000       447.307098    
   84.7500000       414.610992    
   85.0000000       383.157043    
   85.2500000       353.388275    
   85.5000000       325.766541    
   85.7500000       300.758301    
   86.0000000       278.830017    
   86.2500000       260.457977    
   86.5000000       246.157669    
   86.7500000       236.454468    
   87.0000000       231.873703    
   87.2500000       232.945572    
   87.5000000       240.219589    
   87.7500000       254.250198    
   88.0000000       275.591766    
   88.2500000       304.799347    
   88.5000000       342.430634    
   88.7500000       389.043945    
   89.0000000       445.197571    
   89.2500000       511.377197    
   89.5000000       587.777466    
   89.7500000       674.520569    
   90.0000000       771.728638    
   90.2500000       879.374207    
   90.5000000       996.831909    
   90.7500000       1123.32727    
   91.0000000       1258.08533    
   91.2500000       1400.25500    
   91.5000000       1548.67737    
   91.7500000       1702.11792    
   92.0000000       1859.34143    
   92.2500000       2019.11157    
   92.5000000       2180.18848    
   92.7500000       2341.33276    
   93.0000000       2501.30225    
   93.2500000       2658.88745    
   93.5000000       2812.99854    
   93.7500000       2962.57544    
   94.0000000       3106.55884    
   94.2500000       3243.95044    
   94.5000000       3373.99756    
   94.7500000       3496.01025    
   95.0000000       3609.29688    
   95.2500000       3713.19922    
   95.5000000       3807.18555    
   95.7500000       3890.75659    
   96.0000000       3963.41211    
   96.2500000       4024.65283    
   96.5000000       4073.97559    
   96.7500000       4110.87939    
   97.0000000       4134.86182    
   97.2500000       4145.50488    
   97.5000000       4142.73535    
   97.7500000       4126.56396    
   98.0000000       4097.00195    
   98.2500000       4054.23682    
   98.5000000       3999.15991    
   98.7500000       3932.84033    
   99.0000000       3856.34546    
   99.2500000       3770.83423    
   99.5000000       3677.82617    
   99.7500000       3578.93140    
   100.000000       3475.75928    
   100.250000       3369.92139    
   100.500000       3263.03589    
   100.750000       3156.72144    
   101.000000       3052.59741    
   101.250000       2952.18970    
   101.500000       2856.65039    
   101.750000       2767.03882    
   102.000000       2684.41357    
   102.250000       2609.64233    
   102.500000       2542.82593    
   102.750000       2483.87500    
   103.000000       2432.69922    
   103.250000       2389.10962    
   103.500000       2352.52490    
   103.750000       2322.26367    
   104.000000       2297.64526    
   104.250000       2277.98828    
   104.500000       2262.60718    
   104.750000       2250.81592    
   105.000000       2241.92847    
   105.250000       2235.26904    
   105.500000       2230.20483    
   105.750000       2226.11279    
   106.000000       2222.37061    
   106.250000       2218.37695    
   106.500000       2213.61523    
   106.750000       2207.59131    
   107.000000       2199.80933    
   107.250000       2189.78516    
   107.500000       2177.08032    
   107.750000       2161.26562    
   108.000000       2141.91260    
   108.250000       2118.59302    
   108.500000       2090.87622    
   108.750000       2058.33154    
   109.000000       2020.52869    
   109.250000       1977.09131    
   109.500000       1927.86096    
   109.750000       1872.73425    
   110.000000       1811.60742    
   110.250000       1744.48853    
   110.500000       1671.83459    
   110.750000       1594.21399    
   111.000000       1512.19543    
   111.250000       1426.40527    
   111.500000       1337.69946    
   111.750000       1246.99207    
   112.000000       1155.19666    
   112.250000       1063.22766    
   112.500000       972.002808    
   112.750000       882.440369    
   113.000000       795.458679    
   113.250000       711.943237    
   113.500000       632.648132    
   113.750000       558.294861    
   114.000000       489.604645    
   114.250000       427.231720    
   114.500000       371.561615    
   114.750000       322.912659    
   115.000000       281.603210    
   115.250000       247.917007    
   115.500000       221.999359    
   115.750000       203.960876    
   116.000000       193.912247    
   116.250000       191.964050    
   116.500000       198.226761    
   116.750000       212.810715    
   117.000000       235.826279    
   117.250000       267.354828    
   117.500000       307.361359    
   117.750000       355.782013    
   118.000000       412.552734    
   118.250000       477.549622    
   118.500000       550.409302    
   118.750000       630.708191    
   119.000000       718.022949    
   119.250000       811.899353    
   119.500000       911.760010    
   119.750000       1016.99695    
   120.000000       1127.00195    
   120.250000       1241.16675    
   120.500000       1358.88196    
   120.750000       1479.53796    
   121.000000       1602.52563    
   121.250000       1727.23242    
   121.500000       1853.03638    
   121.750000       1979.31311    
   122.000000       2105.43774    
   122.250000       2230.78027    
   122.500000       2354.68970    
   122.750000       2476.50928    
   123.000000       2595.58179    
   123.250000       2711.24829    
   123.500000       2822.83911    
   123.750000       2929.68140    
   124.000000       3031.10278    
   124.250000       3126.43091    
   124.500000       3214.99072    
   124.750000       3296.10742    
   125.000000       3369.10596    
   125.250000       3433.35986    
   125.500000       3488.43457    
   125.750000       3533.94458    
   126.000000       3569.50415    
   126.250000       3594.82593    
   126.500000       3610.01953    
   126.750000       3615.29321    
   127.000000       3610.85547    
   127.250000       3596.96558    
   127.500000       3574.08643    
   127.750000       3542.73169    
   128.000000       3503.41577    
   128.250000       3456.65234    
   128.500000       3402.95728    
   128.750000       3342.84668    
   129.000000       3276.83643    
   129.250000       3205.45117    
   129.500000       3129.24902    
   129.750000       3048.79688    
   130.000000       2964.66064    
   130.250000       2877.42529    
   130.500000       2787.74609    
   130.750000       2696.29443    
   131.000000       2603.74390    
   131.250000       2510.77563    
   131.500000       2418.10620    
   131.750000       2326.46216    
   132.000000       2236.56982    
   132.250000       2149.15552    
   132.500000       2064.94751    
   132.750000       1984.67529    
   133.000000       1909.06714    
   133.250000       1838.80542    
   133.500000       1774.38257    
   133.750000       1716.24438    
   134.000000       1664.83667    
   134.250000       1620.50793    
   134.500000       1583.21875    
   134.750000       1552.83289    
   135.000000       1529.21387    
   135.250000       1512.17529    
   135.500000       1501.33179    
   135.750000       1496.24792    
   136.000000       1496.48828    
   136.250000       1501.61682    
   136.500000       1511.19604    
   136.750000       1524.78711    
   137.000000       1541.95142    
   137.250000       1562.26135    
   137.500000       1585.33203    
   137.750000       1610.78918    
   138.000000       1638.25891    
   138.250000       1667.38855    
   138.500000       1697.91260    
   138.750000       1729.58777    
   139.000000       1762.17004    
   139.250000       1795.42725    
   139.500000       1829.17188    
   139.750000       1863.22766    
   140.000000       1897.41785    
   140.250000       1931.56653    
   140.500000       1965.49756    
   140.750000       1999.03516    

