TitleText: Ni(001)-(5x5)-Li     Beam (1/5,1/5)            Rfac10=0.1718
 "IV exp
   60.2500000       349.436462    
   60.5000000       383.824066    
   60.7500000       418.536530    
   61.0000000       453.736267    
   61.2500000       489.617767    
   61.5000000       526.504028    
   61.7500000       564.750244    
   62.0000000       604.711304    
   62.2500000       646.649475    
   62.5000000       690.455383    
   62.7500000       735.926819    
   63.0000000       782.861267    
   63.2500000       831.003174    
   63.5000000       879.882568    
   63.7500000       928.976318    
   64.0000000       977.761230    
   64.2500000       1025.84265    
   64.5000000       1073.34131    
   64.7500000       1120.50598    
   65.0000000       1167.58630    
   65.2500000       1214.77454    
   65.5000000       1262.03577    
   65.7500000       1309.27856    
   66.0000000       1356.41125    
   66.2500000       1403.40588    
   66.5000000       1450.48962    
   66.7500000       1497.95288    
   67.0000000       1546.08630    
   67.2500000       1595.13696    
   67.5000000       1645.17664    
   67.7500000       1696.23376    
   68.0000000       1748.33630    
   68.2500000       1801.34973    
   68.5000000       1854.48718    
   68.7500000       1906.79932    
   69.0000000       1957.33630    
   69.2500000       2005.35999    
   69.5000000       2050.97656    
   69.7500000       2094.50439    
   70.0000000       2136.26123    
   70.2500000       2176.53369    
   70.5000000       2215.48047    
   70.7500000       2253.23047    
   71.0000000       2289.91113    
   71.2500000       2325.51416    
   71.5000000       2359.48193    
   71.7500000       2391.12061    
   72.0000000       2419.73633    
   72.2500000       2444.58105    
   72.5000000       2464.69092    
   72.7500000       2479.04834    
   73.0000000       2486.63623    
   73.2500000       2486.55518    
   73.5000000       2478.38135    
   73.7500000       2461.81006    
   74.0000000       2436.53613    
   74.2500000       2402.54736    
   74.5000000       2361.00391    
   74.7500000       2313.35742    
   75.0000000       2261.06152    
   75.2500000       2205.33740    
   75.5000000       2146.48389    
   75.7500000       2084.56934    
   76.0000000       2019.66138    
   76.2500000       1951.93677    
   76.5000000       1882.00671    
   76.7500000       1810.59155    
   77.0000000       1738.41125    
   77.2500000       1666.43018    
   77.5000000       1596.59119    
   77.7500000       1531.08093    
   78.0000000       1472.08630    
   78.2500000       1421.23755    
   78.5000000       1377.93701    
   78.7500000       1341.02979    
   79.0000000       1309.36121    
   79.2500000       1281.73181    
   79.5000000       1256.76282    
   79.7500000       1233.03040    
   80.0000000       1209.11133    
   80.2500000       1183.99036    
   80.5000000       1158.28857    
   80.7500000       1133.03564    
   81.0000000       1109.26123    
   81.2500000       1087.85242    
   81.5000000       1069.12549    
   81.7500000       1053.25391    
   82.0000000       1040.41125    
   82.2500000       1030.60889    
   82.5000000       1023.20862    
   82.7500000       1017.40961    

 "IV theory
   60.2500000       1133.96729    
   60.5000000       1129.53589    
   60.7500000       1126.15710    
   61.0000000       1123.61841    
   61.2500000       1121.72803    
   61.5000000       1120.37512    
   61.7500000       1119.46912    
   62.0000000       1118.91968    
   62.2500000       1118.67798    
   62.5000000       1118.86145    
   62.7500000       1119.62976    
   63.0000000       1121.14197    
   63.2500000       1123.57874    
   63.5000000       1127.20618    
   63.7500000       1132.31165    
   64.0000000       1139.18213    
   64.2500000       1148.10559    
   64.5000000       1159.37134    
   64.7500000       1173.26929    
   65.0000000       1190.08887    
   65.2500000       1210.09314    
   65.5000000       1233.43689    
   65.7500000       1260.24829    
   66.0000000       1290.65442    
   66.2500000       1324.72852    
   66.5000000       1362.32129    
   66.7500000       1403.22864    
   67.0000000       1447.24622    
   67.2500000       1494.14148    
   67.5000000       1543.56763    
   67.7500000       1595.14954    
   68.0000000       1648.51245    
   68.2500000       1703.28101    
   68.5000000       1759.07922    
   68.7500000       1815.53027    
   69.0000000       1872.25818    
   69.2500000       1928.88367    
   69.5000000       1985.01599    
   69.7500000       2040.26135    
   70.0000000       2094.22681    
   70.2500000       2146.51245    
   70.5000000       2196.69385    
   70.7500000       2244.34204    
   71.0000000       2289.02588    
   71.2500000       2330.31274    
   71.5000000       2367.75806    
   71.7500000       2400.91333    
   72.0000000       2429.33105    
   72.2500000       2452.56274    
   72.5000000       2470.15796    
   72.7500000       2481.66602    
   73.0000000       2486.63647    
   73.2500000       2484.67114    
   73.5000000       2475.58301    
   73.7500000       2459.23828    
   74.0000000       2435.50269    
   74.2500000       2404.35083    
   74.5000000       2366.18994    
   74.7500000       2321.53906    
   75.0000000       2270.91333    
   75.2500000       2214.88672    
   75.5000000       2154.25317    
   75.7500000       2089.86426    
   76.0000000       2022.57080    
   76.2500000       1953.22449    
   76.5000000       1882.68018    
   76.7500000       1811.79358    
   77.0000000       1741.42041    
   77.2500000       1672.37708    
   77.5000000       1605.32239    
   77.7500000       1540.87561    
   78.0000000       1479.65588    
   78.2500000       1422.20190    
   78.5000000       1368.72986    
   78.7500000       1319.37500    
   79.0000000       1274.27197    
   79.2500000       1233.51501    
   79.5000000       1197.03162    
   79.7500000       1164.70801    
   80.0000000       1136.43042    
   80.2500000       1112.08423    
   80.5000000       1091.55481    
   80.7500000       1074.72632    
   81.0000000       1061.48315    
   81.2500000       1051.70081    
   81.5000000       1045.21790    
   81.7500000       1041.86377    
   82.0000000       1041.46814    
   82.2500000       1043.84106    
   82.5000000       1048.71667    
   82.7500000       1055.80969    

