TitleText: Ni(001)-(5x5)-Li     Beam (3/5,3/5)            Rfac10=0.6209
 "IV exp
   66.2500000       56.2602005    
   66.5000000       56.6372299    
   66.7500000       57.1115532    
   67.0000000       57.7318115    
   67.2500000       58.5581627    
   67.5000000       59.6968079    
   67.7500000       61.2654572    
   68.0000000       63.3818130    
   68.2500000       66.1034927    
   68.5000000       69.2476654    
   68.7500000       72.5714111    
   69.0000000       75.8318100    
   69.2500000       78.8152313    
   69.5000000       81.4252777    
   69.7500000       83.5948410    
   70.0000000       85.2568130    
   70.2500000       86.3760529    
   70.5000000       87.0452194    
   70.7500000       87.3889389    
   71.0000000       87.5318146    
   71.2500000       87.5819855    
   71.5000000       87.5816040    
   71.7500000       87.5563278    
   72.0000000       87.5318146    
   72.2500000       87.5404053    
   72.5000000       87.6411285    
   72.7500000       87.8996964    
   73.0000000       88.3818130    
   73.2500000       89.1297073    
   73.5000000       90.0916367    
   73.7500000       91.1924133    
   74.0000000       92.3568115    
   74.2500000       93.5066605    
   74.5000000       94.5519409    
   74.7500000       95.3996429    
   75.0000000       95.9568100    
   75.2500000       96.1618652    
   75.5000000       96.0789871    
   75.7500000       95.8037720    
   76.0000000       95.4318161    
   76.2500000       95.0390778    
   76.5000000       94.6229858    
   76.7500000       94.1613083    
   77.0000000       93.6318130    
   77.2500000       92.9750366    
   77.5000000       91.9824524    
   77.7500000       90.4083023    
   78.0000000       88.0068130    
   78.2500000       84.6137772    
   78.5000000       80.3911972    
   78.7500000       75.5826874    
   79.0000000       70.4318085    
   79.2500000       65.1744385    
   79.5000000       60.0154991    
   79.7500000       55.1522179    
   80.0000000       50.7818108    
   80.2500000       47.0383415    
   80.5000000       43.8032990    
   80.7500000       40.8950081    
   81.0000000       38.1318130    
   81.2500000       35.3712616    
   81.5000000       32.6278038    
   81.7500000       29.9550991    
   82.0000000       27.4068127    
   82.2500000       25.0303688    
   82.5000000       22.8482361    
   82.7500000       20.8766422    
   83.0000000       19.1318130    
   83.2500000       17.6235237    
   83.5000000       16.3357506    
   83.7500000       15.2460060    
   84.0000000       14.3318138    
   84.2500000       13.5753918    
   84.5000000       12.9777660    
   84.7500000       12.5446644    
   85.0000000       12.2818127    
   85.2500000       12.1935225    
   85.5000000       12.2784386    
   85.7500000       12.5337925    
   86.0000000       12.9568119    
   86.2500000       13.5417862    
   86.5000000       14.2712288    
   86.7500000       15.1247139    
   87.0000000       16.0818138    
   87.2500000       17.1153679    
   87.5000000       18.1712742    
   87.7500000       19.1886997    
   88.0000000       20.1068134    
   88.2500000       20.8852825    
   88.5000000       21.5658054    
   88.7500000       22.2105827    
   89.0000000       22.8818150    
   89.2500000       23.6347752    
   89.5000000       24.4970150    
   89.7500000       25.4891529    
   90.0000000       26.6318130    
   90.2500000       27.9469700    
   90.5000000       29.4620247    
   90.7500000       31.2057209    
   91.0000000       33.2068100    
   91.2500000       35.4877472    
   91.5000000       38.0457649    
   91.7500000       40.8718071    
   92.0000000       43.9568100    
   92.2500000       47.2843132    
   92.5000000       50.8082771    
   92.7500000       54.4752579    
   93.0000000       58.2318115    
   93.2500000       62.0287514    
   93.5000000       65.8338699    
   93.7500000       69.6192093    
   94.0000000       73.3568115    
   94.2500000       77.0060043    
   94.5000000       80.4752502    
   94.7500000       83.6602631    
   95.0000000       86.4568100    
   95.2500000       88.8099670    
   95.5000000       90.8622742    
   95.7500000       92.8055954    
   96.0000000       94.8318176    
   96.2500000       97.0906906    
   96.5000000       99.5634232    
   96.7500000       102.189110    
   97.0000000       104.906815    
   97.2500000       107.627937    
   97.5000000       110.153053    
   97.7500000       112.255051    
   98.0000000       113.706818    
   98.2500000       114.360344    
   98.5000000       114.384018    
   98.7500000       114.025345    
   99.0000000       113.531807    
   99.2500000       113.102829    
   99.5000000       112.745483    
   99.7500000       112.418808    
   100.000000       112.081810    
   100.250000       111.693436    
   100.500000       111.212387    
   100.750000       110.597298    
   101.000000       109.806808    
   101.250000       108.832649    
   101.500000       107.798943    
   101.750000       106.862923    
   102.000000       106.181808    
   102.250000       105.882843    
   102.500000       105.973328    
   102.750000       106.430550    
   103.000000       107.231812    
   103.250000       108.355728    
   103.500000       109.786110    
   103.750000       111.508095    
   104.000000       113.506805    
   104.250000       115.758934    
   104.500000       118.207458    
   104.750000       120.786896    

 "IV theory
   66.2500000       11.6642780    
   66.5000000       12.4661913    
   66.7500000       13.3820629    
   67.0000000       14.4240046    
   67.2500000       15.6051016    
   67.5000000       16.9423275    
   67.7500000       18.4536304    
   68.0000000       20.1569500    
   68.2500000       22.0702782    
   68.5000000       24.2117329    
   68.7500000       26.5994835    
   69.0000000       29.2516880    
   69.2500000       32.1832047    
   69.5000000       35.3956757    
   69.7500000       38.8874397    
   70.0000000       42.6568413    
   70.2500000       46.6954269    
   70.5000000       50.9675827    
   70.7500000       55.4309158    
   71.0000000       60.0430183    
   71.2500000       64.7580109    
   71.5000000       69.5161057    
   71.7500000       74.2540131    
   72.0000000       78.9084702    
   72.2500000       83.4161301    
   72.5000000       87.7133865    
   72.7500000       91.7365799    
   73.0000000       95.4220657    
   73.2500000       98.7102432    
   73.5000000       101.557968    
   73.7500000       103.926140    
   74.0000000       105.775650    
   74.2500000       107.075851    
   74.5000000       107.829643    
   74.7500000       108.048332    
   75.0000000       107.743279    
   75.2500000       106.930092    
   75.5000000       105.641701    
   75.7500000       103.915344    
   76.0000000       101.788239    
   76.2500000       99.2976761    
   76.5000000       96.4810638    
   76.7500000       93.3758774    
   77.0000000       90.0195541    
   77.2500000       86.4495468    
   77.5000000       82.7032394    
   77.7500000       78.8180008    
   78.0000000       74.8312149    
   78.2500000       70.7802734    
   78.5000000       66.7025146    
   78.7500000       62.6353035    
   79.0000000       58.6160088    
   79.2500000       54.6819763    
   79.5000000       50.8705177    
   79.7500000       47.2189178    
   80.0000000       43.7644615    
   80.2500000       40.5444756    
   80.5000000       37.5963974    
   80.7500000       34.9576912    
   81.0000000       32.6658211    
   81.2500000       30.7547703    
   81.5000000       29.2445545    
   81.7500000       28.1517010    
   82.0000000       27.4927368    
   82.2500000       27.2770138    
   82.5000000       27.4851818    
   82.7500000       28.0907078    
   83.0000000       29.0670567    
   83.2500000       30.3840199    
   83.5000000       31.9966698    
   83.7500000       33.8563919    
   84.0000000       35.9145699    
   84.2500000       38.1225319    
   84.5000000       40.4313927    
   84.7500000       42.7921944    
   85.0000000       45.1559753    
   85.2500000       47.4768028    
   85.5000000       49.7208519    
   85.7500000       51.8572807    
   86.0000000       53.8552780    
   86.2500000       55.6902122    
   86.5000000       57.3622284    
   86.7500000       58.8776741    
   87.0000000       60.2428856    
   87.2500000       61.4673958    
   87.5000000       62.5734329    
   87.7500000       63.5864220    
   88.0000000       64.5317764    
   88.2500000       65.4349670    
   88.5000000       66.3216324    
   88.7500000       67.2174759    
   89.0000000       68.1482010    
   89.2500000       69.1371384    
   89.5000000       70.1982040    
   89.7500000       71.3429413    
   90.0000000       72.5829086    
   90.2500000       73.9248047    
   90.5000000       75.3560410    
   90.7500000       76.8591537    
   91.0000000       78.4166946    
   91.2500000       80.0087662    
   91.5000000       81.6054840    
   91.7500000       83.1745682    
   92.0000000       84.6836777    
   92.2500000       86.1004562    
   92.5000000       87.3923874    
   92.7500000       88.5268860    
   93.0000000       89.4713974    
   93.2500000       90.1958237    
   93.5000000       90.6800690    
   93.7500000       90.9064789    
   94.0000000       90.8574448    
   94.2500000       90.5204391    
   94.5000000       89.9033661    
   94.7500000       89.0192337    
   95.0000000       87.8810806    
   95.2500000       86.5045166    
   95.5000000       84.9156876    
   95.7500000       83.1433487    
   96.0000000       81.2162476    
   96.2500000       79.1631699    
   96.5000000       77.0130386    
   96.7500000       74.7947464    
   97.0000000       72.5372314    
   97.2500000       70.2686844    
   97.5000000       68.0142593    
   97.7500000       65.7983398    
   98.0000000       63.6453629    
   98.2500000       61.5781822    
   98.5000000       59.6135483    
   98.7500000       57.7666435    
   99.0000000       56.0526848    
   99.2500000       54.4860764    
   99.5000000       53.0780640    
   99.7500000       51.8390961    
   100.000000       50.7796173    
   100.250000       49.9100876    
   100.500000       49.2409554    
   100.750000       48.7826767    
   101.000000       48.5457039    
   101.250000       48.5396194    
   101.500000       48.7704887    
   101.750000       49.2435188    
   102.000000       49.9639091    
   102.250000       50.9350433    
   102.500000       52.1531029    
   102.750000       53.6124344    
   103.000000       55.3074074    
   103.250000       57.2314606    
   103.500000       59.3743324    
   103.750000       61.7248421    
   104.000000       64.2718048    
   104.250000       67.0040054    
   104.500000       69.9101791    
   104.750000       72.9790192    

