          29           2           3
  -7.57400170E-02  -7.54391253E-02  -7.54391253E-02
  -7.57400170E-02  -7.54391253E-02   7.54391253E-02
  -7.57400170E-02   7.54391253E-02  -7.54391253E-02
  -7.57400170E-02   7.54391253E-02   7.54391253E-02
   1.97099373E-02   0.00000000       0.00000000    
   1.12332702E-02  0.553329647       0.00000000    
   1.12332702E-02 -0.553329647       0.00000000    
   1.12332702E-02   0.00000000      0.553329647    
   1.12332702E-02   0.00000000     -0.553329647    
  -7.14956000E-02   0.00000000      0.244088560    
  -7.14956000E-02   0.00000000     -0.244088560    
  -7.14956000E-02  0.244088560       0.00000000    
  -7.14956000E-02 -0.244088560       0.00000000    
 -0.113968171       0.00000000       1.27869961E-03
 -0.113968171       0.00000000      -1.27869961E-03
 -0.113968171       1.27869961E-03   0.00000000    
 -0.113968171      -1.27869961E-03   0.00000000    
  -3.33004817E-02   9.27957371E-02   9.27957371E-02
  -3.33004817E-02   9.27957371E-02  -9.27957371E-02
  -3.33004817E-02  -9.27957371E-02   9.27957371E-02
  -3.33004817E-02  -9.27957371E-02  -9.27957371E-02
  -2.27969978E-03   4.66153584E-02   4.66153584E-02
  -2.27969978E-03   4.66153584E-02  -4.66153584E-02
  -2.27969978E-03  -4.66153584E-02   4.66153584E-02
  -2.27969978E-03  -4.66153584E-02  -4.66153584E-02
   1.16163129E-02  -6.17175326E-02   5.81408814E-02
   1.16163129E-02  -6.17175326E-02  -5.81408814E-02
   1.16163129E-02   6.17175326E-02   5.81408814E-02
   1.16163129E-02   6.17175326E-02  -5.81408814E-02
   1.16163129E-02   5.81408814E-02  -6.17175326E-02
   1.16163129E-02   5.81408814E-02   6.17175326E-02
   1.16163129E-02  -5.81408814E-02  -6.17175326E-02
   1.16163129E-02  -5.81408814E-02   6.17175326E-02
   3.07313949E-02   1.77692622E-02   0.00000000    
   3.07313949E-02  -1.77692622E-02   0.00000000    
   3.07313949E-02   0.00000000       1.77692622E-02
   3.07313949E-02   0.00000000      -1.77692622E-02
 -0.139970258       3.75068933E-02   3.75068933E-02
 -0.139970258       3.75068933E-02  -3.75068933E-02
 -0.139970258      -3.75068933E-02   3.75068933E-02
 -0.139970258      -3.75068933E-02  -3.75068933E-02
  -9.67084803E-03   3.77901742E-04   0.00000000    
  -9.67084803E-03  -3.77901742E-04   0.00000000    
  -9.67084803E-03   0.00000000       3.77901742E-04
  -9.67084803E-03   0.00000000      -3.77901742E-04
  0.333850980       0.00000000       0.00000000    
   1.43603105E-02  -7.82299638E-02  -7.58315176E-02
   1.43603105E-02  -7.82299638E-02   7.58315176E-02
   1.43603105E-02   7.82299638E-02  -7.58315176E-02
   1.43603105E-02   7.82299638E-02   7.58315176E-02
   1.43603105E-02  -7.58315176E-02  -7.82299638E-02
   1.43603105E-02  -7.58315176E-02   7.82299638E-02
   1.43603105E-02   7.58315176E-02  -7.82299638E-02
   1.43603105E-02   7.58315176E-02   7.82299638E-02
  -9.77119356E-02   4.71945591E-02   4.71945591E-02
  -9.77119356E-02   4.71945591E-02  -4.71945591E-02
  -9.77119356E-02  -4.71945591E-02   4.71945591E-02
  -9.77119356E-02  -4.71945591E-02  -4.71945591E-02
  0.980298579    
  0.613358915    
   1.00000000       0.00000000       0.00000000       0.00000000       0.00000000       0.00000000       0.00000000       0.00000000       0.00000000       0.00000000       0.00000000       0.00000000       0.00000000       0.00000000       0.00000000       0.00000000       0.00000000       0.00000000       0.00000000       0.00000000       0.00000000       0.00000000       0.00000000       0.00000000       0.00000000       0.00000000       0.00000000       0.00000000       0.00000000    
   0.00000000       1.00000000       0.00000000       0.00000000       0.00000000       0.00000000       0.00000000       0.00000000       0.00000000       0.00000000       0.00000000       0.00000000       0.00000000       0.00000000       0.00000000       0.00000000       0.00000000       0.00000000       0.00000000       0.00000000       0.00000000       0.00000000       0.00000000       0.00000000       0.00000000       0.00000000       0.00000000       0.00000000       0.00000000    
   0.00000000       0.00000000       1.00000000       0.00000000       0.00000000       0.00000000       0.00000000       0.00000000       0.00000000       0.00000000       0.00000000       0.00000000       0.00000000       0.00000000       0.00000000       0.00000000       0.00000000       0.00000000       0.00000000       0.00000000       0.00000000       0.00000000       0.00000000       0.00000000       0.00000000       0.00000000       0.00000000       0.00000000       0.00000000    
   0.00000000       0.00000000       0.00000000       1.00000000       0.00000000       0.00000000       0.00000000       0.00000000       0.00000000       0.00000000       0.00000000       0.00000000       0.00000000       0.00000000       0.00000000       0.00000000       0.00000000       0.00000000       0.00000000       0.00000000       0.00000000       0.00000000       0.00000000       0.00000000       0.00000000       0.00000000       0.00000000       0.00000000       0.00000000    
   0.00000000       0.00000000       0.00000000       0.00000000       1.00000000       0.00000000       0.00000000       0.00000000       0.00000000       0.00000000       0.00000000       0.00000000       0.00000000       0.00000000       0.00000000       0.00000000       0.00000000       0.00000000       0.00000000       0.00000000       0.00000000       0.00000000       0.00000000       0.00000000       0.00000000       0.00000000       0.00000000       0.00000000       0.00000000    
   0.00000000       0.00000000       0.00000000       0.00000000       0.00000000       1.00000000       0.00000000       0.00000000       0.00000000       0.00000000       0.00000000       0.00000000       0.00000000       0.00000000       0.00000000       0.00000000       0.00000000       0.00000000       0.00000000       0.00000000       0.00000000       0.00000000       0.00000000       0.00000000       0.00000000       0.00000000       0.00000000       0.00000000       0.00000000    
   0.00000000       0.00000000       0.00000000       0.00000000       0.00000000       0.00000000       1.00000000       0.00000000       0.00000000       0.00000000       0.00000000       0.00000000       0.00000000       0.00000000       0.00000000       0.00000000       0.00000000       0.00000000       0.00000000       0.00000000       0.00000000       0.00000000       0.00000000       0.00000000       0.00000000       0.00000000       0.00000000       0.00000000       0.00000000    
   0.00000000       0.00000000       0.00000000       0.00000000       0.00000000       0.00000000       0.00000000       1.00000000       0.00000000       0.00000000       0.00000000       0.00000000       0.00000000       0.00000000       0.00000000       0.00000000       0.00000000       0.00000000       0.00000000       0.00000000       0.00000000       0.00000000       0.00000000       0.00000000       0.00000000       0.00000000       0.00000000       0.00000000       0.00000000    
   0.00000000       0.00000000       0.00000000       0.00000000       0.00000000       0.00000000       0.00000000       0.00000000       1.00000000       0.00000000       0.00000000       0.00000000       0.00000000       0.00000000       0.00000000       0.00000000       0.00000000       0.00000000       0.00000000       0.00000000       0.00000000       0.00000000       0.00000000       0.00000000       0.00000000       0.00000000       0.00000000       0.00000000       0.00000000    
   0.00000000       0.00000000       0.00000000       0.00000000       0.00000000       0.00000000       0.00000000       0.00000000       0.00000000       1.00000000       0.00000000       0.00000000       0.00000000       0.00000000       0.00000000       0.00000000       0.00000000       0.00000000       0.00000000       0.00000000       0.00000000       0.00000000       0.00000000       0.00000000       0.00000000       0.00000000       0.00000000       0.00000000       0.00000000    
   0.00000000       0.00000000       0.00000000       0.00000000       0.00000000       0.00000000       0.00000000       0.00000000       0.00000000       0.00000000       1.00000000       0.00000000       0.00000000       0.00000000       0.00000000       0.00000000       0.00000000       0.00000000       0.00000000       0.00000000       0.00000000       0.00000000       0.00000000       0.00000000       0.00000000       0.00000000       0.00000000       0.00000000       0.00000000    
   0.00000000       0.00000000       0.00000000       0.00000000       0.00000000       0.00000000       0.00000000       0.00000000       0.00000000       0.00000000       0.00000000       1.00000000       0.00000000       0.00000000       0.00000000       0.00000000       0.00000000       0.00000000       0.00000000       0.00000000       0.00000000       0.00000000       0.00000000       0.00000000       0.00000000       0.00000000       0.00000000       0.00000000       0.00000000    
   0.00000000       0.00000000       0.00000000       0.00000000       0.00000000       0.00000000       0.00000000       0.00000000       0.00000000       0.00000000       0.00000000       0.00000000       1.00000000       0.00000000       0.00000000       0.00000000       0.00000000       0.00000000       0.00000000       0.00000000       0.00000000       0.00000000       0.00000000       0.00000000       0.00000000       0.00000000       0.00000000       0.00000000       0.00000000    
   0.00000000       0.00000000       0.00000000       0.00000000       0.00000000       0.00000000       0.00000000       0.00000000       0.00000000       0.00000000       0.00000000       0.00000000       0.00000000       1.00000000       0.00000000       0.00000000       0.00000000       0.00000000       0.00000000       0.00000000       0.00000000       0.00000000       0.00000000       0.00000000       0.00000000       0.00000000       0.00000000       0.00000000       0.00000000    
   0.00000000       0.00000000       0.00000000       0.00000000       0.00000000       0.00000000       0.00000000       0.00000000       0.00000000       0.00000000       0.00000000       0.00000000       0.00000000       0.00000000       1.00000000       0.00000000       0.00000000       0.00000000       0.00000000       0.00000000       0.00000000       0.00000000       0.00000000       0.00000000       0.00000000       0.00000000       0.00000000       0.00000000       0.00000000    
   0.00000000       0.00000000       0.00000000       0.00000000       0.00000000       0.00000000       0.00000000       0.00000000       0.00000000       0.00000000       0.00000000       0.00000000       0.00000000       0.00000000       0.00000000       1.00000000       0.00000000       0.00000000       0.00000000       0.00000000       0.00000000       0.00000000       0.00000000       0.00000000       0.00000000       0.00000000       0.00000000       0.00000000       0.00000000    
   0.00000000       0.00000000       0.00000000       0.00000000       0.00000000       0.00000000       0.00000000       0.00000000       0.00000000       0.00000000       0.00000000       0.00000000       0.00000000       0.00000000       0.00000000       0.00000000       1.00000000       0.00000000       0.00000000       0.00000000       0.00000000       0.00000000       0.00000000       0.00000000       0.00000000       0.00000000       0.00000000       0.00000000       0.00000000    
   0.00000000       0.00000000       0.00000000       0.00000000       0.00000000       0.00000000       0.00000000       0.00000000       0.00000000       0.00000000       0.00000000       0.00000000       0.00000000       0.00000000       0.00000000       0.00000000       0.00000000       1.00000000       0.00000000       0.00000000       0.00000000       0.00000000       0.00000000       0.00000000       0.00000000       0.00000000       0.00000000       0.00000000       0.00000000    
   0.00000000       0.00000000       0.00000000       0.00000000       0.00000000       0.00000000       0.00000000       0.00000000       0.00000000       0.00000000       0.00000000       0.00000000       0.00000000       0.00000000       0.00000000       0.00000000       0.00000000       0.00000000       1.00000000       0.00000000       0.00000000       0.00000000       0.00000000       0.00000000       0.00000000       0.00000000       0.00000000       0.00000000       0.00000000    
   0.00000000       0.00000000       0.00000000       0.00000000       0.00000000       0.00000000       0.00000000       0.00000000       0.00000000       0.00000000       0.00000000       0.00000000       0.00000000       0.00000000       0.00000000       0.00000000       0.00000000       0.00000000       0.00000000       1.00000000       0.00000000       0.00000000       0.00000000       0.00000000       0.00000000       0.00000000       0.00000000       0.00000000       0.00000000    
   0.00000000       0.00000000       0.00000000       0.00000000       0.00000000       0.00000000       0.00000000       0.00000000       0.00000000       0.00000000       0.00000000       0.00000000       0.00000000       0.00000000       0.00000000       0.00000000       0.00000000       0.00000000       0.00000000       0.00000000       1.00000000       0.00000000       0.00000000       0.00000000       0.00000000       0.00000000       0.00000000       0.00000000       0.00000000    
   0.00000000       0.00000000       0.00000000       0.00000000       0.00000000       0.00000000       0.00000000       0.00000000       0.00000000       0.00000000       0.00000000       0.00000000       0.00000000       0.00000000       0.00000000       0.00000000       0.00000000       0.00000000       0.00000000       0.00000000       0.00000000       1.00000000       0.00000000       0.00000000       0.00000000       0.00000000       0.00000000       0.00000000       0.00000000    
   0.00000000       0.00000000       0.00000000       0.00000000       0.00000000       0.00000000       0.00000000       0.00000000       0.00000000       0.00000000       0.00000000       0.00000000       0.00000000       0.00000000       0.00000000       0.00000000       0.00000000       0.00000000       0.00000000       0.00000000       0.00000000       0.00000000       1.00000000       0.00000000       0.00000000       0.00000000       0.00000000       0.00000000       0.00000000    
   0.00000000       0.00000000       0.00000000       0.00000000       0.00000000       0.00000000       0.00000000       0.00000000       0.00000000       0.00000000       0.00000000       0.00000000       0.00000000       0.00000000       0.00000000       0.00000000       0.00000000       0.00000000       0.00000000       0.00000000       0.00000000       0.00000000       0.00000000       1.00000000       0.00000000       0.00000000       0.00000000       0.00000000       0.00000000    
   0.00000000       0.00000000       0.00000000       0.00000000       0.00000000       0.00000000       0.00000000       0.00000000       0.00000000       0.00000000       0.00000000       0.00000000       0.00000000       0.00000000       0.00000000       0.00000000       0.00000000       0.00000000       0.00000000       0.00000000       0.00000000       0.00000000       0.00000000       0.00000000       1.00000000       0.00000000       0.00000000       0.00000000       0.00000000    
   0.00000000       0.00000000       0.00000000       0.00000000       0.00000000       0.00000000       0.00000000       0.00000000       0.00000000       0.00000000       0.00000000       0.00000000       0.00000000       0.00000000       0.00000000       0.00000000       0.00000000       0.00000000       0.00000000       0.00000000       0.00000000       0.00000000       0.00000000       0.00000000       0.00000000       1.00000000       0.00000000       0.00000000       0.00000000    
   0.00000000       0.00000000       0.00000000       0.00000000       0.00000000       0.00000000       0.00000000       0.00000000       0.00000000       0.00000000       0.00000000       0.00000000       0.00000000       0.00000000       0.00000000       0.00000000       0.00000000       0.00000000       0.00000000       0.00000000       0.00000000       0.00000000       0.00000000       0.00000000       0.00000000       0.00000000       1.00000000       0.00000000       0.00000000    
   0.00000000       0.00000000       0.00000000       0.00000000       0.00000000       0.00000000       0.00000000       0.00000000       0.00000000       0.00000000       0.00000000       0.00000000       0.00000000       0.00000000       0.00000000       0.00000000       0.00000000       0.00000000       0.00000000       0.00000000       0.00000000       0.00000000       0.00000000       0.00000000       0.00000000       0.00000000       0.00000000       1.00000000       0.00000000    
   0.00000000       0.00000000       0.00000000       0.00000000       0.00000000       0.00000000       0.00000000       0.00000000       0.00000000       0.00000000       0.00000000       0.00000000       0.00000000       0.00000000       0.00000000       0.00000000       0.00000000       0.00000000       0.00000000       0.00000000       0.00000000       0.00000000       0.00000000       0.00000000       0.00000000       0.00000000       0.00000000       0.00000000       1.00000000    
   1.00000000       1.00000000       1.00000000       1.00000000       1.00000000       1.00000000       1.00000000       1.00000000       1.00000000       1.00000000       1.00000000       1.00000000       1.00000000       1.00000000       1.00000000       1.00000000       1.00000000       1.00000000       1.00000000       1.00000000       1.00000000       1.00000000       1.00000000       1.00000000       1.00000000       1.00000000       1.00000000       1.00000000       1.00000000    
   2.14679880E-04   2.34534702E-04   2.09908714E-04   2.40726338E-04   1.42051722E-04   1.25225401E-04   6.39474893E-05   1.08319138E-04   9.70081419E-06   7.46390215E-05   4.75186389E-05   4.39794458E-05   6.59445577E-05   4.31871958E-05   1.66791724E-05   3.10569012E-05   1.15253279E-05   1.56054830E-05   3.23314889E-05   4.66313650E-05   8.89096264E-05
   11141.2900       10430.3613       5072.79980       2010.82068       1003.95911       2323.80762       2368.22510       130.988037       94.6362534       267.197327       226.939362       372.913666       486.231873       668.914368       12779.5166       35178.6445       343.232117       268.583191       88.4116211       1043.80066       4315.06396    
