
          COORDINATES AFTER SORTING

        -1.97329998      -3.03899980      -3.03899980
        -1.97329998      -3.03899980       3.03899980
        -1.97329998       3.03899980      -3.03899980
        -1.97329998       3.03899980       3.03899980
        -1.91900003       0.00000000       0.00000000
        -1.78160000      -3.22079992       0.00000000
        -1.78160000       3.22079992       0.00000000
        -1.78160000       0.00000000      -3.22079992
        -1.78160000       0.00000000       3.22079992
        -0.36739999       6.22499990      -4.01949978
        -0.36739999       6.22499990       4.01949978
        -0.36739999      -4.01949978       6.22499990
        -0.36739999       4.01949978       6.22499990
        -0.35730001       6.22499990      -1.36029994
        -0.35730001       6.22499990       1.36029994
        -0.35730001      -1.36029994       6.22499990
        -0.35730001       1.36029994       6.22499990
         0.07300000      -1.24919999      -1.24919999
         0.07300000      -1.24919999       1.24919999
         0.07300000       1.24919999      -1.24919999
         0.07300000       1.24919999       1.24919999
         0.18359999      -3.67589998      -3.67589998
         0.18359999      -3.67589998       3.67589998
         0.18359999       3.67589998      -3.67589998
         0.18359999       3.67589998       3.67589998
         0.18790001      -3.70320010      -1.34150004
         0.18790001      -3.70320010       1.34150004
         0.18790001       3.70320010      -1.34150004
         0.18790001       3.70320010       1.34150004
         0.18790001      -1.34150004      -3.70320010
         0.18790001      -1.34150004       3.70320010
         0.18790001       1.34150004      -3.70320010
         0.18790001       1.34150004       3.70320010
         1.71630001      -2.66989994       0.00000000
         1.71630001       2.66989994       0.00000000
         1.71630001       0.00000000      -2.66989994
         1.71630001       0.00000000       2.66989994
         1.71910000      -4.99989986      -4.99989986
         1.71910000      -4.99989986       4.99989986
         1.71910000       4.99989986      -4.99989986
         1.71910000       4.99989986       4.99989986
         1.74389994      -5.11119986       0.00000000
         1.74389994       5.11119986       0.00000000
         1.74389994       0.00000000      -5.11119986
         1.74389994       0.00000000       5.11119986
         1.75250018       0.00000000       0.00000000
         1.81930006      -5.12599993      -2.45460033
         1.81930006      -5.12599993       2.45460033
         1.81930006       5.12599993      -2.45460033
         1.81930006       5.12599993       2.45460033
         1.81930006      -2.45460033      -5.12599993
         1.81930006      -2.45460033       5.12599993
         1.81930006       2.45460033      -5.12599993
         1.81930006       2.45460033       5.12599993
         2.00799990      -2.37030005      -2.37030005
         2.00799990      -2.37030005       2.37030005
         2.00799990       2.37030005      -2.37030005
         2.00799990       2.37030005       2.37030005

 DIRECTION SET SEARCH COMPLETE 
 ======================= 
 RFAC10

 CONVERGENCE TOLERANCE ACHIEVED =.000099
 DIMENSIONALITY OF SEARCH=   29
 ISMOTH=    1

 COORDINATES AT MINIMUM;  LSFLAG

 -0.07574002 -0.07543913 -0.07543913   1
 -0.07574002 -0.07543913  0.07543913   1
 -0.07574002  0.07543913 -0.07543913   1
 -0.07574002  0.07543913  0.07543913   1
  0.01970994  0.00000000  0.00000000   2
  0.01123327  0.55332965  0.00000000   3
  0.01123327 -0.55332965  0.00000000   3
  0.01123327  0.00000000  0.55332965   3
  0.01123327  0.00000000 -0.55332965   3
 -0.07149560  0.00000000  0.24408856   4
 -0.07149560  0.00000000 -0.24408856   4
 -0.07149560  0.24408856  0.00000000   4
 -0.07149560 -0.24408856  0.00000000   4
 -0.11396817  0.00000000  0.00127870   5
 -0.11396817  0.00000000 -0.00127870   5
 -0.11396817  0.00127870  0.00000000   5
 -0.11396817 -0.00127870  0.00000000   5
 -0.03330048  0.09279574  0.09279574   6
 -0.03330048  0.09279574 -0.09279574   6
 -0.03330048 -0.09279574  0.09279574   6
 -0.03330048 -0.09279574 -0.09279574   6
 -0.00227970  0.04661536  0.04661536   7
 -0.00227970  0.04661536 -0.04661536   7
 -0.00227970 -0.04661536  0.04661536   7
 -0.00227970 -0.04661536 -0.04661536   7
  0.01161631 -0.06171753  0.05814088   8
  0.01161631 -0.06171753 -0.05814088   8
  0.01161631  0.06171753  0.05814088   8
  0.01161631  0.06171753 -0.05814088   8
  0.01161631  0.05814088 -0.06171753   8
  0.01161631  0.05814088  0.06171753   8
  0.01161631 -0.05814088 -0.06171753   8
  0.01161631 -0.05814088  0.06171753   8
  0.03073139  0.01776926  0.00000000   9
  0.03073139 -0.01776926  0.00000000   9
  0.03073139  0.00000000  0.01776926   9
  0.03073139  0.00000000 -0.01776926   9
 -0.13997026  0.03750689  0.03750689  10
 -0.13997026  0.03750689 -0.03750689  10
 -0.13997026 -0.03750689  0.03750689  10
 -0.13997026 -0.03750689 -0.03750689  10
 -0.00967085  0.00037790  0.00000000  11
 -0.00967085 -0.00037790  0.00000000  11
 -0.00967085  0.00000000  0.00037790  11
 -0.00967085  0.00000000 -0.00037790  11
  0.33385098  0.00000000  0.00000000  12
  0.01436031 -0.07822996 -0.07583152  13
  0.01436031 -0.07822996  0.07583152  13
  0.01436031  0.07822996 -0.07583152  13
  0.01436031  0.07822996  0.07583152  13
  0.01436031 -0.07583152 -0.07822996  13
  0.01436031 -0.07583152  0.07822996  13
  0.01436031  0.07583152 -0.07822996  13
  0.01436031  0.07583152  0.07822996  13
 -0.09771194  0.04719456  0.04719456  14
 -0.09771194  0.04719456 -0.04719456  14
 -0.09771194 -0.04719456  0.04719456  14
 -0.09771194 -0.04719456 -0.04719456  14

 NUMBER OF ITERATIONS =  6
 NUMBER OF FUNCTIONAL EVALUATIONS = 1225

 OPTIMUM R-FACTOR = 0.6134
 OPTIMUM VALUE OF INNER POTENTIAL = 9.6203
