 ID: 000 original Parms passed to evaluat     e.f 
   2 -1.9190 -0.0136 -0.1441
   2 -1.9733  3.0161  3.0618
   2 -1.7816  3.2208 -0.0400
   2 -0.3573  6.2309  1.3603
   1 -0.3674  6.2154  4.0195
   2  0.0730  1.1720  1.3264
   2  0.1879  3.7032  1.3415
   2  0.1836  3.5757  3.7762
   2  1.7439  5.1112  0.1191
   1  1.7525  0.1624 -0.1202
   1  1.7191  4.9663  5.0335
   2  1.8193  5.1260  2.4546
   1  1.7163  2.6699 -0.1604
   2  2.0080  2.2777  2.4628
 ID: 000 Parms passed to tleed codes:    (may be changed by VALUATE)
   2 -1.9733  3.0390  3.0390
   2 -1.9190  0.0000  0.0000
   2 -1.7816  3.2208  0.0000
   1 -0.3674  6.2250  4.0195
   2 -0.3573  6.2250  1.3603
   2  0.0730  1.2492  1.2492
   2  0.1836  3.6759  3.6759
   2  0.1879  3.7032  1.3415
   1  1.7163  2.6699  0.0000
   1  1.7191  4.9999  4.9999
   2  1.7439  5.1112  0.0000
   1  1.7525  0.0000  0.0000
   2  1.8193  5.1260  2.4546
   2  2.0080  2.3703  2.3703
 parm difference:
   0 -0.0543  0.0000  3.1831
   0  0.0543  0.0000 -3.0618
   0  0.0000  0.0000  0.0400
  -1 -0.0101  0.0000  2.6592
   1  0.0101  0.0000 -2.6592
   0  0.0000  0.0000 -0.0772
   0 -0.0043  0.0000  2.3344
   0  0.0043  0.0000 -2.4346
  -1 -0.0277  0.0000 -0.1191
   0 -0.0333  0.0000  5.1202
   1  0.0248  0.0000 -5.0335
  -1 -0.0668  0.0000 -2.4546
   1  0.1030  0.0000  2.6150
   0  0.0000  0.0000 -0.0926
 000 Calling tleed1: 000
 000:000...returned tleed1 : Calling tleed2...
 000:000 ...Returned tleed2 fitval=  0.613368750    
