#TitleText:Ni(001)-(5x5)-Li     Beam (1,1/5)              Rfac10=       0.4340
 #"IV exp
   54.2500000       312.288849    
   54.5000000       321.879669    
   54.7500000       332.366028    
   55.0000000       344.195709    
   55.2500000       357.788940    
   55.5000000       373.456299    
   55.7500000       391.480896    
   56.0000000       412.145721    
   56.2500000       435.673431    
   56.5000000       462.044373    
   56.7500000       491.178528    
   57.0000000       522.995728    
   57.2500000       557.290588    
   57.5000000       593.356201    
   57.7500000       630.360291    
   58.0000000       667.470764    
   58.2500000       703.946533    
   58.5000000       739.411621    
   58.7500000       773.581360    
   59.0000000       806.170776    
   59.2500000       836.899719    
   59.5000000       865.506165    
   59.7500000       891.732361    
   60.0000000       915.320740    
   60.2500000       936.010620    
   60.5000000       953.528870    
   60.7500000       967.599365    
   61.0000000       977.945740    
   61.2500000       984.401672    
   61.5000000       987.240173    
   61.7500000       986.843994    
   62.0000000       983.595764    
   62.2500000       977.866028    
   62.5000000       969.975403    
   62.7500000       960.232483    
   63.0000000       948.945740    
   63.2500000       936.385071    
   63.5000000       922.666992    
   63.7500000       907.869507    
   64.0000000       892.070740    
   64.2500000       875.361572    
   64.5000000       857.884277    
   64.7500000       839.794006    
   65.0000000       821.245789    
   65.2500000       802.389648    
   65.5000000       783.354858    
   65.7500000       764.265503    
   66.0000000       745.245667    
   66.2500000       726.364502    
   66.5000000       707.470764    
   66.7500000       688.358215    
   67.0000000       668.820740    
   67.2500000       648.684448    
   67.5000000       627.905212    
   67.7500000       606.471191    
   68.0000000       584.370728    
   68.2500000       561.666260    
   68.5000000       538.717346    
   68.7500000       515.957581    
   69.0000000       493.820709    
   69.2500000       472.688446    
   69.5000000       452.734253    
   69.7500000       434.079498    
   70.0000000       416.845703    
   70.2500000       401.107727    
   70.5000000       386.754395    
   70.7500000       373.627960    
   71.0000000       361.570709    
   71.2500000       350.458374    
   71.5000000       340.300568    
   71.7500000       331.140350    
   72.0000000       323.020721    
   72.2500000       315.969727    
   72.5000000       309.955109    
   72.7500000       304.929535    
   73.0000000       300.845703    
   73.2500000       297.635376    
   73.5000000       295.146973    
   73.7500000       293.207916    
   74.0000000       291.645721    
   74.2500000       290.313293    
   74.5000000       289.165558    
   74.7500000       288.182922    
   75.0000000       287.345703    
   75.2500000       286.647766    
   75.5000000       286.136871    
   75.7500000       285.874146    
   76.0000000       285.920715    
   76.2500000       286.313202    
   76.5000000       286.989349    
   76.7500000       287.862457    
   77.0000000       288.845703    
   77.2500000       289.858948    
   77.5000000       290.848755    
   77.7500000       291.768280    
   78.0000000       292.570709    
   78.2500000       293.231903    
   78.5000000       293.818054    
   78.7500000       294.417999    
   79.0000000       295.120697    
   79.2500000       295.976807    
   79.5000000       296.884583    
   79.7500000       297.704163    
   80.0000000       298.295715    
   80.2500000       298.550812    
   80.5000000       298.486694    
   80.7500000       298.152100    
   81.0000000       297.595734    
   81.2500000       296.881012    
   81.5000000       296.130432    
   81.7500000       295.481262    
   82.0000000       295.070709    
   82.2500000       294.990906    
   82.5000000       295.153381    
   82.7500000       295.424530    
   83.0000000       295.670685    
   83.2500000       295.780365    
   83.5000000       295.730194    
   83.7500000       295.519043    
   84.0000000       295.145721    
   84.2500000       294.617798    
   84.5000000       293.978149    
   84.7500000       293.278534    
   85.0000000       292.570709    
   85.2500000       291.900970    
   85.5000000       291.294067    
   85.7500000       290.769165    
   86.0000000       290.345703    
   86.2500000       290.031860    
   86.5000000       289.791840    
   86.7500000       289.578735    
   87.0000000       289.345703    
   87.2500000       289.049683    
   87.5000000       288.662903    
   87.7500000       288.161224    
   88.0000000       287.520721    
   88.2500000       286.731506    
   88.5000000       285.840302    
   88.7500000       284.908081    
   89.0000000       283.995697    
   89.2500000       283.161896    
   89.5000000       282.456451    
   89.7500000       281.926880    
   90.0000000       281.620728    
   90.2500000       281.565460    
   90.5000000       281.708160    
   90.7500000       281.975922    
   91.0000000       282.295715    
   91.2500000       282.595123    
   91.5000000       282.803894    
   91.7500000       282.852325    
   92.0000000       282.670715    
   92.2500000       282.211212    
   92.5000000       281.513062    
   92.7500000       280.637512    
   93.0000000       279.645721    
   93.2500000       278.593811    
   93.5000000       277.518127    
   93.7500000       276.450012    
   94.0000000       275.420715    
   94.2500000       274.454620    
   94.5000000       273.548035    
   94.7500000       272.690308    
   95.0000000       271.870697    
   95.2500000       271.089722    
   95.5000000       270.392120    
   95.7500000       269.833801    
   96.0000000       269.470703    
   96.2500000       269.348267    
   96.5000000       269.470245    
   96.7500000       269.829926    
   97.0000000       270.420715    
   97.2500000       271.223145    
   97.5000000       272.166840    
   97.7500000       273.168732    
   98.0000000       274.145721    
   98.2500000       275.031555    
   98.5000000       275.827332    
   98.7500000       276.551056    
   99.0000000       277.220703    
   99.2500000       277.843719    
   99.5000000       278.385620    
   99.7500000       278.801331    
   100.000000       279.045715    
   100.250000       279.086121    
   100.500000       278.938812    
   100.750000       278.632477    
   101.000000       278.195709    
   101.250000       277.653687    
   101.500000       277.017761    
   101.750000       276.295807    
   102.000000       275.495728    
   102.250000       274.628876    
   102.500000       273.720642    
   102.750000       272.799957    
   103.000000       271.895721    
   103.250000       271.039520    
   103.500000       270.273926    
   103.750000       269.644226    
   104.000000       269.195709    
   104.250000       268.954590    
   104.500000       268.870483    
   104.750000       268.873993    
   105.000000       268.895721    
   105.250000       268.889160    
   105.500000       268.899719    
   105.750000       268.995789    
   106.000000       269.245728    
   106.250000       269.711548    
   106.500000       270.429901    
   106.750000       271.431183    
   107.000000       272.745697    
   107.250000       274.402283    
   107.500000       276.423645    
   107.750000       278.831024    
   108.000000       281.645721    
   108.250000       284.907928    
   108.500000       288.734192    
   108.750000       293.259918    
   109.000000       298.620697    
   109.250000       304.945312    
   109.500000       312.335815    
   109.750000       320.887512    
   110.000000       330.695709    
   110.250000       341.831512    
   110.500000       354.268738    
   110.750000       367.956909    
   111.000000       382.845703    
   111.250000       398.872467    
   111.500000       415.926056    
   111.750000       433.883240    
   112.000000       452.620697    
   112.250000       472.028625    
   112.500000       492.051239    
   112.750000       512.646118    
   113.000000       533.770752    
   113.250000       555.386047    
   113.500000       577.465210    
   113.750000       599.984619    
   114.000000       622.920715    
   114.250000       646.202393    
   114.500000       669.568726    
   114.750000       692.711060    
   115.000000       715.320740    
   115.250000       737.142151    
   115.500000       758.131104    
   115.750000       778.296143    
   116.000000       797.645752    
   116.250000       816.247742    
   116.500000       834.406311    
   116.750000       852.484497    
   117.000000       870.845764    
   117.250000       889.807373    
   117.500000       909.502808    
   117.750000       930.019714    
   118.000000       951.445740    
   118.250000       973.843506    
   118.500000       997.175842    
   118.750000       1021.38068    
   119.000000       1046.39575    
   119.250000       1072.21484    
   119.500000       1099.05566    
   119.750000       1127.19141    
   120.000000       1156.89563    
   120.250000       1188.39868    
   120.500000       1221.75977    
   120.750000       1256.99500    
   121.000000       1294.12073    
   121.250000       1333.03699    
   121.500000       1373.17932    
   121.750000       1413.86731    
   122.000000       1454.42065    
   122.250000       1494.28906    
   122.500000       1533.44385    
   122.750000       1571.98706    
   123.000000       1610.02063    
   123.250000       1647.72131    
   123.500000       1685.56592    
   123.750000       1724.10681    
   124.000000       1763.89563    
   124.250000       1805.33252    
   124.500000       1848.20984    
   124.750000       1892.16748    
   125.000000       1936.84570    
   125.250000       1981.85120    
   125.500000       2026.65637    
   125.750000       2070.69995    
   126.000000       2113.42065    
   126.250000       2154.33716    
   126.500000       2193.28857    
   126.750000       2230.19360    
   127.000000       2264.97070    
   127.250000       2297.52808    
   127.500000       2327.72900    
   127.750000       2355.42578    
   128.000000       2380.47070    
   128.250000       2402.78418    
   128.500000       2422.55737    
   128.750000       2440.04980    
   129.000000       2455.52100    
   129.250000       2469.15454    
   129.500000       2480.83228    
   129.750000       2490.36060    
   130.000000       2497.54565    
   130.250000       2502.20532    
   130.500000       2504.20386    
   130.750000       2503.41699    
   131.000000       2499.72070    
   131.250000       2493.10547    
   131.500000       2484.02051    
   131.750000       2473.02930    
   132.000000       2460.69580    
   132.250000       2447.43579    
   132.500000       2433.07324    
   132.750000       2417.28491    
   133.000000       2399.74585    
   133.250000       2380.19189    
   133.500000       2358.59497    
   133.750000       2334.98584    
   134.000000       2309.39600    
   134.250000       2281.84448    
   134.500000       2252.30347    
   134.750000       2220.73364    
   135.000000       2187.09595    
   135.250000       2151.36353    
   135.500000       2113.56104    
   135.750000       2073.72583    
   136.000000       2031.89575    
   136.250000       1988.21863    
   136.500000       1943.28687    
   136.750000       1897.80322    
   137.000000       1852.47070    
   137.250000       1807.80310    
   137.500000       1763.55652    
   137.750000       1719.29834    
   138.000000       1674.59558    
   138.250000       1629.07788    
   138.500000       1582.62634    
   138.750000       1535.18433    
   139.000000       1486.69568    
   139.250000       1437.22217    
   139.500000       1387.29932    
   139.750000       1337.58105    
   140.000000       1288.72070    
   140.250000       1241.34937    
   140.500000       1196.00635    
   140.750000       1153.20801    
   141.000000       1113.47070    
   141.250000       1077.02344    
   141.500000       1042.94617    
   141.750000       1010.03101    
   142.000000       977.070740    
   142.250000       943.014587    
   142.500000       907.439758    
   142.750000       870.080383    
   143.000000       830.670715    
   143.250000       789.329651    
   143.500000       747.716187    
   143.750000       707.873657    
   144.000000       671.845764    
   144.250000       641.071350    
   144.500000       614.570007    
   144.750000       590.756531    
   145.000000       568.045715    
   145.250000       545.031189    
   145.500000       521.021912    
   145.750000       495.505798    
   146.000000       467.970703    
   146.250000       438.287231    
   146.500000       407.857178    
   146.750000       378.465179    
   147.000000       351.895721    
   147.250000       329.494904    
   147.500000       310.854797    
   147.750000       295.128876    
   148.000000       281.470734    
   148.250000       269.133972    
   148.500000       257.772919    
   148.750000       247.142014    
   149.000000       236.995712    
   149.250000       227.202530    
   149.500000       218.087234    
   149.750000       210.088669    
   150.000000       203.645721    
   150.250000       198.988831    
   150.500000       195.514999    
   150.750000       192.412781    
   151.000000       188.870728    
   151.250000       184.228165    
   151.500000       178.427124    
   151.750000       171.560379    
   152.000000       163.720734    
   152.250000       155.022110    
   152.500000       145.663391    
   152.750000       135.864578    

