#TitleText:Ni(001)-(5x5)-Li     Beam (2/5,1/5)            Rfac10=       1.1305
 #"IV theory
   40.2500000       475.701721    
   40.5000000       467.718201    
   40.7500000       459.420776    
   41.0000000       450.836090    
   41.2500000       441.990875    
   41.5000000       432.911957    
   41.7500000       423.625885    
   42.0000000       414.159515    
   42.2500000       404.539124    
   42.5000000       394.789459    
   42.7500000       384.934692    
   43.0000000       374.999268    
   43.2500000       365.006531    
   43.5000000       354.976837    
   43.7500000       344.929504    
   44.0000000       334.883972    
   44.2500000       324.859314    
   44.5000000       314.872864    
   44.7500000       304.941620    
   45.0000000       295.082581    
   45.2500000       285.312714    
   45.5000000       275.649048    
   45.7500000       266.108582    
   46.0000000       256.708252    
   46.2500000       247.464340    
   46.5000000       238.390366    
   46.7500000       229.499023    
   47.0000000       220.803055    
   47.2500000       212.313828    
   47.5000000       204.037003    
   47.7500000       195.976883    
   48.0000000       188.137711    
   48.2500000       180.523056    
   48.5000000       173.133652    
   48.7500000       165.969559    
   49.0000000       159.030777    
   49.2500000       152.317368    
   49.5000000       145.829346    
   49.7500000       139.566742    
   50.0000000       133.529602    
   50.2500000       127.717636    
   50.5000000       122.129295    
   50.7500000       116.762733    
   51.0000000       111.616089    
   51.2500000       106.686867    
   51.5000000       101.970070    
   51.7500000       97.4600372    
   52.0000000       93.1511459    
   52.2500000       89.0374298    
   52.5000000       85.1116638    
   52.7500000       81.3663406    
   53.0000000       77.7938995    
   53.2500000       74.3868179    
   53.5000000       71.1375809    
   53.7500000       68.0386276    
   54.0000000       65.0824585    
   54.2500000       62.2616501    
   54.5000000       59.5693398    
   54.7500000       56.9988136    
   55.0000000       54.5433311    
   55.2500000       52.1964302    
   55.5000000       49.9527283    
   55.7500000       47.8070793    
   56.0000000       45.7543831    
   56.2500000       43.7896461    
   56.5000000       41.9083977    
   56.7500000       40.1063347    
   57.0000000       38.3791199    
   57.2500000       36.7224503    
   57.5000000       35.1319809    
   57.7500000       33.6034050    
   58.0000000       32.1324043    
   58.2500000       30.7149124    
   58.5000000       29.3479271    
   58.7500000       28.0287094    
   59.0000000       26.7545147    
   59.2500000       25.5231285    
   59.5000000       24.3344440    
   59.7500000       23.1888771    
   60.0000000       22.0868473    
   60.2500000       21.0290356    
   60.5000000       20.0171776    
   60.7500000       19.0532684    
   61.0000000       18.1393089    
   61.2500000       17.2772980    
   61.5000000       16.4692307    
   61.7500000       15.7171059    
   62.0000000       15.0229206    
   62.2500000       14.3887396    
   62.5000000       13.8168793    
   62.7500000       13.3097210    
   63.0000000       12.8696489    
   63.2500000       12.4991713    
   63.5000000       12.2013121    
   63.7500000       11.9792213    
   64.0000000       11.8360510    
   64.2500000       11.7750139    
   64.5000000       11.7995815    
   64.7500000       11.9132881    
   65.0000000       12.1196699    
   65.2500000       12.4222612    
   65.5000000       12.8245964    
   65.7500000       13.3302116    
   66.0000000       13.9426403    
   66.2500000       14.6652479    
   66.5000000       15.5007143    
   66.7500000       16.4515514    
   67.0000000       17.5202694    
   67.2500000       18.7090378    
   67.5000000       20.0186596    
   67.7500000       21.4495983    
   68.0000000       23.0023117    
   68.2500000       24.6770954    
   68.5000000       26.4735565    
   68.7500000       28.3911324    
   69.0000000       30.4292641    
   69.2500000       32.5873833    
   69.5000000       34.8649368    
   69.7500000       37.2613525    
   70.0000000       39.7760735    
   70.2500000       42.4083366    
   70.5000000       45.1565514    
   70.7500000       48.0189438    
   71.0000000       50.9937096    
   71.2500000       54.0786743    
   71.5000000       57.2700005    
   71.7500000       60.5634613    
   72.0000000       63.9548225    
   72.2500000       67.4396362    
   72.5000000       71.0126724    
   72.7500000       74.6684494    
   73.0000000       78.4015198    
   73.2500000       82.2064209    
   73.5000000       86.0777054    
   73.7500000       90.0099106    
   74.0000000       93.9975739    
   74.2500000       98.0351944    
   74.5000000       102.117035    
   74.7500000       106.237312    
   75.0000000       110.390251    
   75.2500000       114.569954    
   75.5000000       118.770096    
   75.7500000       122.984238    
   76.0000000       127.205956    
   76.2500000       131.428757    
   76.5000000       135.645920    
   76.7500000       139.850723    
   77.0000000       144.036362    
   77.2500000       148.196136    
   77.5000000       152.323212    
   77.7500000       156.410843    
   78.0000000       160.452301    
   78.2500000       164.440948    
   78.5000000       168.370621    
   78.7500000       172.235321    
   79.0000000       176.028992    
   79.2500000       179.745880    
   79.5000000       183.381210    
   79.7500000       186.930435    
   80.0000000       190.388977    
   80.2500000       193.752457    
   80.5000000       197.016922    
   80.7500000       200.178589    
   81.0000000       203.233643    
   81.2500000       206.178314    
   81.5000000       209.008713    
   81.7500000       211.721161    
   82.0000000       214.311737    
   82.2500000       216.776886    
   82.5000000       219.113800    
   82.7500000       221.319855    
   83.0000000       223.392426    
   83.2500000       225.329300    
   83.5000000       227.129868    
   83.7500000       228.793839    
   84.0000000       230.320984    
   84.2500000       231.711258    
   84.5000000       232.965393    
   84.7500000       234.084351    
   85.0000000       235.069077    
   85.2500000       235.920486    
   85.5000000       236.639557    
   85.7500000       237.227219    
   86.0000000       237.684402    
   86.2500000       238.012207    
   86.5000000       238.212280    
   86.7500000       238.286331    
   87.0000000       238.236206    
   87.2500000       238.063950    
   87.5000000       237.772659    
   87.7500000       237.365799    
   88.0000000       236.846863    
   88.2500000       236.219330    
   88.5000000       235.487396    
   88.7500000       234.655289    
   89.0000000       233.727264    
   89.2500000       232.707626    
   89.5000000       231.600601    
   89.7500000       230.410492    
   90.0000000       229.141525    
   90.2500000       227.797989    
   90.5000000       226.384125    
   90.7500000       224.904221    
   91.0000000       223.362518    
   91.2500000       221.763245    
   91.5000000       220.110657    
   91.7500000       218.409027    
   92.0000000       216.662552    
   92.2500000       214.875488    
   92.5000000       213.052048    
   92.7500000       211.196472    
   93.0000000       209.313004    
   93.2500000       207.405884    
   93.5000000       205.479294    
   93.7500000       203.537491    
   94.0000000       201.584732    
   94.2500000       199.625137    
   94.5000000       197.662491    
   94.7500000       195.700485    
   95.0000000       193.742828    
   95.2500000       191.793045    
   95.5000000       189.853943    
   95.7500000       187.928177    
   96.0000000       186.018356    
   96.2500000       184.127060    
   96.5000000       182.256439    
   96.7500000       180.408615    
   97.0000000       178.585739    
   97.2500000       176.789871    
   97.5000000       175.023117    
   97.7500000       173.287613    
   98.0000000       171.585419    
   98.2500000       169.918564    
   98.5000000       168.288620    
   98.7500000       166.697067    
   99.0000000       165.145309    
   99.2500000       163.634659    
   99.5000000       162.165482    
   99.7500000       160.738007    
   100.000000       159.352356    
   100.250000       158.008667    
   100.500000       156.706543    
   100.750000       155.445572    
   101.000000       154.225281    
   101.250000       153.045212    
   101.500000       151.904892    
   101.750000       150.803909    
   102.000000       149.741776    
   102.250000       148.717987    
   102.500000       147.731781    
   102.750000       146.782303    
   103.000000       145.868698    
   103.250000       144.990021    
   103.500000       144.144775    
   103.750000       143.331360    
   104.000000       142.548172    
   104.250000       141.793533    
   104.500000       141.065506    
   104.750000       140.362106    

