#TitleText:Ni(001)-(5x5)-Li     Beam (1,0)                Rfac10=       0.4323
 #"IV theory
   46.2500000       1278.72607    
   46.5000000       1302.57202    
   46.7500000       1326.45081    
   47.0000000       1350.24023    
   47.2500000       1373.79138    
   47.5000000       1396.84692    
   47.7500000       1419.12317    
   48.0000000       1440.33643    
   48.2500000       1460.18860    
   48.5000000       1478.32874    
   48.7500000       1494.39172    
   49.0000000       1508.01282    
   49.2500000       1518.82678    
   49.5000000       1526.46899    
   49.7500000       1530.57458    
   50.0000000       1530.77844    
   50.2500000       1526.75574    
   50.5000000       1518.34143    
   50.7500000       1505.41040    
   51.0000000       1487.83765    
   51.2500000       1465.57800    
   51.5000000       1438.90637    
   51.7500000       1408.17725    
   52.0000000       1373.74512    
   52.2500000       1336.00476    
   52.5000000       1295.51099    
   52.7500000       1252.85779    
   53.0000000       1208.64014    
   53.2500000       1163.45215    
   53.5000000       1117.88867    
   53.7500000       1072.54395    
   54.0000000       1028.01282    
   54.2500000       984.856018    
   54.5000000       943.501587    
   54.7500000       904.343872    
   55.0000000       867.777344    
   55.2500000       834.129578    
   55.5000000       803.461731    
   55.7500000       775.767944    
   56.0000000       751.042480    
   56.2500000       729.246277    
   56.5000000       710.206848    
   56.7500000       693.718262    
   57.0000000       679.574829    
   57.2500000       667.570557    
   57.5000000       657.499695    
   57.7500000       649.156494    
   58.0000000       642.335022    
   58.2500000       636.836304    
   58.5000000       632.488831    
   58.7500000       629.127991    
   59.0000000       626.589111    
   59.2500000       624.721252    
   59.5000000       623.428345    
   59.7500000       622.628174    
   60.0000000       622.238281    
   60.2500000       622.183411    
   60.5000000       622.415344    
   60.7500000       622.893250    
   61.0000000       623.575745    
   61.2500000       624.421814    
   61.5000000       625.390320    
   61.7500000       626.440125    
   62.0000000       627.530029    
   62.2500000       628.621216    
   62.5000000       629.682678    
   62.7500000       630.686218    
   63.0000000       631.602966    
   63.2500000       632.408691    
   63.5000000       633.095703    
   63.7500000       633.660645    
   64.0000000       634.099915    
   64.2500000       634.412354    
   64.5000000       634.604736    
   64.7500000       634.686279    
   65.0000000       634.666138    
   65.2500000       634.553345    
   65.5000000       634.357056    
   65.7500000       634.086365    
   66.0000000       633.750427    
   66.2500000       633.357727    
   66.5000000       632.914673    
   66.7500000       632.427124    
   67.0000000       631.900940    
   67.2500000       631.340942    
   67.5000000       630.747559    
   67.7500000       630.120056    
   68.0000000       629.457886    
   68.2500000       628.759888    
   68.5000000       628.022583    
   68.7500000       627.242188    
   69.0000000       626.414734    
   69.2500000       625.536377    
   69.5000000       624.603271    
   69.7500000       623.611450    
   70.0000000       622.557007    
   70.2500000       621.438110    
   70.5000000       620.261230    
   70.7500000       619.034790    
   71.0000000       617.767334    
   71.2500000       616.471436    
   71.5000000       615.176147    
   71.7500000       613.914734    
   72.0000000       612.720459    
   72.2500000       611.628540    
   72.5000000       610.682617    
   72.7500000       609.928162    
   73.0000000       609.410828    
   73.2500000       609.176208    
   73.5000000       609.269958    
   73.7500000       609.737549    
   74.0000000       610.624634    
   74.2500000       611.975647    
   74.5000000       613.829956    
   74.7500000       616.225647    
   75.0000000       619.200806    
   75.2500000       622.791199    
   75.5000000       627.022461    
   75.7500000       631.917908    
   76.0000000       637.500671    
   76.2500000       643.792847    
   76.5000000       650.811340    
   76.7500000       658.571899    
   77.0000000       667.090454    
   77.2500000       676.382568    
   77.5000000       686.464233    
   77.7500000       697.351074    
   78.0000000       709.058899    
   78.2500000       721.597290    
   78.5000000       734.951111    
   78.7500000       749.099060    
   79.0000000       764.019897    
   79.2500000       779.679871    
   79.5000000       795.996033    
   79.7500000       812.872742    
   80.0000000       830.214722    
   80.2500000       847.920227    
   80.5000000       865.862915    
   80.7500000       883.910461    
   81.0000000       901.930115    
   81.2500000       919.789551    
   81.5000000       937.356079    
   81.7500000       954.497253    
   82.0000000       971.080627    
   82.2500000       986.982666    
   82.5000000       1002.11670    
   82.7500000       1016.40503    
   83.0000000       1029.77002    
   83.2500000       1042.15234    
   83.5000000       1053.56580    
   83.7500000       1064.04236    
   84.0000000       1073.61438    
   84.2500000       1082.32300    
   84.5000000       1090.24597    
   84.7500000       1097.47046    
   85.0000000       1104.08301    
   85.2500000       1110.17114    
   85.5000000       1115.82153    
   85.7500000       1121.12122    
   86.0000000       1126.15710    
   86.2500000       1131.01233    
   86.5000000       1135.75500    
   86.7500000       1140.44897    
   87.0000000       1145.15845    
   87.2500000       1149.93970    
   87.5000000       1154.81897    
   87.7500000       1159.81409    
   88.0000000       1164.94348    
   88.2500000       1170.22168    
   88.5000000       1175.64783    
   88.7500000       1181.21729    
   89.0000000       1186.92542    
   89.2500000       1192.76746    
   89.5000000       1198.73901    
   89.7500000       1204.83496    
   90.0000000       1211.05127    
   90.2500000       1217.38306    
   90.5000000       1223.82703    
   90.7500000       1230.37964    
   91.0000000       1237.03735    
   91.2500000       1243.79749    
   91.5000000       1250.65845    
   91.7500000       1257.61963    
   92.0000000       1264.67981    
   92.2500000       1271.83862    
   92.5000000       1279.09607    
   92.7500000       1286.45251    
   93.0000000       1293.90808    
   93.2500000       1301.46350    
   93.5000000       1309.11902    
   93.7500000       1316.87488    
   94.0000000       1324.73145    
   94.2500000       1332.68958    
   94.5000000       1340.75110    
   94.7500000       1348.91797    
   95.0000000       1357.19287    
   95.2500000       1365.57861    
   95.5000000       1374.08044    
   95.7500000       1382.70459    
   96.0000000       1391.45703    
   96.2500000       1400.34412    
   96.5000000       1409.37366    
   96.7500000       1418.55359    
   97.0000000       1427.89172    
   97.2500000       1437.39624    
   97.5000000       1447.07471    
   97.7500000       1456.93567    
   98.0000000       1466.98669    
   98.2500000       1477.23523    
   98.5000000       1487.68604    
   98.7500000       1498.34314    
   99.0000000       1509.21094    
   99.2500000       1520.29211    
   99.5000000       1531.58447    
   99.7500000       1543.08459    
   100.000000       1554.78882    
   100.250000       1566.69299    
   100.500000       1578.79053    
   100.750000       1591.07385    
   101.000000       1603.53613    
   101.250000       1616.16956    
   101.500000       1628.96704    
   101.750000       1641.92090    
   102.000000       1655.02441    
   102.250000       1668.27661    
   102.500000       1681.70483    
   102.750000       1695.34277    
   103.000000       1709.22485    
   103.250000       1723.39856    
   103.500000       1737.96667    
   103.750000       1753.04626    
   104.000000       1768.75378    
   104.250000       1785.21265    
   104.500000       1802.57410    
   104.750000       1820.99609    
   105.000000       1840.63660    
   105.250000       1861.65369    
   105.500000       1884.20520    
   105.750000       1908.44922    
   106.000000       1934.54370    
   106.250000       1962.61072    
   106.500000       1992.62915    
   106.750000       2024.54175    
   107.000000       2058.29126    
   107.250000       2093.74902    
   107.500000       2130.49927    
   107.750000       2168.05396    
   108.000000       2205.92676    
   108.250000       2243.59326    
   108.500000       2280.38721    
   108.750000       2315.60620    
   109.000000       2348.54712    
   109.250000       2378.50781    
   109.500000       2404.78564    
   109.750000       2426.67798    
   110.000000       2443.48193    
   110.250000       2454.54907    
   110.500000       2459.44556    
   110.750000       2457.79199    
   111.000000       2449.20874    
   111.250000       2433.42358    
   111.500000       2410.59521    
   111.750000       2380.98975    
   112.000000       2344.87329    
   112.250000       2302.56616    
   112.500000       2254.60327    
   112.750000       2201.57422    
   113.000000       2144.06763    
   113.250000       2082.67285    
   113.500000       2017.97900    
   113.750000       1950.57544    
   114.000000       1881.05078    
   114.250000       1809.97949    
   114.500000       1737.87573    
   114.750000       1665.23865    
   115.000000       1592.56738    
   115.250000       1520.33142    
   115.500000       1448.87952    
   115.750000       1378.53137    
   116.000000       1309.60620    
   116.250000       1242.40820    
   116.500000       1177.18213    
   116.750000       1114.15698    
   117.000000       1053.56213    
   117.250000       995.627136    
   117.500000       940.581299    
   117.750000       888.653931    
   118.000000       840.074524    
   118.250000       795.055054    
   118.500000       753.738586    
   118.750000       716.251038    
   119.000000       682.717957    
   119.250000       653.230835    
   119.500000       627.742676    
   119.750000       606.172119    
   120.000000       588.437805    
   120.250000       574.440918    
   120.500000       564.013916    
   120.750000       556.971680    
   121.000000       553.129272    
   121.250000       552.301697    
   121.500000       554.303955    
   121.750000       558.951050    
   122.000000       566.058044    
   122.250000       575.448364    
   122.500000       586.979248    
   122.750000       600.516479    
   123.000000       615.925659    
   123.250000       633.089478    
   123.500000       651.958130    
   123.750000       672.498718    
   124.000000       694.678223    
   124.250000       718.472473    
   124.500000       743.890564    
   124.750000       770.950439    
   125.000000       799.669800    
   125.250000       830.066589    
   125.500000       862.158447    
   125.750000       895.963318    
   126.000000       931.498962    
   126.250000       968.782837    
   126.500000       1007.83173    
   126.750000       1048.66174    
   127.000000       1091.28955    
   127.250000       1135.73071    
   127.500000       1181.99927    
   127.750000       1230.10876    
   128.000000       1280.07251    
   128.250000       1331.90381    
   128.500000       1385.61475    
   128.750000       1441.21741    
   129.000000       1498.72388    
   129.250000       1558.14600    
   129.500000       1619.49609    
   129.750000       1682.78552    
   130.000000       1748.02698    
   130.250000       1815.22998    
   130.500000       1884.39795    
   130.750000       1955.53149    
   131.000000       2028.63171    
   131.250000       2103.69604    
   131.500000       2180.70703    
   131.750000       2259.64380    
   132.000000       2340.48511    
   132.250000       2423.20898    
   132.500000       2507.78442    
   132.750000       2594.17993    
   133.000000       2682.36304    
   133.250000       2772.30249    
   133.500000       2863.96582    
   133.750000       2957.32129    
   134.000000       3052.33691    
   134.250000       3148.99731    
   134.500000       3247.35229    
   134.750000       3347.46973    
   135.000000       3449.41553    
   135.250000       3553.29004    
   135.500000       3659.32446    
   135.750000       3767.78345    
   136.000000       3878.93213    
   136.250000       3993.05078    
   136.500000       4110.48584    
   136.750000       4231.60205    
   137.000000       4356.76172    
   137.250000       4486.32813    
   137.500000       4620.66504    
   137.750000       4760.13477    
   138.000000       4905.10205    
   138.250000       5055.90479    
   138.500000       5212.77979    
   138.750000       5375.93945    
   139.000000       5545.59766    
   139.250000       5721.91602    
   139.500000       5904.85449    
   139.750000       6094.32520    
   140.000000       6290.23779    
   140.250000       6492.47900    
   140.500000       6700.83350    
   140.750000       6915.06055    
   141.000000       7134.92041    
   141.250000       7360.17285    
   141.500000       7590.57861    
   141.750000       7825.89697    
   142.000000       8065.88770    
   142.250000       8310.55664    
   142.500000       8560.88965    
   142.750000       8818.12109    
   143.000000       9083.48145    
   143.250000       9358.69434    
   143.500000       9647.44727    
   143.750000       9953.91602    
   144.000000       10282.2793    
   144.250000       10636.9600    
   144.500000       11023.3613    
   144.750000       11447.1328    
   145.000000       11913.9258    
   145.250000       12429.3887    
   145.500000       12999.1729    
   145.750000       13628.9268    
   146.000000       14324.2998    
   146.250000       15090.2139    
   146.500000       15928.6768    
   146.750000       16840.9609    
   147.000000       17828.3457    
   147.250000       18890.6523    
   147.500000       20021.8633    
   147.750000       21214.5117    
   148.000000       22461.1348    
   148.250000       23753.5254    
   148.500000       25080.5781    
   148.750000       26430.4453    
   149.000000       27791.2871    
   149.250000       29151.2598    
   149.500000       30498.5254    
   149.750000       31821.2363    
   150.000000       33107.5508    
   150.250000       34346.1367    
   150.500000       35527.6797    
   150.750000       36643.3828    
   151.000000       37684.4297    
   151.250000       38643.0234    
   151.500000       39515.4414    
   151.750000       40298.9297    
   152.000000       40990.7695    
   152.250000       41588.7305    
   152.500000       42092.6133    
   152.750000       42502.7266    
   153.000000       42819.3750    
   153.250000       43042.8594    
   153.500000       43173.4961    
   153.750000       43211.5742    
   154.000000       43157.4102    
   154.250000       43011.6641    
   154.500000       42776.4219    
   154.750000       42454.1211    
   155.000000       42047.2070    
   155.250000       41558.8359    
   155.500000       40995.0000    
   155.750000       40362.4180    
   156.000000       39667.7891    
   156.250000       38918.1992    
   156.500000       38122.1328    
   156.750000       37288.4336    
   157.000000       36425.9570    
   157.250000       35543.5469    
   157.500000       34650.0586    
   157.750000       33754.3320    
   158.000000       32865.2148    
   158.250000       31991.0684    
   158.500000       31138.2813    
   158.750000       30312.7520    
   159.000000       29520.3828    
   159.250000       28766.0918    
   159.500000       28050.8613    
   159.750000       27374.7031    
   160.000000       26737.6152    
   160.250000       26139.1113    
   160.500000       25576.7363    
   160.750000       25047.5508    
   161.000000       24548.6074    
   161.250000       24076.9629    
   161.500000       23629.6719    
   161.750000       23203.7910    
   162.000000       22796.3770    
   162.250000       22404.6152    
   162.500000       22026.1934    
   162.750000       21658.9355    
   163.000000       21300.6602    
   163.250000       20949.4453    
   163.500000       20604.3828    
   163.750000       20264.8223    
   164.000000       19930.1113    
   164.250000       19599.7305    
   164.500000       19273.6680    
   164.750000       18952.0313    
   165.000000       18634.9395    
   165.250000       18322.5020    
   165.500000       18014.8359    
   165.750000       17712.0527    
   166.000000       17414.2676    
   166.250000       17121.5781    
   166.500000       16834.0176    
   166.750000       16551.5996    
   167.000000       16274.3389    
   167.250000       16002.2227    
   167.500000       15735.0996    
   167.750000       15472.7920    
   168.000000       15215.1191    
   168.250000       14961.8838    
   168.500000       14712.8232    
   168.750000       14467.6631    
   169.000000       14226.1201    
   169.250000       13987.9199    
   169.500000       13752.7842    
   169.750000       13520.4316    
   170.000000       13290.5879    
   170.250000       13062.9834    
   170.500000       12837.4043    
   170.750000       12613.6455    
   171.000000       12391.5039    
   171.250000       12170.7998    
   171.500000       11951.4521    
   171.750000       11733.4072    
   172.000000       11516.6055    
   172.250000       11301.0068    
   172.500000       11086.6152    
   172.750000       10873.4502    
   173.000000       10661.5293    
   173.250000       10450.8701    
   173.500000       10241.4932    
   173.750000       10033.4160    
   174.000000       9826.65527    
   174.250000       9621.23145    
   174.500000       9417.15918    
   174.750000       9214.45313    
   175.000000       9013.12891    
   175.250000       8813.20117    
   175.500000       8614.67871    
   175.750000       8417.57227    
   176.000000       8221.88965    
   176.250000       8027.63867    
   176.500000       7834.82764    
   176.750000       7643.46191    
   177.000000       7453.54590    
   177.250000       7265.08691    
   177.500000       7078.09033    
   177.750000       6892.56152    
   178.000000       6708.50635    
   178.250000       6525.93799    
   178.500000       6344.88770    
   178.750000       6165.39453    
   179.000000       5987.49902    
   179.250000       5811.25000    
   179.500000       5636.74170    
   179.750000       5464.07910    
   180.000000       5293.36768    
   180.250000       5124.71729    
   180.500000       4958.26025    
   180.750000       4794.13574    
   181.000000       4632.48047    
   181.250000       4473.43359    
   181.500000       4317.13281    
   181.750000       4163.71582    
   182.000000       4013.32129    
   182.250000       3866.08203    
   182.500000       3722.11060    
   182.750000       3581.51392    
   183.000000       3444.40039    
   183.250000       3310.86694    
   183.500000       3180.96973    
   183.750000       3054.75562    
   184.000000       2932.27100    
   184.250000       2813.55640    
   184.500000       2698.63354    
   184.750000       2587.51807    
   185.000000       2480.22534    
   185.250000       2376.77100    
   185.500000       2277.17163    
   185.750000       2181.44238    
   186.000000       2089.59912    
   186.250000       2001.71411    
   186.500000       1918.08704    
   186.750000       1839.07361    
   187.000000       1765.02966    
   187.250000       1696.42456    
   187.500000       1634.18140    
   187.750000       1579.33618    
   188.000000       1532.92542    
   188.250000       1496.04163    
   188.500000       1470.00500    
   188.750000       1456.19189    
   189.000000       1455.97839    
   189.250000       1470.74121    
   189.500000       1501.85669    
   189.750000       1550.70129    
   190.000000       1618.65149    
   190.250000       1706.96350    
   190.500000       1816.41565    
   190.750000       1947.66479    
   191.000000       2101.36865    
   191.250000       2277.94580    
   191.500000       2476.85522    
   191.750000       2697.31714    
   192.000000       2938.55200    
   192.250000       3199.65967    
   192.500000       3479.26123    
   192.750000       3775.85791    
   193.000000       4087.95166    
   193.250000       4414.04297    
   193.500000       4752.63379    
   193.750000       5102.22461    
   194.000000       5461.31689    
   194.250000       5828.31787    
   194.500000       6201.26465    
   194.750000       6578.09619    
   195.000000       6956.75537    
   195.250000       7334.99561    
   195.500000       7709.82520    
   195.750000       8078.06348    
   196.000000       8436.53125    
   196.250000       8781.95605    
   196.500000       9110.69434    
   196.750000       9419.00977    
   197.000000       9703.16699    
   197.250000       9959.42871    
   197.500000       10184.0469    
   197.750000       10373.2676    
   198.000000       10523.3438    
   198.250000       10630.8379    
   198.500000       10693.5781    
   198.750000       10709.7080    
   199.000000       10677.3711    
   199.250000       10595.2871    
   199.500000       10464.4902    
   199.750000       10286.5918    

