#TitleText:Ni(001)-(5x5)-Li     Beam (1,4/5)              Rfac10=       0.7273
 #"IV theory
   72.2500000       693.371887    
   72.5000000       726.110657    
   72.7500000       758.176453    
   73.0000000       789.436462    
   73.2500000       819.757874    
   73.5000000       849.007935    
   73.7500000       877.053955    
   74.0000000       903.763000    
   74.2500000       929.009155    
   74.5000000       952.692688    
   74.7500000       974.720947    
   75.0000000       995.001221    
   75.2500000       1013.45367    
   75.5000000       1030.05237    
   75.7500000       1044.78418    
   76.0000000       1057.63635    
   76.2500000       1068.60242    
   76.5000000       1077.70300    
   76.7500000       1084.96509    
   77.0000000       1090.41589    
   77.2500000       1094.08179    
   77.5000000       1095.99072    
   77.7500000       1096.16895    
   78.0000000       1094.64404    
   78.2500000       1091.44543    
   78.5000000       1086.61230    
   78.7500000       1080.18701    
   79.0000000       1072.21130    
   79.2500000       1062.73206    
   79.5000000       1051.81616    
   79.7500000       1039.53516    
   80.0000000       1025.96118    
   80.2500000       1011.16846    
   80.5000000       995.240967    
   80.7500000       978.265625    
   81.0000000       960.328857    
   81.2500000       941.517517    
   81.5000000       921.918213    
   81.7500000       901.617798    
   82.0000000       880.702698    
   82.2500000       859.258240    
   82.5000000       837.363464    
   82.7500000       815.095703    
   83.0000000       792.532532    
   83.2500000       769.748230    
   83.5000000       746.805115    
   83.7500000       723.761902    
   84.0000000       700.677917    
   84.2500000       677.610474    
   84.5000000       654.610901    
   84.7500000       631.729187    
   85.0000000       609.014771    
   85.2500000       586.517883    
   85.5000000       564.288025    
   85.7500000       542.375183    
   86.0000000       520.829102    
   86.2500000       499.697540    
   86.5000000       479.020355    
   86.7500000       458.835510    
   87.0000000       439.180695    
   87.2500000       420.089905    
   87.5000000       401.580994    
   87.7500000       383.667938    
   88.0000000       366.364655    
   88.2500000       349.683167    
   88.5000000       333.627350    
   88.7500000       318.199280    
   89.0000000       303.400909    
   89.2500000       289.234283    
   89.5000000       275.701324    
   89.7500000       262.804047    
   90.0000000       250.544479    
   90.2500000       238.924011    
   90.5000000       227.941696    
   90.7500000       217.596069    
   91.0000000       207.885635    
   91.2500000       198.807724    
   91.5000000       190.355057    
   91.7500000       182.519150    
   92.0000000       175.291534    
   92.2500000       168.663162    
   92.5000000       162.622635    
   92.7500000       157.158051    
   93.0000000       152.257416    
   93.2500000       147.908798    
   93.5000000       144.100220    
   93.7500000       140.819748    
   94.0000000       138.055420    
   94.2500000       135.795547    
   94.5000000       134.029434    
   94.7500000       132.746643    
   95.0000000       131.936752    
   95.2500000       131.589874    
   95.5000000       131.698090    
   95.7500000       132.254013    
   96.0000000       133.250305    
   96.2500000       134.679810    
   96.5000000       136.536453    
   96.7500000       138.814362    
   97.0000000       141.507690    
   97.2500000       144.610596    
   97.5000000       148.117218    
   97.7500000       152.021698    
   98.0000000       156.318207    
   98.2500000       161.000946    
   98.5000000       166.064331    
   98.7500000       171.502853    
   99.0000000       177.311020    
   99.2500000       183.483383    
   99.5000000       190.015015    
   99.7500000       196.901062    
   100.000000       204.136627    
   100.250000       211.716965    
   100.500000       219.637497    
   100.750000       227.893707    
   101.000000       236.481079    
   101.250000       245.395096    
   101.500000       254.631256    
   101.750000       264.184998    
   102.000000       274.051880    
   102.250000       284.226990    
   102.500000       294.704163    
   102.750000       305.476837    
   103.000000       316.538452    
   103.250000       327.881775    
   103.500000       339.496948    
   103.750000       351.373260    
   104.000000       363.500244    
   104.250000       375.866852    
   104.500000       388.460846    
   104.750000       401.269562    
   105.000000       414.280426    
   105.250000       427.480774    
   105.500000       440.857941    
   105.750000       454.399353    
   106.000000       468.092377    
   106.250000       481.923981    
   106.500000       495.880127    
   106.750000       509.946136    
   107.000000       524.107544    
   107.250000       538.349243    
   107.500000       552.653564    
   107.750000       567.002136    
   108.000000       581.376770    
   108.250000       595.758728    
   108.500000       610.128296    
   108.750000       624.465149    
   109.000000       638.749268    
   109.250000       652.960388    
   109.500000       667.078369    
   109.750000       681.082886    
   110.000000       694.953979    
   110.250000       708.671326    
   110.500000       722.215881    
   110.750000       735.568176    
   111.000000       748.708679    
   111.250000       761.618774    
   111.500000       774.280334    
   111.750000       786.676147    
   112.000000       798.788391    
   112.250000       810.599976    
   112.500000       822.093933    
   112.750000       833.253845    
   113.000000       844.062927    
   113.250000       854.504761    
   113.500000       864.562256    
   113.750000       874.219421    
   114.000000       883.459167    
   114.250000       892.265686    
   114.500000       900.625122    
   114.750000       908.524475    
   115.000000       915.950500    
   115.250000       922.891541    
   115.500000       929.339783    
   115.750000       935.289551    

