#TitleText:Ni(001)-(5x5)-Li     Beam (2/5,2/5)            Rfac10=       0.6302
 #"IV theory
   40.2500000       313.730804    
   40.5000000       293.898376    
   40.7500000       275.061401    
   41.0000000       257.219666    
   41.2500000       240.373047    
   41.5000000       224.521255    
   41.7500000       209.664230    
   42.0000000       195.801758    
   42.2500000       182.932251    
   42.5000000       171.048416    
   42.7500000       160.141556    
   43.0000000       150.202972    
   43.2500000       141.221130    
   43.5000000       133.173111    
   43.7500000       126.033188    
   44.0000000       119.775597    
   44.2500000       114.373177    
   44.5000000       109.793053    
   44.7500000       106.000984    
   45.0000000       102.962677    
   45.2500000       100.643867    
   45.5000000       99.0102844    
   45.7500000       98.0276566    
   46.0000000       97.6617050    
   46.2500000       97.8781433    
   46.5000000       98.6426010    
   46.7500000       99.9206848    
   47.0000000       101.678040    
   47.2500000       103.880211    
   47.5000000       106.492638    
   47.7500000       109.480705    
   48.0000000       112.809784    
   48.2500000       116.445282    
   48.5000000       120.352448    
   48.7500000       124.496597    
   49.0000000       128.842987    
   49.2500000       133.356903    
   49.5000000       138.003586    
   49.7500000       142.748337    
   50.0000000       147.556427    
   50.2500000       152.394058    
   50.5000000       157.231033    
   50.7500000       162.038040    
   51.0000000       166.785858    
   51.2500000       171.447006    
   51.5000000       176.001266    
   51.7500000       180.430298    
   52.0000000       184.715714    
   52.2500000       188.839996    
   52.5000000       192.789398    
   52.7500000       196.550919    
   53.0000000       200.111649    
   53.2500000       203.458679    
   53.5000000       206.579010    
   53.7500000       209.459778    
   54.0000000       212.088058    
   54.2500000       214.451721    
   54.5000000       216.542084    
   54.7500000       218.351257    
   55.0000000       219.871353    
   55.2500000       221.096207    
   55.5000000       222.026337    
   55.7500000       222.663986    
   56.0000000       223.011398    
   56.2500000       223.071640    
   56.5000000       222.851166    
   56.7500000       222.357224    
   57.0000000       221.597153    
   57.2500000       220.578201    
   57.5000000       219.307678    
   57.7500000       217.792862    
   58.0000000       216.041031    
   58.2500000       214.059738    
   58.5000000       211.857559    
   58.7500000       209.443375    
   59.0000000       206.825974    
   59.2500000       204.014771    
   59.5000000       201.021164    
   59.7500000       197.857162    
   60.0000000       194.534698    
   60.2500000       191.066025    
   60.5000000       187.464355    
   60.7500000       183.743256    
   61.0000000       179.916245    
   61.2500000       175.996796    
   61.5000000       171.998489    
   61.7500000       167.934830    
   62.0000000       163.819321    
   62.2500000       159.665253    
   62.5000000       155.484863    
   62.7500000       151.290207    
   63.0000000       147.093246    
   63.2500000       142.905548    
   63.5000000       138.736511    
   63.7500000       134.595230    
   64.0000000       130.490631    
   64.2500000       126.431458    
   64.5000000       122.425468    
   64.7500000       118.480110    
   65.0000000       114.602867    
   65.2500000       110.801231    
   65.5000000       107.082664    
   65.7500000       103.454666    
   66.0000000       99.9246979    
   66.2500000       96.4998932    
   66.5000000       93.1858978    
   66.7500000       89.9880142    
   67.0000000       86.9115677    
   67.2500000       83.9611053    
   67.5000000       81.1383286    
   67.7500000       78.4441757    
   68.0000000       75.8796082    
   68.2500000       73.4451981    
   68.5000000       71.1401062    
   68.7500000       68.9630966    
   69.0000000       66.9129410    
   69.2500000       64.9884186    
   69.5000000       63.1883163    
   69.7500000       61.5113869    
   70.0000000       59.9564133    
   70.2500000       58.5220108    
   70.5000000       57.2060585    
   70.7500000       56.0062370    
   71.0000000       54.9202766    
   71.2500000       53.9455223    
   71.5000000       53.0778885    
   71.7500000       52.3129539    
   72.0000000       51.6462631    
   72.2500000       51.0732231    
   72.5000000       50.5884972    
   72.7500000       50.1865807    
   73.0000000       49.8619728    
   73.2500000       49.6091652    
   73.5000000       49.4226608    
   73.7500000       49.2969475    
   74.0000000       49.2265129    
   74.2500000       49.2059288    
   74.5000000       49.2299767    
   74.7500000       49.2935181    
   75.0000000       49.3914032    
   75.2500000       49.5186081    
   75.5000000       49.6705780    
   75.7500000       49.8428955    
   76.0000000       50.0311241    
   76.2500000       50.2308960    
   76.5000000       50.4380798    
   76.7500000       50.6486168    
   77.0000000       50.8584251    
   77.2500000       51.0634384    
   77.5000000       51.2595901    
   77.7500000       51.4428101    
   78.0000000       51.6090279    
   78.2500000       51.7543335    
   78.5000000       51.8754845    
   78.7500000       51.9693947    
   79.0000000       52.0329819    
   79.2500000       52.0634727    
   79.5000000       52.0594406    
   79.7500000       52.0197601    
   80.0000000       51.9433289    
   80.2500000       51.8291855    
   80.5000000       51.6770248    
   80.7500000       51.4867401    
   81.0000000       51.2581749    
   81.2500000       50.9912109    
   81.5000000       50.6857185    
   81.7500000       50.3415604    
   82.0000000       49.9586029    
   82.2500000       49.5368462    
   82.5000000       49.0767670    
   82.7500000       48.5789642    
   83.0000000       48.0440445    
   83.2500000       47.4728508    
   83.5000000       46.8672142    
   83.7500000       46.2291985    
   84.0000000       45.5608711    
   84.2500000       44.8644295    
   84.5000000       44.1425514    
   84.7500000       43.3980408    
   85.0000000       42.6336937    
   85.2500000       41.8523254    
   85.5000000       41.0567322    
   85.7500000       40.2497139    
   86.0000000       39.4340706    
   86.2500000       38.6126366    
   86.5000000       37.7882957    
   86.7500000       36.9639664    
   87.0000000       36.1425629    
   87.2500000       35.3270264    
   87.5000000       34.5204544    
   87.7500000       33.7259865    
   88.0000000       32.9467506    
   88.2500000       32.1858978    
   88.5000000       31.4466496    
   88.7500000       30.7322559    
   89.0000000       30.0459538    
   89.2500000       29.3909874    
   89.5000000       28.7706013    
   89.7500000       28.1880302    
   90.0000000       27.6465263    
   90.2500000       27.1492558    
   90.5000000       26.6991005    
   90.7500000       26.2988739    
   91.0000000       25.9513817    
   91.2500000       25.6592960    
   91.5000000       25.4246998    
   91.7500000       25.2495441    
   92.0000000       25.1357746    
   92.2500000       25.0852661    
   92.5000000       25.0996017    
   92.7500000       25.1803017    
   93.0000000       25.3288746    
   93.2500000       25.5468349    
   93.5000000       25.8356991    
   93.7500000       26.1969814    
   94.0000000       26.6321926    
   94.2500000       27.1427498    
   94.5000000       27.7296829    
   94.7500000       28.3939209    
   95.0000000       29.1363850    
   95.2500000       29.9578152    
   95.5000000       30.8581600    
   95.7500000       31.8371887    
   96.0000000       32.8946457    
   96.2500000       34.0301971    
   96.5000000       35.2431107    
   96.7500000       36.5325699    
   97.0000000       37.8977318    
   97.2500000       39.3377800    
   97.5000000       40.8518791    
   97.7500000       42.4392052    
   98.0000000       44.0989380    
   98.2500000       45.8301697    
   98.5000000       47.6317444    
   98.7500000       49.5024185    
   99.0000000       51.4409523    
   99.2500000       53.4459801    
   99.5000000       55.5155716    
   99.7500000       57.6476822    
   100.000000       59.8402481    
   100.250000       62.0911560    
   100.500000       64.3979874    
   100.750000       66.7583160    
   101.000000       69.1696396    
   101.250000       71.6295013    
   101.500000       74.1354523    
   101.750000       76.6849976    
   102.000000       79.2756958    
   102.250000       81.9050598    
   102.500000       84.5705872    
   102.750000       87.2696838    
   103.000000       89.9998169    
   103.250000       92.7584229    
   103.500000       95.5428314    
   103.750000       98.3502960    
   104.000000       101.178146    
   104.250000       104.023636    
   104.500000       106.883995    
   104.750000       109.756432    
   105.000000       112.638145    
   105.250000       115.526382    
   105.500000       118.418297    
   105.750000       121.311119    
   106.000000       124.202080    
   106.250000       127.088402    
   106.500000       129.967438    
   106.750000       132.836548    
   107.000000       135.693115    
   107.250000       138.534592    
   107.500000       141.358566    
   107.750000       144.162796    

