#TitleText:Ni(001)-(5x5)-Li     Beam (1,2/5)              Rfac10=       1.1166
 #"IV theory
   63.2500000       682658368.    
   63.5000000       681607616.    
   63.7500000       680156608.    
   64.0000000       678298944.    
   64.2500000       676029568.    
   64.5000000       673349888.    
   64.7500000       670262400.    
   65.0000000       666770112.    
   65.2500000       662875648.    
   65.5000000       658581824.    
   65.7500000       653891264.    
   66.0000000       648806784.    
   66.2500000       643332096.    
   66.5000000       637474304.    
   66.7500000       631241472.    
   67.0000000       624641792.    
   67.2500000       617684992.    
   67.5000000       610388160.    
   67.7500000       602769984.    
   68.0000000       594849216.    
   68.2500000       586645440.    
   68.5000000       578181952.    
   68.7500000       569482752.    
   69.0000000       560571968.    
   69.2500000       551473664.    
   69.5000000       542211776.    
   69.7500000       532810752.    
   70.0000000       523294304.    
   70.2500000       513686240.    
   70.5000000       504008416.    
   70.7500000       494282272.    
   71.0000000       484529344.    
   71.2500000       474770144.    
   71.5000000       465021824.    
   71.7500000       455300608.    
   72.0000000       445622624.    
   72.2500000       436003776.    
   72.5000000       426457952.    
   72.7500000       416998816.    
   73.0000000       407640160.    
   73.2500000       398395328.    
   73.5000000       389278048.    
   73.7500000       380301856.    
   74.0000000       371480352.    
   74.2500000       362826432.    
   74.5000000       354349792.    
   74.7500000       346059296.    
   75.0000000       337963936.    
   75.2500000       330071104.    
   75.5000000       322381984.    
   75.7500000       314896224.    
   76.0000000       307613408.    
   76.2500000       300532352.    
   76.5000000       293648832.    
   76.7500000       286957824.    
   77.0000000       280454240.    
   77.2500000       274133056.    
   77.5000000       267989312.    
   77.7500000       262017856.    
   78.0000000       256213664.    
   78.2500000       250571600.    
   78.5000000       245085728.    
   78.7500000       239750000.    
   79.0000000       234558368.    
   79.2500000       229504384.    
   79.5000000       224580384.    
   79.7500000       219778176.    
   80.0000000       215089648.    
   80.2500000       210506592.    
   80.5000000       206020016.    
   80.7500000       201620832.    
   81.0000000       197299872.    
   81.2500000       193048032.    
   81.5000000       188856208.    
   81.7500000       184715280.    
   82.0000000       180616080.    
   82.2500000       176549888.    
   82.5000000       172509456.    
   82.7500000       168487904.    
   83.0000000       164478352.    
   83.2500000       160474672.    
   83.5000000       156473776.    
   83.7500000       152473248.    
   84.0000000       148470672.    
   84.2500000       144464096.    
   84.5000000       140452976.    
   84.7500000       136437200.    
   85.0000000       132416632.    
   85.2500000       128391136.    
   85.5000000       124360568.    
   85.7500000       120324816.    
   86.0000000       116283720.    
   86.2500000       112237488.    
   86.5000000       108187568.    
   86.7500000       104135768.    
   87.0000000       100083856.    
   87.2500000       96034264.0    
   87.5000000       91992008.0    
   87.7500000       87962704.0    
   88.0000000       83951976.0    
   88.2500000       79965784.0    
   88.5000000       76011376.0    
   88.7500000       72096296.0    
   89.0000000       68228096.0    
   89.2500000       64414340.0    
   89.5000000       60662572.0    
   89.7500000       56980356.0    
   90.0000000       53375244.0    
   90.2500000       49854704.0    
   90.5000000       46425796.0    
   90.7500000       43095528.0    
   91.0000000       39870868.0    
   91.2500000       36758608.0    
   91.5000000       33764780.0    
   91.7500000       30895226.0    
   92.0000000       28155786.0    
   92.2500000       25552202.0    
   92.5000000       23089840.0    
   92.7500000       20773966.0    
   93.0000000       18609852.0    
   93.2500000       16602759.0    
   93.5000000       14757960.0    
   93.7500000       13080720.0    
   94.0000000       11576308.0    
   94.2500000       10249621.0    
   94.5000000       9104071.00    
   94.7500000       8142700.50    

