#TitleText:Ni(001)-(5x5)-Li     Beam (4/5,2/5)            Rfac10=       0.5158
 #"IV theory
   48.2500000       9970.89844    
   48.5000000       10763.0244    
   48.7500000       11561.8477    
   49.0000000       12360.8604    
   49.2500000       13153.5596    
   49.5000000       13933.4365    
   49.7500000       14693.9854    
   50.0000000       15428.7012    
   50.2500000       16131.4238    
   50.5000000       16797.3828    
   50.7500000       17422.1465    
   51.0000000       18001.2930    
   51.2500000       18531.0898    
   51.5000000       19010.5742    
   51.7500000       19439.4844    
   52.0000000       19817.5508    
   52.2500000       20144.8555    
   52.5000000       20422.8691    
   52.7500000       20653.4004    
   53.0000000       20838.2695    
   53.2500000       20979.2832    
   53.5000000       21078.2578    
   53.7500000       21137.0098    
   54.0000000       21157.3535    
   54.2500000       21141.1953    
   54.5000000       21090.8223    
   54.7500000       21008.6133    
   55.0000000       20896.9492    
   55.2500000       20758.3965    
   55.5000000       20596.2852    
   55.7500000       20414.1230    
   56.0000000       20215.4219    
   56.2500000       20003.7949    
   56.5000000       19783.2207    
   56.7500000       19557.7793    
   57.0000000       19331.5527    
   57.2500000       19108.6133    
   57.5000000       18893.0488    
   57.7500000       18688.9316    
   58.0000000       18500.3398    
   58.2500000       18331.1836    
   58.5000000       18184.6797    
   58.7500000       18063.8672    
   59.0000000       17971.7930    
   59.2500000       17911.1543    
   59.5000000       17883.2715    
   59.7500000       17889.1172    
   60.0000000       17929.6641    
   60.2500000       18005.7148    
   60.5000000       18117.3770    
   60.7500000       18264.5898    
   61.0000000       18447.2930    
   61.2500000       18665.4238    
   61.5000000       18918.9199    
   61.7500000       19207.7207    
   62.0000000       19531.7617    
   62.2500000       19890.8418    
   62.5000000       20284.1621    
   62.7500000       20710.7910    
   63.0000000       21169.7832    
   63.2500000       21659.9238    
   63.5000000       22178.8086    
   63.7500000       22723.7539    
   64.0000000       23292.0703    
   64.2500000       23880.9277    
   64.5000000       24486.9082    
   64.7500000       25106.4512    
   65.0000000       25735.9941    
   65.2500000       26371.9746    
   65.5000000       27010.8301    
   65.7500000       27648.9980    
   66.0000000       28282.9258    
   66.2500000       28909.0957    
   66.5000000       29524.2266    
   66.7500000       30125.0898    
   67.0000000       30708.4512    
   67.2500000       31271.1914    
   67.5000000       31810.6348    
   67.7500000       32324.2129    
   68.0000000       32809.3555    
   68.2500000       33263.5547    
   68.5000000       33684.5234    
   68.7500000       34070.0117    
   69.0000000       34417.7969    
   69.2500000       34725.6367    
   69.5000000       34991.2930    
   69.7500000       35212.5469    
   70.0000000       35387.1406    
   70.2500000       35513.0078    
   70.5000000       35588.7305    
   70.7500000       35613.0469    
   71.0000000       35584.6914    
   71.2500000       35502.7461    
   71.5000000       35367.5586    
   71.7500000       35179.8398    
   72.0000000       34940.2695    
   72.2500000       34649.7070    
   72.5000000       34309.6562    
   72.7500000       33921.7930    
   73.0000000       33487.7852    
   73.2500000       33009.2930    
   73.5000000       32487.9980    
   73.7500000       31925.5645    
   74.0000000       31323.6543    
   74.2500000       30684.0352    
   74.5000000       30008.8105    
   74.7500000       29300.1660    
   75.0000000       28560.3086    
   75.2500000       27791.5977    
   75.5000000       26997.1074    
   75.7500000       26180.0742    
   76.0000000       25343.7520    
   76.2500000       24491.4629    
   76.5000000       23626.8887    
   76.7500000       22753.8066    
   77.0000000       21875.9727    
   77.2500000       20997.1602    
   77.5000000       20121.1426    
   77.7500000       19251.6797    
   78.0000000       18392.5449    
   78.2500000       17547.4414    
   78.5000000       16719.8145    
   78.7500000       15913.0527    
   79.0000000       15130.5332    
   79.2500000       14375.5146    
   79.5000000       13650.7354    
   79.7500000       12958.8105    
   80.0000000       12302.3535    
   80.2500000       11683.9102    
   80.5000000       11105.7754    
   80.7500000       10570.1738    
   81.0000000       10079.3359    
   81.2500000       9635.48926    
   81.5000000       9240.85938    
   81.7500000       8897.67578    
   82.0000000       8608.16602    
   82.2500000       8374.41797    
   82.5000000       8197.96973    
   82.7500000       8080.21680    
   83.0000000       8022.55664    
   83.2500000       8026.11035    
   83.5000000       8090.89062    
   83.7500000       8216.63477    
   84.0000000       8403.07715    
   84.2500000       8649.81738    
   84.5000000       8955.89941    
   84.7500000       9320.22949    
   85.0000000       9741.71289    
   85.2500000       10219.2568    
   85.5000000       10751.7656    
   85.7500000       11338.1475    
   86.0000000       11977.3037    
   86.2500000       12668.0547    
   86.5000000       13408.8457    
   86.7500000       14198.0420    
   87.0000000       15033.9980    
   87.2500000       15914.8936    
   87.5000000       16838.1758    
   87.7500000       17801.1094    
   88.0000000       18800.9629    
   88.2500000       19834.9121    
   88.5000000       20899.7637    
   88.7500000       21992.2422    
   89.0000000       23109.0625    
   89.2500000       24246.9473    
   89.5000000       25402.6133    
   89.7500000       26572.7793    
   90.0000000       27754.1738    
   90.2500000       28943.5215    
   90.5000000       30137.6250    
   90.7500000       31333.2988    
   91.0000000       32527.3535    
   91.2500000       33716.6406    
   91.5000000       34898.1250    
   91.7500000       36068.8125    
   92.0000000       37225.7070    
   92.2500000       38365.8242    
   92.5000000       39486.2539    
   92.7500000       40584.0781    
   93.0000000       41656.4102    
   93.2500000       42700.3359    
   93.5000000       43712.9688    
   93.7500000       44691.3828    
   94.0000000       45632.6836    
   94.2500000       46534.0742    
   94.5000000       47393.0977    
   94.7500000       48207.4062    
   95.0000000       48974.6484    
   95.2500000       49692.6523    
   95.5000000       50359.9961    
   95.7500000       50975.4219    
   96.0000000       51537.6719    
   96.2500000       52045.6172    
   96.5000000       52498.4414    
   96.7500000       52895.4648    
   97.0000000       53235.9766    
   97.2500000       53519.2891    
   97.5000000       53744.6992    
   97.7500000       53911.5078    
   98.0000000       54019.0312    
   98.2500000       54066.6484    
   98.5000000       54054.1641    
   98.7500000       53981.4570    
   99.0000000       53848.4062    
   99.2500000       53655.1055    
   99.5000000       53402.3906    
   99.7500000       53091.3242    
   100.000000       52722.9609    
   100.250000       52298.4336    
   100.500000       51819.2930    
   100.750000       51287.1680    
   101.000000       50703.6797    
   101.250000       50070.4727    
   101.500000       49389.1758    
   101.750000       48661.4219    
   102.000000       47888.8438    
   102.250000       47073.1172    
   102.500000       46216.0977    
   102.750000       45319.6797    
   103.000000       44385.7695    
   103.250000       43416.3516    
   103.500000       42413.7656    
   103.750000       41380.4414    
   104.000000       40318.8047    
   104.250000       39231.3438    
   104.500000       38120.6875    
   104.750000       36989.5586    
   105.000000       35840.6406    
   105.250000       34676.6250    
   105.500000       33500.2188    
   105.750000       32314.1035    
   106.000000       31120.9863    
   106.250000       29923.5469    
   106.500000       28724.3789    
   106.750000       27526.0762    
   107.000000       26331.2305    
   107.250000       25142.3828    
   107.500000       23961.9414    
   107.750000       22792.2812    
   108.000000       21635.7598    
   108.250000       20494.7402    
   108.500000       19371.4863    
   108.750000       18268.2715    
   109.000000       17187.3457    
   109.250000       16130.9707    
   109.500000       15101.4062    
   109.750000       14100.9150    

