#TitleText:Ni(001)-(5x5)-Li     Beam (1/5,1/5)            Rfac10=       0.1489
 #"IV theory
   60.2500000       1020.53882    
   60.5000000       1074.35681    
   60.7500000       1128.91260    
   61.0000000       1184.05823    
   61.2500000       1239.64563    
   61.5000000       1295.52722    
   61.7500000       1351.55505    
   62.0000000       1407.58081    
   62.2500000       1463.45862    
   62.5000000       1519.04773    
   62.7500000       1574.20959    
   63.0000000       1628.80469    
   63.2500000       1682.69775    
   63.5000000       1735.76440    
   63.7500000       1787.88342    
   64.0000000       1838.93445    
   64.2500000       1888.79749    
   64.5000000       1937.35913    
   64.7500000       1984.50732    
   65.0000000       2030.13037    
   65.2500000       2074.11572    
   65.5000000       2116.35205    
   65.7500000       2156.72656    
   66.0000000       2195.12817    
   66.2500000       2231.44849    
   66.5000000       2265.59766    
   66.7500000       2297.49121    
   67.0000000       2327.04370    
   67.2500000       2354.17871    
   67.5000000       2378.85522    
   67.7500000       2401.04199    
   68.0000000       2420.70776    
   68.2500000       2437.82446    
   68.5000000       2452.38330    
   68.7500000       2464.37915    
   69.0000000       2473.80762    
   69.2500000       2480.66284    
   69.5000000       2484.94116    
   69.7500000       2486.63623    
   70.0000000       2485.74438    
   70.2500000       2482.26440    
   70.5000000       2476.21167    
   70.7500000       2467.60596    
   71.0000000       2456.46631    
   71.2500000       2442.82056    
   71.5000000       2426.72827    
   71.7500000       2408.25903    
   72.0000000       2387.48071    
   72.2500000       2364.46484    
   72.5000000       2339.30078    
   72.7500000       2312.08130    
   73.0000000       2282.89868    
   73.2500000       2251.84546    
   73.5000000       2219.01489    
   73.7500000       2184.49902    
   74.0000000       2148.39136    
   74.2500000       2110.78442    
   74.5000000       2071.77393    
   74.7500000       2031.45483    
   75.0000000       1989.92334    
   75.2500000       1947.27612    
   75.5000000       1903.61328    
   75.7500000       1859.03711    
   76.0000000       1813.64880    
   76.2500000       1767.55054    
   76.5000000       1720.84644    
   76.7500000       1673.64111    
   77.0000000       1626.03894    
   77.2500000       1578.14490    
   77.5000000       1530.06323    
   77.7500000       1481.89856    
   78.0000000       1433.75598    
   78.2500000       1385.73743    
   78.5000000       1337.93665    
   78.7500000       1290.44470    
   79.0000000       1243.35303    
   79.2500000       1196.74878    
   79.5000000       1150.70117    
   79.7500000       1105.27490    
   80.0000000       1060.53479    
   80.2500000       1016.54382    
   80.5000000       973.355469    
   80.7500000       931.021423    
   81.0000000       889.593506    
   81.2500000       849.123108    
   81.5000000       809.661926    
   81.7500000       771.261597    
   82.0000000       733.973572    
   82.2500000       697.846924    
   82.5000000       662.919983    
   82.7500000       629.228210    

