#TitleText:Ni(001)-(5x5)-Li     Beam (1,1)                Rfac10=       0.7165
 #"IV theory
   86.2500000       1798.65930    
   86.5000000       1850.10266    
   86.7500000       1913.12427    
   87.0000000       1987.28113    
   87.2500000       2071.94116    
   87.5000000       2165.72192    
   87.7500000       2267.05225    
   88.0000000       2374.36157    
   88.2500000       2485.98511    
   88.5000000       2599.88208    
   88.7500000       2713.91772    
   89.0000000       2825.95776    
   89.2500000       2933.86768    
   89.5000000       3035.51270    
   89.7500000       3128.75854    
   90.0000000       3211.47046    
   90.2500000       3281.66528    
   90.5000000       3337.96558    
   90.7500000       3379.14502    
   91.0000000       3403.97778    
   91.2500000       3411.54053    
   91.5000000       3402.12134    
   91.7500000       3376.31104    
   92.0000000       3334.69995    
   92.2500000       3278.03101    
   92.5000000       3207.65161    
   92.7500000       3125.06128    
   93.0000000       3031.75928    
   93.2500000       2929.24463    
   93.5000000       2819.01685    
   93.7500000       2702.57495    
   94.0000000       2581.41870    
   94.2500000       2457.00171    
   94.5000000       2330.59692    
   94.7500000       2203.43164    
   95.0000000       2076.73413    
   95.2500000       1951.64087    
   95.5000000       1828.92676    
   95.7500000       1709.27563    
   96.0000000       1593.37195    
   96.2500000       1481.85461    
   96.5000000       1375.18140    
   96.7500000       1273.76465    
   97.0000000       1178.01685    
   97.2500000       1088.35034    
   97.5000000       1005.17786    
   97.7500000       928.911560    
   98.0000000       859.964050    
   98.2500000       798.703613    
   98.5000000       745.321533    
   98.7500000       699.965088    
   99.0000000       662.781311    
   99.2500000       633.829041    
   99.5000000       612.813232    
   99.7500000       599.350525    
   100.000000       593.057434    
   100.250000       593.506409    
   100.500000       600.092896    
   100.750000       612.168152    
   101.000000       629.083557    
   101.250000       650.190308    
   101.500000       674.839783    
   101.750000       702.383240    
   102.000000       732.171997    
   102.250000       763.587769    
   102.500000       796.134216    
   102.750000       829.345642    
   103.000000       862.755981    
   103.250000       895.960449    
   103.500000       928.798096    
   103.750000       961.168579    
   104.000000       992.971802    
   104.250000       1024.13831    
   104.500000       1054.72021    
   104.750000       1084.80029    
   105.000000       1114.46118    
   105.250000       1143.78564    
   105.500000       1172.85669    
   105.750000       1201.75671    
   106.000000       1230.56848    
   106.250000       1259.37427    
   106.500000       1288.25244    
   106.750000       1317.28101    
   107.000000       1346.53809    
   107.250000       1376.09973    
   107.500000       1406.03589    
   107.750000       1436.41504    
   108.000000       1467.30505    
   108.250000       1498.77393    
   108.500000       1530.88562    
   108.750000       1563.70361    
   109.000000       1597.29150    
   109.250000       1631.71265    
   109.500000       1667.03040    
   109.750000       1703.30859    
   110.000000       1740.61035    
   110.250000       1778.99854    
   110.500000       1818.53357    
   110.750000       1859.27441    
   111.000000       1901.28088    
   111.250000       1944.61096    
   111.500000       1989.31738    
   111.750000       2035.45178    
   112.000000       2083.06567    
   112.250000       2132.20923    
   112.500000       2182.93115    
   112.750000       2235.27856    
   113.000000       2289.29907    
   113.250000       2345.04028    
   113.500000       2402.54907    
   113.750000       2461.87329    
   114.000000       2523.06006    
   114.250000       2586.18652    
   114.500000       2651.44604    
   114.750000       2719.06226    
   115.000000       2789.25781    
   115.250000       2862.31445    
   115.500000       2938.74878    
   115.750000       3019.13452    
   116.000000       3104.04614    
   116.250000       3194.08789    
   116.500000       3289.98047    
   116.750000       3392.47412    
   117.000000       3502.31934    
   117.250000       3620.26636    
   117.500000       3747.06421    
   117.750000       3883.46436    
   118.000000       4030.21680    
   118.250000       4188.00635    
   118.500000       4357.25684    
   118.750000       4538.32568    
   119.000000       4731.57227    
   119.250000       4937.22412    
   119.500000       5154.98584    
   119.750000       5384.43311    
   120.000000       5625.14014    
   120.250000       5876.61572    
   120.500000       6138.10889    
   120.750000       6408.80225    
   121.000000       6687.87793    
   121.250000       6974.51953    
   121.500000       7267.90967    
   121.750000       7567.23096    
   122.000000       7871.66553    
   122.250000       8180.30078    
   122.500000       8491.83789    
   122.750000       8804.88184    
   123.000000       9118.03809    
   123.250000       9429.71680    
   123.500000       9737.56152    
   123.750000       10039.0215    
   124.000000       10331.5430    
   124.250000       10612.4814    
   124.500000       10878.8037    
   124.750000       11127.3818    
   125.000000       11355.0850    
   125.250000       11558.7852    
   125.500000       11735.3525    
   125.750000       11881.6611    
   126.000000       11994.5791    
   126.250000       12071.2930    
   126.500000       12110.2490    
   126.750000       12110.2061    
   127.000000       12069.9268    
   127.250000       11988.7988    
   127.500000       11868.7305    
   127.750000       11712.2598    
   128.000000       11521.9307    
   128.250000       11300.5898    
   128.500000       11052.3525    
   128.750000       10781.6465    
   129.000000       10492.8975    
   129.250000       10190.5342    
   129.500000       9878.98340    
   129.750000       9562.67285    
   130.000000       9246.03027    
   130.250000       8933.24902    
   130.500000       8627.57910    
   130.750000       8332.03906    
   131.000000       8049.64893    
   131.250000       7782.95361    
   131.500000       7532.62109    
   131.750000       7298.85107    
   132.000000       7081.83936    
   132.250000       6881.55029    
   132.500000       6697.00586    
   132.750000       6526.99512    
   133.000000       6370.30566    
   133.250000       6225.72559    
   133.500000       6092.04346    
   133.750000       5968.04688    
   134.000000       5852.52344    
   134.250000       5744.30908    
   134.500000       5642.42725    
   134.750000       5545.94824    
   135.000000       5453.94238    
   135.250000       5365.57617    
   135.500000       5280.38916    
   135.750000       5198.01904    
   136.000000       5118.10107    
   136.250000       5040.31787    
   136.500000       4964.54150    
   136.750000       4890.68994    
   137.000000       4818.68262    
   137.250000       4748.43750    
   137.500000       4679.87207    
   137.750000       4612.90625    
   138.000000       4547.45898    
   138.250000       4483.44629    
   138.500000       4420.78076    
   138.750000       4359.37451    
   139.000000       4299.13818    
   139.250000       4239.98145    
   139.500000       4181.80225    
   139.750000       4124.49805    
   140.000000       4067.96582    
   140.250000       4012.10107    
   140.500000       3956.79419    
   140.750000       3901.93530    
   141.000000       3847.41333    
   141.250000       3793.11841    
   141.500000       3738.93945    
   141.750000       3684.76636    
   142.000000       3630.48853    
   142.250000       3576.00049    
   142.500000       3521.21436    
   142.750000       3466.04810    
   143.000000       3410.41919    
   143.250000       3354.25342    
   143.500000       3297.51538    
   143.750000       3240.17773    
   144.000000       3182.21313    
   144.250000       3123.59961    
   144.500000       3064.33301    
   144.750000       3004.41431    
   145.000000       2943.84448    
   145.250000       2882.62427    
   145.500000       2820.75415    
   145.750000       2758.23560    
   146.000000       2695.06860    
   146.250000       2631.26294    
   146.500000       2566.86255    
   146.750000       2501.91992    
   147.000000       2436.48779    
   147.250000       2370.63550    
   147.500000       2304.50146    
   147.750000       2238.24243    
   148.000000       2172.01392    
   148.250000       2105.98047    
   148.500000       2040.34106    
   148.750000       1975.30347    
   149.000000       1911.07507    
   149.250000       1847.86389    
   149.500000       1785.87720    
   149.750000       1725.32275    
   150.000000       1666.40820    
   150.250000       1609.33167    
   150.500000       1554.25269    
   150.750000       1501.32178    
   151.000000       1450.68896    
   151.250000       1402.48523    
   151.500000       1356.76538    
   151.750000       1313.56482    
   152.000000       1272.91858    
   152.250000       1234.85291    
   152.500000       1199.35486    
   152.750000       1166.40283    
   153.000000       1135.97461    
   153.250000       1108.04810    
   153.500000       1082.60120    
   153.750000       1059.61218    
   154.000000       1039.05896    
   154.250000       1021.02802    
   154.500000       1006.04114    
   154.750000       994.728577    
   155.000000       987.720642    
   155.250000       985.865234    
   155.500000       990.879761    
   155.750000       1004.69965    
   156.000000       1029.25977    
   156.250000       1066.60400    
   156.500000       1119.21094    
   156.750000       1189.66809    
   157.000000       1280.56311    
   157.250000       1394.48315    
   157.500000       1534.01587    
   157.750000       1701.74854    
   158.000000       1900.26868    
   158.250000       2131.91772    
   158.500000       2398.05298    
   158.750000       2699.78540    
   159.000000       3038.22607    
   159.250000       3413.99463    
   159.500000       3825.74072    
   159.750000       4271.62402    
   160.000000       4749.80176    
   160.250000       5258.18750    
   160.500000       5793.70850    
   160.750000       6353.04883    
   161.000000       6932.88916    
   161.250000       7529.91113    
   161.500000       8140.79883    
   161.750000       8762.23340    
   162.000000       9390.89648    
   162.250000       10023.4043    
   162.500000       10656.1064    
   162.750000       11285.2793    
   163.000000       11907.2080    
   163.250000       12518.0400    
   163.500000       13113.3838    
   163.750000       13688.7227    
   164.000000       14239.5342    
   164.250000       14761.2295    
   164.500000       15248.9541    
   164.750000       15697.7852    
   165.000000       16102.8008    
   165.250000       16459.0781    
   165.500000       16761.6953    
   165.750000       17005.7285    
   166.000000       17186.2598    
   166.250000       17298.8984    
   166.500000       17341.4121    
   166.750000       17312.1055    
   167.000000       17209.2734    
   167.250000       17032.2988    
   167.500000       16784.8535    
   167.750000       16471.6914    
   168.000000       16097.5625    
   168.250000       15667.7510    
   168.500000       15189.6982    
   168.750000       14671.3799    
   169.000000       14120.7646    
   169.250000       13545.8350    
   169.500000       12954.5576    
   169.750000       12354.9141    
   170.000000       11754.8760    
   170.250000       11162.0020    
   170.500000       10582.1836    
   170.750000       10020.8984    
   171.000000       9483.61816    
   171.250000       8974.98633    
   171.500000       8496.31250    
   171.750000       8048.07422    
   172.000000       7630.74756    
   172.250000       7244.39111    
   172.500000       6887.39795    
   172.750000       6557.74707    
   173.000000       6253.41455    
   173.250000       5972.37646    
   173.500000       5712.61084    
   173.750000       5472.09375    
   174.000000       5248.80273    
   174.250000       5040.79932    
   174.500000       4846.48633    
   174.750000       4664.35156    
   175.000000       4492.88135    
   175.250000       4330.73486    
   175.500000       4177.24951    
   175.750000       4031.93481    
   176.000000       3894.29980    
   176.250000       3763.93774    
   176.500000       3640.78320    
   176.750000       3524.85571    
   177.000000       3416.17407    
   177.250000       3314.75879    
   177.500000       3220.62842    
   177.750000       3133.80225    
   178.000000       3054.30127    
   178.250000       2982.13379    
   178.500000       2917.27515    
   178.750000       2859.68872    
   179.000000       2809.33984    
   179.250000       2766.17432    
   179.500000       2730.06567    
   179.750000       2700.86865    
   180.000000       2678.43823    
   180.250000       2662.62036    
   180.500000       2653.22388    
   180.750000       2650.04907    
   181.000000       2652.89575    
   181.250000       2661.56445    
   181.500000       2675.85498    
   181.750000       2695.56689    
   182.000000       2720.50122    
   182.250000       2750.46509    
   182.500000       2785.29639    
   182.750000       2824.84033    
   183.000000       2868.94287    
   183.250000       2917.46460    
   183.500000       2970.32568    
   183.750000       3027.46411    
   184.000000       3088.81470    
   184.250000       3154.32178    
   184.500000       3223.95923    
   184.750000       3297.70947    
   185.000000       3375.55347    
   185.250000       3457.47339    
   185.500000       3543.45044    
   185.750000       3633.46680    
   186.000000       3727.50342    
   186.250000       3825.54883    
   186.500000       3927.61792    
   186.750000       4033.73120    
   187.000000       4143.90967    
   187.250000       4258.18799    
   187.500000       4376.65332    
   187.750000       4499.40430    
   188.000000       4626.54102    
   188.250000       4758.16992    
   188.500000       4894.42432    
   188.750000       5035.44238    
   189.000000       5181.36328    
   189.250000       5332.32617    
   189.500000       5488.47070    
   189.750000       5649.93555    
   190.000000       5816.86084    
   190.250000       5989.37646    
   190.500000       6167.58252    
   190.750000       6351.57031    
   191.000000       6541.43115    
   191.250000       6737.24072    
   191.500000       6939.01074    
   191.750000       7146.73682    
   192.000000       7360.41553    
   192.250000       7580.03467    
   192.500000       7805.54932    
   192.750000       8036.91016    
   193.000000       8274.06348    
   193.250000       8516.95703    
   193.500000       8765.54199    
   193.750000       9019.76367    
   194.000000       9279.57031    
   194.250000       9544.98535    
   194.500000       9816.33203    
   194.750000       10094.0068    
   195.000000       10378.4062    
   195.250000       10670.0781    
   195.500000       10970.1660    
   195.750000       11279.9678    
   196.000000       11600.7764    
   196.250000       11933.9629    
   196.500000       12281.1934    
   196.750000       12644.2109    
   197.000000       13024.7588    
   197.250000       13424.5762    
   197.500000       13845.4180    
   197.750000       14289.0283    
   198.000000       14757.1641    
   198.250000       15251.4062    
   198.500000       15772.6836    
   198.750000       16321.7607    
   199.000000       16899.4004    
   199.250000       17506.0684    
   199.500000       18141.0352    
   199.750000       18803.2715    

