#TitleText:Ni(001)-(5x5)-Li     Beam (3/5,0)              Rfac10=       0.3654
 #"IV theory
   35.2500000       1419.17542    
   35.5000000       1338.48962    
   35.7500000       1261.25586    
   36.0000000       1187.50610    
   36.2500000       1117.26526    
   36.5000000       1050.52881    
   36.7500000       987.284607    
   37.0000000       927.521118    
   37.2500000       871.226440    
   37.5000000       818.388489    
   37.7500000       768.995667    
   38.0000000       723.035889    
   38.2500000       680.493286    
   38.5000000       641.335266    
   38.7500000       605.524963    
   39.0000000       573.025818    
   39.2500000       543.792786    
   39.5000000       517.747681    
   39.7500000       494.804169    
   40.0000000       474.875671    
   40.2500000       457.871613    
   40.5000000       443.684875    
   40.7500000       432.204102    
   41.0000000       423.318115    
   41.2500000       416.915497    
   41.5000000       412.885010    
   41.7500000       411.115326    
   42.0000000       411.495148    
   42.2500000       413.913452    
   42.5000000       418.260132    
   42.7500000       424.425507    
   43.0000000       432.299744    
   43.2500000       441.773560    
   43.5000000       452.739685    
   43.7500000       465.091400    
   44.0000000       478.721954    
   44.2500000       493.524872    
   44.5000000       509.394684    
   44.7500000       526.226196    
   45.0000000       543.914063    
   45.2500000       562.353088    
   45.5000000       581.438171    
   45.7500000       601.063965    
   46.0000000       621.125244    
   46.2500000       641.519226    
   46.5000000       662.152161    
   46.7500000       682.932922    
   47.0000000       703.770142    
   47.2500000       724.577271    
   47.5000000       745.286377    
   47.7500000       765.834045    
   48.0000000       786.156799    
   48.2500000       806.193909    
   48.5000000       825.893494    
   48.7500000       845.206238    
   49.0000000       864.082886    
   49.2500000       882.473816    
   49.5000000       900.329895    
   49.7500000       917.601563    
   50.0000000       934.239502    
   50.2500000       950.196716    
   50.5000000       965.434448    
   50.7500000       979.916931    
   51.0000000       993.608093    
   51.2500000       1006.47589    
   51.5000000       1018.50629    
   51.7500000       1029.68994    
   52.0000000       1040.01672    
   52.2500000       1049.47949    
   52.5000000       1058.07947    
   52.7500000       1065.82019    
   53.0000000       1072.70532    
   53.2500000       1078.73828    
   53.5000000       1083.92261    
   53.7500000       1088.26221    
   54.0000000       1091.76025    
   54.2500000       1094.42151    
   54.5000000       1096.25378    
   54.7500000       1097.26624    
   55.0000000       1097.46790    
   55.2500000       1096.86951    
   55.5000000       1095.48938    
   55.7500000       1093.34705    
   56.0000000       1090.46252    
   56.2500000       1086.85693    
   56.5000000       1082.55432    
   56.7500000       1077.58020    
   57.0000000       1071.95996    
   57.2500000       1065.71887    
   57.5000000       1058.88232    
   57.7500000       1051.47559    
   58.0000000       1043.52417    
   58.2500000       1035.05322    
   58.5000000       1026.08716    
   58.7500000       1016.65063    
   59.0000000       1006.76807    
   59.2500000       996.463623    
   59.5000000       985.760010    
   59.7500000       974.680237    
   60.0000000       963.246643    
   60.2500000       951.481995    
   60.5000000       939.407959    
   60.7500000       927.046448    
   61.0000000       914.419067    
   61.2500000       901.547729    
   61.5000000       888.453979    
   61.7500000       875.159790    
   62.0000000       861.686707    
   62.2500000       848.056091    
   62.5000000       834.287292    
   62.7500000       820.398987    
   63.0000000       806.410400    
   63.2500000       792.339050    
   63.5000000       778.199158    
   63.7500000       764.003784    
   64.0000000       749.765991    
   64.2500000       735.498291    
   64.5000000       721.211304    
   64.7500000       706.915466    
   65.0000000       692.620667    
   65.2500000       678.337219    
   65.5000000       664.075256    
   65.7500000       649.844971    
   66.0000000       635.656555    
   66.2500000       621.519836    
   66.5000000       607.443542    
   66.7500000       593.436401    
   67.0000000       579.506653    
   67.2500000       565.662292    
   67.5000000       551.908997    
   67.7500000       538.251892    
   68.0000000       524.696045    
   68.2500000       511.246185    
   68.5000000       497.906219    
   68.7500000       484.679352    
   69.0000000       471.569092    
   69.2500000       458.578796    
   69.5000000       445.711823    
   69.7500000       432.971802    
   70.0000000       420.361938    
   70.2500000       407.885742    
   70.5000000       395.547119    
   70.7500000       383.349915    
   71.0000000       371.297913    
   71.2500000       359.395233    
   71.5000000       347.646545    
   71.7500000       336.056610    
   72.0000000       324.630310    
   72.2500000       313.372528    
   72.5000000       302.288452    
   72.7500000       291.383392    
   73.0000000       280.662598    
   73.2500000       270.131470    
   73.5000000       259.795166    
   73.7500000       249.659088    
   74.0000000       239.728485    
   74.2500000       230.008774    
   74.5000000       220.505875    
   74.7500000       211.225922    
   75.0000000       202.174973    
   75.2500000       193.359390    
   75.5000000       184.786545    
   75.7500000       176.464157    
   76.0000000       168.399857    
   76.2500000       160.601471    
   76.5000000       153.077301    
   76.7500000       145.835831    
   77.0000000       138.885513    
   77.2500000       132.234802    
   77.5000000       125.892181    
   77.7500000       119.866096    
   78.0000000       114.165001    
   78.2500000       108.797272    
   78.5000000       103.770889    
   78.7500000       99.0937500    
   79.0000000       94.7737503    
   79.2500000       90.8185577    
   79.5000000       87.2351379    
   79.7500000       84.0302429    
   80.0000000       81.2105942    
   80.2500000       78.7828522    
   80.5000000       76.7532883    
   80.7500000       75.1280899    
   81.0000000       73.9134140    
   81.2500000       73.1154556    
   81.5000000       72.7403641    
   81.7500000       72.7943268    
   82.0000000       73.2835236    
   82.2500000       74.2137680    
   82.5000000       75.5893784    
   82.7500000       77.4143372    
   83.0000000       79.6926117    
   83.2500000       82.4274521    
   83.5000000       85.6191330    
   83.7500000       89.2672195    
   84.0000000       93.3712845    
   84.2500000       97.9305191    
   84.5000000       102.942642    
   84.7500000       108.405022    
   85.0000000       114.315002    
   85.2500000       120.669937    
   85.5000000       127.467201    
   85.7500000       134.704132    
   86.0000000       142.378113    
   86.2500000       150.486023    
   86.5000000       159.022934    
   86.7500000       167.983505    
   87.0000000       177.362335    
   87.2500000       187.153137    
   87.5000000       197.346008    
   87.7500000       207.930069    
   88.0000000       218.894516    
   88.2500000       230.228012    
   88.5000000       241.917496    
   88.7500000       253.949326    
   89.0000000       266.309998    
   89.2500000       278.985901    
   89.5000000       291.963440    
   89.7500000       305.229126    
   90.0000000       318.769318    
   90.2500000       332.570190    
   90.5000000       346.617126    
   90.7500000       360.894989    
   91.0000000       375.388916    
   91.2500000       390.083527    
   91.5000000       404.961426    
   91.7500000       420.004822    
   92.0000000       435.196136    
   92.2500000       450.517212    
   92.5000000       465.949219    
   92.7500000       481.472992    
   93.0000000       497.069305    
   93.2500000       512.719177    
   93.5000000       528.403259    
   93.7500000       544.102539    
   94.0000000       559.797791    
   94.2500000       575.470032    
   94.5000000       591.100586    
   94.7500000       606.671021    
   95.0000000       622.162842    
   95.2500000       637.557739    
   95.5000000       652.838318    
   95.7500000       667.987427    
   96.0000000       682.987854    
   96.2500000       697.822510    
   96.5000000       712.474854    
   96.7500000       726.928223    
   97.0000000       741.166199    
   97.2500000       755.172241    
   97.5000000       768.929810    
   97.7500000       782.422302    
   98.0000000       795.633362    
   98.2500000       808.546692    
   98.5000000       821.147827    
   98.7500000       833.422791    
   99.0000000       845.357239    
   99.2500000       856.937988    
   99.5000000       868.154907    
   99.7500000       878.998657    
   100.000000       889.459961    
   100.250000       899.529907    
   100.500000       909.201172    
   100.750000       918.466980    
   101.000000       927.320129    
   101.250000       935.753906    
   101.500000       943.761414    
   101.750000       951.335632    
   102.000000       958.469849    
   102.250000       965.157532    
   102.500000       971.394043    
   102.750000       977.175659    
   103.000000       982.498108    
   103.250000       987.358521    
   103.500000       991.757751    
   103.750000       995.697266    
   104.000000       999.179077    
   104.250000       1002.20544    
   104.500000       1004.78027    
   104.750000       1006.90857    
   105.000000       1008.59479    
   105.250000       1009.84357    
   105.500000       1010.65979    
   105.750000       1011.04779    
   106.000000       1011.01257    
   106.250000       1010.55878    
   106.500000       1009.69269    
   106.750000       1008.42102    
   107.000000       1006.74976    
   107.250000       1004.68652    
   107.500000       1002.24036    
   107.750000       999.421570    
   108.000000       996.240295    
   108.250000       992.706848    
   108.500000       988.832886    
   108.750000       984.630371    
   109.000000       980.111023    
   109.250000       975.286926    
   109.500000       970.169983    
   109.750000       964.772095    
   110.000000       959.105225    
   110.250000       953.181213    
   110.500000       947.012329    
   110.750000       940.610718    
   111.000000       933.988525    
   111.250000       927.158020    
   111.500000       920.132080    
   111.750000       912.923096    
   112.000000       905.544128    
   112.250000       898.007813    
   112.500000       890.327209    
   112.750000       882.515320    
   113.000000       874.585144    
   113.250000       866.549744    
   113.500000       858.422058    
   113.750000       850.215332    
   114.000000       841.942322    
   114.250000       833.616150    
   114.500000       825.248718    
   114.750000       816.852173    
   115.000000       808.438416    
   115.250000       800.019165    
   115.500000       791.604614    
   115.750000       783.204651    
   116.000000       774.829224    
   116.250000       766.488037    
   116.500000       758.190247    
   116.750000       749.944580    
   117.000000       741.759888    
   117.250000       733.645081    
   117.500000       725.608948    
   117.750000       717.660461    
   118.000000       709.808411    
   118.250000       702.061401    
   118.500000       694.426880    
   118.750000       686.912048    
   119.000000       679.524048    
   119.250000       672.269531    
   119.500000       665.152771    
   119.750000       658.177673    
   120.000000       651.347961    
   120.250000       644.667175    
   120.500000       638.137573    
   120.750000       631.761414    
   121.000000       625.540771    
   121.250000       619.477783    
   121.500000       613.574463    
   121.750000       607.833008    
   122.000000       602.255432    
   122.250000       596.843689    
   122.500000       591.598450    
   122.750000       586.520630    
   123.000000       581.610535    
   123.250000       576.868408    
   123.500000       572.292236    
   123.750000       567.879822    
   124.000000       563.628601    
   124.250000       559.535950    
   124.500000       555.598206    
   124.750000       551.811523    
   125.000000       548.171997    
   125.250000       544.675659    
   125.500000       541.318665    
   125.750000       538.096985    
   126.000000       535.006836    
   126.250000       532.044189    
   126.500000       529.204590    
   126.750000       526.483582    
   127.000000       523.876648    
   127.250000       521.379150    
   127.500000       518.985535    
   127.750000       516.690125    
   128.000000       514.487244    
   128.250000       512.371094    
   128.500000       510.335449    
   128.750000       508.374146    
   129.000000       506.480713    
   129.250000       504.648956    
   129.500000       502.872681    
   129.750000       501.145447    
   130.000000       499.461090    
   130.250000       497.813324    
   130.500000       496.195953    
   130.750000       494.603149    
   131.000000       493.028717    
   131.250000       491.466797    
   131.500000       489.911713    
   131.750000       488.357910    
   132.000000       486.799896    
   132.250000       485.232208    
   132.500000       483.649475    
   132.750000       482.046387    
   133.000000       480.417664    
   133.250000       478.758026    
   133.500000       477.062134    
   133.750000       475.324799    
   134.000000       473.540649    
   134.250000       471.704559    
   134.500000       469.811859    
   134.750000       467.857971    
   135.000000       465.838379    
   135.250000       463.748779    
   135.500000       461.585815    
   135.750000       459.346466    
   136.000000       457.027679    
   136.250000       454.626495    
   136.500000       452.140472    
   136.750000       449.567322    
   137.000000       446.904663    
   137.250000       444.150208    
   137.500000       441.301605    
   137.750000       438.356598    
   138.000000       435.312805    
   138.250000       432.168060    
   138.500000       428.920959    
   138.750000       425.570007    
   139.000000       422.113953    
   139.250000       418.551758    
   139.500000       414.883759    
   139.750000       411.110474    
   140.000000       407.232574    
   140.250000       403.250885    
   140.500000       399.166718    
   140.750000       394.981750    
   141.000000       390.697540    
   141.250000       386.315735    
   141.500000       381.837830    
   141.750000       377.265503    
   142.000000       372.600342    
   142.250000       367.843994    
   142.500000       362.998688    
   142.750000       358.066681    
   143.000000       353.050385    
   143.250000       347.952271    
   143.500000       342.775879    
   143.750000       337.524902    
   144.000000       332.203125    
   144.250000       326.814362    
   144.500000       321.362976    
   144.750000       315.853455    
   145.000000       310.290161    
   145.250000       304.677643    
   145.500000       299.020325    
   145.750000       293.322601    

