#TitleText:Ni(001)-(5x5)-Li     Beam (4/5,0)              Rfac10=       0.8556
 #"IV theory
   40.2500000       1242.57703    
   40.5000000       1320.60828    
   40.7500000       1404.60510    
   41.0000000       1493.74316    
   41.2500000       1587.19824    
   41.5000000       1684.14612    
   41.7500000       1783.76233    
   42.0000000       1885.22302    
   42.2500000       1987.72290    
   42.5000000       2090.53271    
   42.7500000       2192.94214    
   43.0000000       2294.24170    
   43.2500000       2393.75879    
   43.5000000       2490.97461    
   43.7500000       2585.40625    
   44.0000000       2676.57251    
   44.2500000       2764.01074    
   44.5000000       2847.33472    
   44.7500000       2926.17676    
   45.0000000       3000.16870    
   45.2500000       3068.94385    
   45.5000000       3132.13379    
   45.7500000       3189.37158    
   46.0000000       3240.29028    
   46.2500000       3284.54712    
   46.5000000       3321.90918    
   46.7500000       3352.16724    
   47.0000000       3375.11230    
   47.2500000       3390.59009    
   47.5000000       3398.65723    
   47.7500000       3399.42383    
   48.0000000       3392.99976    
   48.2500000       3379.52173    
   48.5000000       3359.23218    
   48.7500000       3332.40063    
   49.0000000       3299.29614    
   49.2500000       3260.18799    
   49.5000000       3215.34521    
   49.7500000       3165.03760    
   50.0000000       3109.53320    
   50.2500000       3049.10742    
   50.5000000       2984.05371    
   50.7500000       2914.67139    
   51.0000000       2841.25952    
   51.2500000       2764.12720    
   51.5000000       2683.62329    
   51.7500000       2600.10693    
   52.0000000       2513.93652    
   52.2500000       2425.47632    
   52.5000000       2335.10986    
   52.7500000       2243.22607    
   53.0000000       2150.21362    
   53.2500000       2056.46143    
   53.5000000       1962.35791    
   53.7500000       1868.29199    
   54.0000000       1774.65271    
   54.2500000       1681.81616    
   54.5000000       1590.11035    
   54.7500000       1499.84973    
   55.0000000       1411.34985    
   55.2500000       1324.90100    
   55.5000000       1240.69617    
   55.7500000       1158.90283    
   56.0000000       1079.68945    
   56.2500000       1003.21130    
   56.5000000       929.575012    
   56.7500000       858.875061    
   57.0000000       791.205688    
   57.2500000       726.661316    
   57.5000000       665.336243    
   57.7500000       607.324768    
   58.0000000       552.721313    
   58.2500000       501.609924    
   58.5000000       454.033630    
   58.7500000       410.025482    
   59.0000000       369.618134    
   59.2500000       332.824036    
   59.5000000       299.573547    
   59.7500000       269.776489    
   60.0000000       243.342773    
   60.2500000       220.172043    
   60.5000000       200.122894    
   60.7500000       183.043732    
   61.0000000       168.782913    
   61.2500000       157.188843    
   61.5000000       148.109909    
   61.7500000       141.394470    
   62.0000000       136.890930    
   62.2500000       134.448166    
   62.5000000       133.917038    
   62.7500000       135.148926    
   63.0000000       137.995163    
   63.2500000       142.308136    
   63.5000000       147.944153    
   63.7500000       154.760544    
   64.0000000       162.614609    
   64.2500000       171.364212    
   64.5000000       180.869141    
   64.7500000       190.989700    
   65.0000000       201.586166    
   65.2500000       212.518890    
   65.5000000       223.648148    
   65.7500000       234.834244    
   66.0000000       245.937469    
   66.2500000       256.823883    
   66.5000000       267.382385    
   66.7500000       277.507782    
   67.0000000       287.094666    
   67.2500000       296.049194    
   67.5000000       304.323456    
   67.7500000       311.880859    
   68.0000000       318.684845    
   68.2500000       324.704681    
   68.5000000       329.932404    
   68.7500000       334.365997    
   69.0000000       338.003204    
   69.2500000       340.841949    
   69.5000000       342.880096    
   69.7500000       344.115417    
   70.0000000       344.545868    
   70.2500000       344.172180    
   70.5000000       343.006989    
   70.7500000       341.065796    
   71.0000000       338.364105    
   71.2500000       334.923370    
   71.5000000       330.788513    
   71.7500000       326.010468    
   72.0000000       320.640045    
   72.2500000       314.731049    
   72.5000000       308.349091    
   72.7500000       301.562683    
   73.0000000       294.440338    
   73.2500000       287.050629    
   73.5000000       279.462067    
   73.7500000       271.743195    
   74.0000000       263.962494    
   74.2500000       256.186890    
   74.5000000       248.476624    
   74.7500000       240.890427    
   75.0000000       233.486954    
   75.2500000       226.321533    
   75.5000000       219.436386    
   75.7500000       212.870453    
   76.0000000       206.662598    
   76.2500000       200.850128    
   76.5000000       195.463745    
   76.7500000       190.532471    
   77.0000000       186.085327    
   77.2500000       182.151382    
   77.5000000       178.759674    
   77.7500000       175.939240    
   78.0000000       173.719162    
   78.2500000       172.125793    
   78.5000000       171.174911    
   78.7500000       170.879639    
   79.0000000       171.253082    
   79.2500000       172.303085    
   79.5000000       174.016190    
   79.7500000       176.373672    
   80.0000000       179.356812    
   80.2500000       182.944214    
   80.5000000       187.103897    
   80.7500000       191.801178    
   81.0000000       197.001419    
   81.2500000       202.669937    
   81.5000000       208.772141    
   81.7500000       215.273300    
   82.0000000       222.138794    
   82.2500000       229.333603    
   82.5000000       236.821350    
   82.7500000       244.565277    
   83.0000000       252.528656    
   83.2500000       260.674042    
   83.5000000       268.961182    
   83.7500000       277.349213    
   84.0000000       285.797150    
   84.2500000       294.263763    
   84.5000000       302.706421    
   84.7500000       311.082062    
   85.0000000       319.347656    
   85.2500000       327.460297    
   85.5000000       335.376892    
   85.7500000       343.054474    
   86.0000000       350.449982    
   86.2500000       357.522461    
   86.5000000       364.238617    
   86.7500000       370.567322    
   87.0000000       376.477356    
   87.2500000       381.941406    
   87.5000000       386.947906    
   87.7500000       391.489197    
   88.0000000       395.557739    
   88.2500000       399.147766    
   88.5000000       402.261475    
   88.7500000       404.903046    
   89.0000000       407.076691    
   89.2500000       408.786438    
   89.5000000       410.036591    
   89.7500000       410.831207    
   90.0000000       411.174500    
   90.2500000       411.072601    
   90.5000000       410.540161    
   90.7500000       409.593506    
   91.0000000       408.249298    
   91.2500000       406.528168    
   91.5000000       404.467316    
   91.7500000       402.107971    
   92.0000000       399.491516    
   92.2500000       396.661316    
   92.5000000       393.668884    
   92.7500000       390.568024    
   93.0000000       387.412384    
   93.2500000       384.255585    
   93.5000000       381.151428    
   93.7500000       378.153473    
   94.0000000       375.315460    
   94.2500000       372.691345    
   94.5000000       370.336182    
   94.7500000       368.305328    
   95.0000000       366.654022    
   95.2500000       365.438232    
   95.5000000       364.715973    
   95.7500000       364.545868    
   96.0000000       364.986542    
   96.2500000       366.096893    
   96.5000000       367.936890    
   96.7500000       370.566772    
   97.0000000       374.046906    
   97.2500000       378.437408    
   97.5000000       383.798615    
   97.7500000       390.190826    
   98.0000000       397.674225    
   98.2500000       406.307526    
   98.5000000       416.142914    
   98.7500000       427.231110    
   99.0000000       439.622681    
   99.2500000       453.365143    
   99.5000000       468.493011    
   99.7500000       485.037689    
   100.000000       503.030670    
   100.250000       522.501709    
   100.500000       543.474243    
   100.750000       565.969910    
   101.000000       590.010620    
   101.250000       615.618103    
   101.500000       642.814148    
   101.750000       671.620422    
   102.000000       702.058960    
   102.250000       734.149170    
   102.500000       767.902039    
   102.750000       803.326111    
   103.000000       840.430115    
   103.250000       879.218445    
   103.500000       919.677917    
   103.750000       961.790771    
   104.000000       1005.53986    
   104.250000       1050.90515    
   104.500000       1097.85852    
   104.750000       1146.36902    
   105.000000       1196.40625    
   105.250000       1247.93958    
   105.500000       1300.93823    
   105.750000       1355.37170    
   106.000000       1411.20923    
   106.250000       1468.41882    
   106.500000       1526.96265    
   106.750000       1586.80139    
   107.000000       1647.89551    
   107.250000       1710.20300    
   107.500000       1773.66992    
   107.750000       1838.23962    
   108.000000       1903.85510    
   108.250000       1970.45837    
   108.500000       2037.98572    
   108.750000       2106.37109    
   109.000000       2175.54932    
   109.250000       2245.45483    
   109.500000       2316.02246    
   109.750000       2387.18628    
   110.000000       2458.88110    
   110.250000       2531.04150    
   110.500000       2603.60156    
   110.750000       2676.49487    
   111.000000       2749.65576    
   111.250000       2823.01807    
   111.500000       2896.51465    
   111.750000       2970.07910    
   112.000000       3043.64355    
   112.250000       3117.14136    
   112.500000       3190.50488    
   112.750000       3263.66602    
   113.000000       3336.55786    
   113.250000       3409.11230    
   113.500000       3481.26196    
   113.750000       3552.93921    
   114.000000       3624.07617    
   114.250000       3694.60693    
   114.500000       3764.46875    
   114.750000       3833.60083    
   115.000000       3901.94287    
   115.250000       3969.43555    
   115.500000       4036.02905    
   115.750000       4101.67676    
   116.000000       4166.33057    
   116.250000       4229.94434    
   116.500000       4292.47510    
   116.750000       4353.88330    
   117.000000       4414.12744    
   117.250000       4473.16748    
   117.500000       4530.96094    
   117.750000       4587.46924    
   118.000000       4642.65039    
   118.250000       4696.46484    
   118.500000       4748.87939    
   118.750000       4799.85986    
   119.000000       4849.37598    
   119.250000       4897.39697    
   119.500000       4943.90332    
   119.750000       4988.88037    
   120.000000       5032.31201    
   120.250000       5074.18359    
   120.500000       5114.48486    
   120.750000       5153.21045    
   121.000000       5190.35059    
   121.250000       5225.89990    
   121.500000       5259.84912    
   121.750000       5292.19043    
   122.000000       5322.91797    
   122.250000       5352.02344    
   122.500000       5379.50488    
   122.750000       5405.36182    
   123.000000       5429.59229    
   123.250000       5452.19775    
   123.500000       5473.18701    
   123.750000       5492.57129    
   124.000000       5510.36230    
   124.250000       5526.57275    
   124.500000       5541.22021    
   124.750000       5554.31982    
   125.000000       5565.89209    
   125.250000       5575.95264    
   125.500000       5584.52197    
   125.750000       5591.61523    
   126.000000       5597.25195    
   126.250000       5601.44971    
   126.500000       5604.22998    
   126.750000       5605.61426    
   127.000000       5605.62451    
   127.250000       5604.28418    
   127.500000       5601.62012    
   127.750000       5597.66357    
   128.000000       5592.44336    
   128.250000       5585.99072    
   128.500000       5578.33789    
   128.750000       5569.51855    
   129.000000       5559.56641    
   129.250000       5548.51367    
   129.500000       5536.39697    
   129.750000       5523.24854    
   130.000000       5509.10107    
   130.250000       5493.98926    
   130.500000       5477.94531    
   130.750000       5461.00391    
   131.000000       5443.19824    
   131.250000       5424.56201    
   131.500000       5405.12646    
   131.750000       5384.92627    
   132.000000       5363.99414    
   132.250000       5342.36230    
   132.500000       5320.06445    
   132.750000       5297.13281    
   133.000000       5273.60010    
   133.250000       5249.49951    
   133.500000       5224.86230    
   133.750000       5199.72314    
   134.000000       5174.11426    
   134.250000       5148.06689    
   134.500000       5121.61475    
   134.750000       5094.78564    
   135.000000       5067.61182    
   135.250000       5040.12402    
   135.500000       5012.34863    
   135.750000       4984.31299    
   136.000000       4956.04395    
   136.250000       4927.56885    
   136.500000       4898.91162    
   136.750000       4870.09766    
   137.000000       4841.15283    
   137.250000       4812.10156    
   137.500000       4782.96924    
   137.750000       4753.77881    
   138.000000       4724.55811    
   138.250000       4695.33057    
   138.500000       4666.11865    
   138.750000       4636.94727    
   139.000000       4607.83887    
   139.250000       4578.81592    
   139.500000       4549.89941    
   139.750000       4521.10742    
   140.000000       4492.46094    
   140.250000       4463.97852    
   140.500000       4435.67871    
   140.750000       4407.58008    

