#TitleText:Ni(001)-(5x5)-Li     Beam (3/5,1/5)            Rfac10=       0.5346
 #"IV theory
   40.2500000       217.493774    
   40.5000000       216.004028    
   40.7500000       214.507828    
   41.0000000       213.040512    
   41.2500000       211.637390    
   41.5000000       210.333817    
   41.7500000       209.165100    
   42.0000000       208.166580    
   42.2500000       207.372482    
   42.5000000       206.812393    
   42.7500000       206.514786    
   43.0000000       206.508087    
   43.2500000       206.818558    
   43.5000000       207.463165    
   43.7500000       208.456665    
   44.0000000       209.813904    
   44.2500000       211.548370    
   44.5000000       213.669174    
   44.7500000       216.184189    
   45.0000000       219.101242    
   45.2500000       222.428299    
   45.5000000       226.173187    
   45.7500000       230.343826    
   46.0000000       234.948090    
   46.2500000       239.992172    
   46.5000000       245.475418    
   46.7500000       251.395508    
   47.0000000       257.749969    
   47.2500000       264.533081    
   47.5000000       271.725342    
   47.7500000       279.303955    
   48.0000000       287.245972    
   48.2500000       295.526855    
   48.5000000       304.115112    
   48.7500000       312.977692    
   49.0000000       322.081390    
   49.2500000       331.393158    
   49.5000000       340.879730    
   49.7500000       350.508087    
   50.0000000       360.245087    
   50.2500000       370.057434    
   50.5000000       379.911530    
   50.7500000       389.773651    
   51.0000000       399.609955    
   51.2500000       409.386627    
   51.5000000       419.068878    
   51.7500000       428.621765    
   52.0000000       438.010162    
   52.2500000       447.199158    
   52.5000000       456.153229    
   52.7500000       464.836884    
   53.0000000       473.214447    
   53.2500000       481.250427    
   53.5000000       488.909180    
   53.7500000       496.155182    
   54.0000000       502.952850    
   54.2500000       509.268005    
   54.5000000       515.071960    
   54.7500000       520.337463    
   55.0000000       525.037170    
   55.2500000       529.146484    
   55.5000000       532.652100    
   55.7500000       535.543152    
   56.0000000       537.809021    
   56.2500000       539.440247    
   56.5000000       540.433044    
   56.7500000       540.785034    
   57.0000000       540.493774    
   57.2500000       539.556580    
   57.5000000       537.971313    
   57.7500000       535.735291    
   58.0000000       532.846252    
   58.2500000       529.302979    
   58.5000000       525.109985    
   58.7500000       520.272949    
   59.0000000       514.797668    
   59.2500000       508.692688    
   59.5000000       501.977386    
   59.7500000       494.673920    
   60.0000000       486.804565    
   60.2500000       478.392792    
   60.5000000       469.467621    
   60.7500000       460.059479    
   61.0000000       450.198853    
   61.2500000       439.915924    
   61.5000000       429.241272    
   61.7500000       418.205170    
   62.0000000       406.838104    
   62.2500000       395.170471    
   62.5000000       383.233704    
   62.7500000       371.059113    
   63.0000000       358.678040    
   63.2500000       346.122314    
   63.5000000       333.424988    
   63.7500000       320.619507    
   64.0000000       307.739258    
   64.2500000       294.817902    
   64.5000000       281.889648    
   64.7500000       268.988892    
   65.0000000       256.150208    
   65.2500000       243.407928    
   65.5000000       230.796524    
   65.7500000       218.350403    
   66.0000000       206.104034    
   66.2500000       194.090942    
   66.5000000       182.340881    
   66.7500000       170.882797    
   67.0000000       159.745529    
   67.2500000       148.956146    
   67.5000000       138.534256    
   67.7500000       128.497665    
   68.0000000       118.864128    
   68.2500000       109.650520    
   68.5000000       100.870010    
   68.7500000       92.5348053    
   69.0000000       84.6571426    
   69.2500000       77.2492676    
   69.5000000       70.3233795    
   69.7500000       63.8917503    
   70.0000000       57.9665756    
   70.2500000       52.5590324    
   70.5000000       47.6759682    
   70.7500000       43.3231544    
   71.0000000       39.5063820    
   71.2500000       36.2292671    
   71.5000000       33.4868355    
   71.7500000       31.2719574    
   72.0000000       29.5775032    
   72.2500000       28.3952656    
   72.5000000       27.7127399    
   72.7500000       27.5163479    
   73.0000000       27.7924976    
   73.2500000       28.5276146    
   73.5000000       29.7081108    
   73.7500000       31.3204060    
   74.0000000       33.3509178    
   74.2500000       35.7856293    
   74.5000000       38.6088028    
   74.7500000       41.8042603    
   75.0000000       45.3558311    
   75.2500000       49.2464828    
   75.5000000       53.4557152    
   75.7500000       57.9621735    
   76.0000000       62.7445107    
   76.2500000       67.7809448    
   76.5000000       73.0479431    
   76.7500000       78.5215836    
   77.0000000       84.1779022    
   77.2500000       89.9929657    
   77.5000000       95.9428177    
   77.7500000       102.003517    
   78.0000000       108.151131    
   78.2500000       114.362015    
   78.5000000       120.613892    
   78.7500000       126.884758    
   79.0000000       133.152649    
   79.2500000       139.396210    
   79.5000000       145.596771    
   79.7500000       151.736267    
   80.0000000       157.796616    
   80.2500000       163.760117    
   80.5000000       169.610367    
   80.7500000       175.331253    
   81.0000000       180.906708    
   81.2500000       186.320633    
   81.5000000       191.556931    
   81.7500000       196.599518    
   82.0000000       201.432312    
   82.2500000       206.039886    
   82.5000000       210.409363    
   82.7500000       214.528580    
   83.0000000       218.385345    
   83.2500000       221.968735    
   83.5000000       225.273087    
   83.7500000       228.294022    
   84.0000000       231.027069    
   84.2500000       233.468506    
   84.5000000       235.617203    
   84.7500000       237.472672    
   85.0000000       239.034393    
   85.2500000       240.301834    
   85.5000000       241.274536    
   85.7500000       241.951920    
   86.0000000       242.333603    
   86.2500000       242.419464    
   86.5000000       242.211426    
   86.7500000       241.711838    
   87.0000000       240.923050    
   87.2500000       239.848343    
   87.5000000       238.494873    
   87.7500000       236.870682    
   88.0000000       234.983841    
   88.2500000       232.842896    
   88.5000000       230.458328    
   88.7500000       227.841019    
   89.0000000       225.001877    
   89.2500000       221.951859    
   89.5000000       218.701889    
   89.7500000       215.262848    
   90.0000000       211.645721    
   90.2500000       207.861481    
   90.5000000       203.921448    
   90.7500000       199.836960    
   91.0000000       195.619385    
   91.2500000       191.280258    
   91.5000000       186.831711    
   91.7500000       182.285980    
   92.0000000       177.655365    
   92.2500000       172.952194    
   92.5000000       168.189102    
   92.7500000       163.378769    
   93.0000000       158.534012    
   93.2500000       153.667419    
   93.5000000       148.791794    
   93.7500000       143.919815    
   94.0000000       139.064224    
   94.2500000       134.237457    
   94.5000000       129.451111    
   94.7500000       124.716461    
   95.0000000       120.044823    
   95.2500000       115.447044    
   95.5000000       110.932091    
   95.7500000       106.508476    
   96.0000000       102.184692    
   96.2500000       97.9690094    
   96.5000000       93.8687515    
   96.7500000       89.8910522    
   97.0000000       86.0429688    
   97.2500000       82.3316269    
   97.5000000       78.7641068    
   97.7500000       75.3475189    
   98.0000000       72.0889511    
   98.2500000       68.9952164    
   98.5000000       66.0718918    
   98.7500000       63.3242760    
   99.0000000       60.7576637    
   99.2500000       58.3767433    
   99.5000000       56.1837845    
   99.7500000       54.1804657    
   100.000000       52.3684692    
   100.250000       50.7491608    
   100.500000       49.3227234    
   100.750000       48.0890121    
   101.000000       47.0479012    
   101.250000       46.1992607    
   101.500000       45.5429573    
   101.750000       45.0788612    
   102.000000       44.8068352    
   102.250000       44.7265701    
   102.500000       44.8370323    
   102.750000       45.1370010    
   103.000000       45.6252594    
   103.250000       46.3002243    
   103.500000       47.1588783    
   103.750000       48.1978111    
   104.000000       49.4136581    
   104.250000       50.8028259    
   104.500000       52.3610268    
   104.750000       54.0837898    
   105.000000       55.9666328    
   105.250000       58.0050812    
   105.500000       60.1946526    
   105.750000       62.5308800    
   106.000000       65.0092773    
   106.250000       67.6253738    
   106.500000       70.3746643    
   106.750000       73.2526169    
   107.000000       76.2547455    
   107.250000       79.3765259    
   107.500000       82.6133804    
   107.750000       85.9607315    
   108.000000       89.4140091    
   108.250000       92.9686356    
   108.500000       96.6199875    
   108.750000       100.363457    
   109.000000       104.194443    
   109.250000       108.108330    
   109.500000       112.100510    
   109.750000       116.166367    
   110.000000       120.301270    
   110.250000       124.500740    
   110.500000       128.760696    
   110.750000       133.077164    
   111.000000       137.446167    
   111.250000       141.863968    
   111.500000       146.327637    
   111.750000       150.834488    
   112.000000       155.381897    
   112.250000       159.967194    
   112.500000       164.588257    
   112.750000       169.243057    
   113.000000       173.929535    
   113.250000       178.645630    
   113.500000       183.389343    
   113.750000       188.158554    
   114.000000       192.951248    
   114.250000       197.765549    
   114.500000       202.599884    
   114.750000       207.452988    
   115.000000       212.323563    
   115.250000       217.210388    
   115.500000       222.113419    
   115.750000       227.032639    
   116.000000       231.968109    
   116.250000       236.920074    
   116.500000       241.889160    
   116.750000       246.876144    
   117.000000       251.881821    
   117.250000       256.906921    
   117.500000       261.952271    
   117.750000       267.018585    
   118.000000       272.106689    
   118.250000       277.217438    
   118.500000       282.351776    
   118.750000       287.510803    
   119.000000       292.695618    
   119.250000       297.907379    
   119.500000       303.147675    
   119.750000       308.418182    
   120.000000       313.720551    
   120.250000       319.056519    
   120.500000       324.428070    
   120.750000       329.837128    
   121.000000       335.285645    
   121.250000       340.775665    
   121.500000       346.309113    
   121.750000       351.887970    
   122.000000       357.514252    
   122.250000       363.189880    
   122.500000       368.916565    
   122.750000       374.696014    
   123.000000       380.529938    
   123.250000       386.419952    
   123.500000       392.367188    
   123.750000       398.372894    
   124.000000       404.438110    
   124.250000       410.563904    
   124.500000       416.751190    
   124.750000       423.000916    
   125.000000       429.313721    
   125.250000       435.690582    
   125.500000       442.132294    
   125.750000       448.639801    
   126.000000       455.213745    
   126.250000       461.855072    
   126.500000       468.563995    
   126.750000       475.340942    
   127.000000       482.186157    
   127.250000       489.099823    
   127.500000       496.081238    
   127.750000       503.129730    
   128.000000       510.244476    
   128.250000       517.424561    
   128.500000       524.668762    
   128.750000       531.975891    
   129.000000       539.344482    
   129.250000       546.773315    
   129.500000       554.260925    
   129.750000       561.806030    
   130.000000       569.407532    
   130.250000       577.063721    
   130.500000       584.773010    
   130.750000       592.533447    
   131.000000       600.343262    
   131.250000       608.200256    
   131.500000       616.101868    
   131.750000       624.044922    
   132.000000       632.026611    
   132.250000       640.043945    
   132.500000       648.093384    
   132.750000       656.171509    
   133.000000       664.274841    
   133.250000       672.399780    
   133.500000       680.543091    
   133.750000       688.700989    
   134.000000       696.870178    
   134.250000       705.046936    
   134.500000       713.227539    
   134.750000       721.408081    
   135.000000       729.584656    
   135.250000       737.753235    
   135.500000       745.909241    
   135.750000       754.047791    
   136.000000       762.164185    
   136.250000       770.253723    
   136.500000       778.311340    
   136.750000       786.331665    
   137.000000       794.309875    
   137.250000       802.240540    
   137.500000       810.118713    
   137.750000       817.939148    
   138.000000       825.696655    
   138.250000       833.386047    
   138.500000       841.002563    
   138.750000       848.540771    
   139.000000       855.995605    
   139.250000       863.362061    
   139.500000       870.635132    
   139.750000       877.809814    
   140.000000       884.881104    
   140.250000       891.844177    
   140.500000       898.693848    
   140.750000       905.425598    
   141.000000       912.034119    
   141.250000       918.514648    
   141.500000       924.862183    
   141.750000       931.071960    

