#TitleText:Ni(001)-(5x5)-Li     Beam (4/5,3/5)            Rfac10=       1.0000
 #"IV theory
   68.2500000       82.0321884    
   68.5000000       77.2397385    
   68.7500000       72.7962189    
   69.0000000       68.6917801    
   69.2500000       64.9166031    
   69.5000000       61.4608459    
   69.7500000       58.3146820    
   70.0000000       55.4682693    
   70.2500000       52.9117432    
   70.5000000       50.6350517    
   70.7500000       48.6281128    
   71.0000000       46.8808212    
   71.2500000       45.3830070    
   71.5000000       44.1241493    
   71.7500000       43.0936432    
   72.0000000       42.2808762    
   72.2500000       41.6752052    
   72.5000000       41.2658005    
   72.7500000       41.0418053    
   73.0000000       40.9923477    
   73.2500000       41.1065674    
   73.5000000       41.3735962    
   73.7500000       41.7825775    
   74.0000000       42.3226318    
   74.2500000       42.9830933    
   74.5000000       43.7540321    
   74.7500000       44.6257210    
   75.0000000       45.5884209    
   75.2500000       46.6327705    
   75.5000000       47.7509308    
   75.7500000       48.9354210    
   76.0000000       50.1787720    
   76.2500000       51.4737015    
   76.5000000       52.8136711    
   76.7500000       54.1923447    
   77.0000000       55.6033783    
   77.2500000       57.0404320    
   77.5000000       58.4971581    
   77.7500000       59.9672165    
   78.0000000       61.4442711    
   78.2500000       62.9221687    
   78.5000000       64.3955002    
   78.7500000       65.8590775    
   79.0000000       67.3076630    
   79.2500000       68.7364502    
   79.5000000       70.1421127    
   79.7500000       71.5216904    
   80.0000000       72.8722610    
   80.2500000       74.1910706    
   80.5000000       75.4761124    
   80.7500000       76.7255707    
   81.0000000       77.9376602    
   81.2500000       79.1105499    
   81.5000000       80.2424393    
   81.7500000       81.3315125    
   82.0000000       82.3759689    
   82.2500000       83.3740921    
   82.5000000       84.3245468    
   82.7500000       85.2261200    
   83.0000000       86.0775528    
   83.2500000       86.8778152    
   83.5000000       87.6266327    
   83.7500000       88.3239212    
   84.0000000       88.9696045    
   84.2500000       89.5636902    
   84.5000000       90.1065979    
   84.7500000       90.5988083    
   85.0000000       91.0408096    
   85.2500000       91.4331055    
   85.5000000       91.7761917    
   85.7500000       92.0705566    
   86.0000000       92.3167114    
   86.2500000       92.5151901    
   86.5000000       92.6667328    
   86.7500000       92.7721329    
   87.0000000       92.8321991    
   87.2500000       92.8478165    
   87.5000000       92.8202820    
   87.7500000       92.7509995    
   88.0000000       92.6413422    
   88.2500000       92.4927750    
   88.5000000       92.3069153    
   88.7500000       92.0854874    
   89.0000000       91.8301620    
   89.2500000       91.5426483    
   89.5000000       91.2246246    
   89.7500000       90.8778000    
   90.0000000       90.5038528    
   90.2500000       90.1045609    
   90.5000000       89.6819611    
   90.7500000       89.2381516    
   91.0000000       88.7752304    
   91.2500000       88.2954712    
   91.5000000       87.8016357    
   91.7500000       87.2966843    
   92.0000000       86.7835388    
   92.2500000       86.2652054    
   92.5000000       85.7449646    
   92.7500000       85.2261581    
   93.0000000       84.7121429    
   93.2500000       84.2062454    
   93.5000000       83.7118454    
   93.7500000       83.2322540    
   94.0000000       82.7708282    
   94.2500000       82.3309937    
   94.5000000       81.9164124    
   94.7500000       81.5307846    
   95.0000000       81.1778564    
   95.2500000       80.8614731    
   95.5000000       80.5860062    
   95.7500000       80.3559189    
   96.0000000       80.1756973    
   96.2500000       80.0498886    
   96.5000000       79.9832993    
   96.7500000       79.9807968    
   97.0000000       80.0472107    
   97.2500000       80.1874237    
   97.5000000       80.4062958    
   97.7500000       80.7086792    
   98.0000000       81.0994568    
   98.2500000       81.5834656    
   98.5000000       82.1655807    
   98.7500000       82.8506622    
   99.0000000       83.6435699    
   99.2500000       84.5491638    
   99.5000000       85.5723114    
   99.7500000       86.7178726    
   100.000000       87.9907150    
   100.250000       89.3956909    
   100.500000       90.9376831    
   100.750000       92.6215363    
   101.000000       94.4521332    
   101.250000       96.4343262    
   101.500000       98.5729904    
   101.750000       100.872971    
   102.000000       103.339149    
   102.250000       105.976295    
   102.500000       108.788887    
   102.750000       111.781296    
   103.000000       114.957909    
   103.250000       118.322945    
   103.500000       121.879990    
   103.750000       125.632492    
   104.000000       129.583817    
   104.250000       133.737335    
   104.500000       138.096054    
   104.750000       142.662949    
   105.000000       147.440918    
   105.250000       152.432922    
   105.500000       157.641891    
   105.750000       163.070755    

