#TitleText:Ni(001)-(5x5)-Li     Beam (1,1/5)              Rfac10=       0.4340
 #"IV theory
   54.2500000       50.1633492    
   54.5000000       48.3906441    
   54.7500000       46.8880005    
   55.0000000       45.6566162    
   55.2500000       44.6959763    
   55.5000000       43.9986496    
   55.7500000       43.5554733    
   56.0000000       43.3572960    
   56.2500000       43.3940926    
   56.5000000       43.6523857    
   56.7500000       44.1178436    
   57.0000000       44.7761154    
   57.2500000       45.6128693    
   57.5000000       46.6137543    
   57.7500000       47.7644463    
   58.0000000       49.0505943    
   58.2500000       50.4579697    
   58.5000000       51.9728088    
   58.7500000       53.5814552    
   59.0000000       55.2702484    
   59.2500000       57.0257568    
   59.5000000       58.8354607    
   59.7500000       60.6870804    
   60.0000000       62.5683098    
   60.2500000       64.4669800    
   60.5000000       66.3713684    
   60.7500000       68.2698669    
   61.0000000       70.1508560    
   61.2500000       72.0027542    
   61.5000000       73.8139114    
   61.7500000       75.5727615    
   62.0000000       77.2676773    
   62.2500000       78.8875732    
   62.5000000       80.4234695    
   62.7500000       81.8669281    
   63.0000000       83.2094803    
   63.2500000       84.4437485    
   63.5000000       85.5665283    
   63.7500000       86.5756836    
   64.0000000       87.4690857    
   64.2500000       88.2450943    
   64.5000000       88.9042282    
   64.7500000       89.4475021    
   65.0000000       89.8759308    
   65.2500000       90.1905289    
   65.5000000       90.3923111    
   65.7500000       90.4823151    
   66.0000000       90.4615479    
   66.2500000       90.3312531    
   66.5000000       90.0935822    
   66.7500000       89.7509003    
   67.0000000       89.3056107    
   67.2500000       88.7605133    
   67.5000000       88.1202621    
   67.7500000       87.3899460    
   68.0000000       86.5746384    
   68.2500000       85.6796722    
   68.5000000       84.7112732    
   68.7500000       83.6758804    
   69.0000000       82.5799255    
   69.2500000       81.4298859    
   69.5000000       80.2322006    
   69.7500000       78.9933090    
   70.0000000       77.7196579    
   70.2500000       76.4175644    
   70.5000000       75.0927658    
   70.7500000       73.7508698    
   71.0000000       72.3974991    
   71.2500000       71.0379791    
   71.5000000       69.6765137    
   71.7500000       68.3170471    
   72.0000000       66.9634933    
   72.2500000       65.6196747    
   72.5000000       64.2887955    
   72.7500000       62.9739571    
   73.0000000       61.6782646    
   73.2500000       60.4048004    
   73.5000000       59.1566696    
   73.7500000       57.9369507    
   74.0000000       56.7487526    
   74.2500000       55.5949860    
   74.5000000       54.4779167    
   74.7500000       53.3996162    
   75.0000000       52.3621597    
   75.2500000       51.3673058    
   75.5000000       50.4154282    
   75.7500000       49.5065918    
   76.0000000       48.6408501    
   76.2500000       47.8180809    
   76.5000000       47.0375023    
   76.7500000       46.2981491    
   77.0000000       45.5990677    
   77.2500000       44.9392929    
   77.5000000       44.3178673    
   77.7500000       43.7338333    
   78.0000000       43.1862297    
   78.2500000       42.6741104    
   78.5000000       42.1965790    
   78.7500000       41.7527504    
   79.0000000       41.3417358    
   79.2500000       40.9626808    
   79.5000000       40.6148300    
   79.7500000       40.2974358    
   80.0000000       40.0097733    
   80.2500000       39.7511139    
   80.5000000       39.5207939    
   80.7500000       39.3181458    
   81.0000000       39.1425095    
   81.2500000       38.9932289    
   81.5000000       38.8696404    
   81.7500000       38.7710838    
   82.0000000       38.6969032    
   82.2500000       38.6465645    
   82.5000000       38.6200676    
   82.7500000       38.6175385    
   83.0000000       38.6390953    
   83.2500000       38.6851349    
   83.5000000       38.7570915    
   83.7500000       38.8566589    
   84.0000000       38.9855347    
   84.2500000       39.1455574    
   84.5000000       39.3390694    
   84.7500000       39.5685577    
   85.0000000       39.8365135    
   85.2500000       40.1454086    
   85.5000000       40.4977341    
   85.7500000       40.8959732    
   86.0000000       41.3426132    
   86.2500000       41.8402138    
   86.5000000       42.3916664    
   86.7500000       42.9999428    
   87.0000000       43.6680145    
   87.2500000       44.3990135    
   87.5000000       45.1967278    
   87.7500000       46.0651016    
   88.0000000       47.0080757    
   88.2500000       48.0296898    
   88.5000000       49.1342773    
   88.7500000       50.3262863    
   89.0000000       51.6101418    
   89.2500000       52.9902840    
   89.5000000       54.4711342    
   89.7500000       56.0571442    
   90.0000000       57.7527275    
   90.2500000       59.5622902    
   90.5000000       61.4900436    
   90.7500000       63.5401726    
   91.0000000       65.7168655    
   91.2500000       68.0242081    
   91.5000000       70.4659576    
   91.7500000       73.0458069    
   92.0000000       75.7674179    
   92.2500000       78.6344223    
   92.5000000       81.6502991    
   92.7500000       84.8184662    
   93.0000000       88.1423340    
   93.2500000       91.6253281    
   93.5000000       95.2708969    
   93.7500000       99.0824356    
   94.0000000       103.063377    
   94.2500000       107.217033    
   94.5000000       111.546181    
   94.7500000       116.053490    
   95.0000000       120.741684    
   95.2500000       125.613144    
   95.5000000       130.669327    
   95.7500000       135.911407    
   96.0000000       141.340576    
   96.2500000       146.957855    
   96.5000000       152.763870    
   96.7500000       158.759003    
   97.0000000       164.943710    
   97.2500000       171.318436    
   97.5000000       177.883560    
   97.7500000       184.639587    
   98.0000000       191.586960    
   98.2500000       198.725906    
   98.5000000       206.056320    
   98.7500000       213.577774    
   99.0000000       221.290009    
   99.2500000       229.192368    
   99.5000000       237.283234    
   99.7500000       245.560760    
   100.000000       254.023010    
   100.250000       262.667999    
   100.500000       271.493164    
   100.750000       280.495880    
   101.000000       289.673523    
   101.250000       299.023346    
   101.500000       308.542725    
   101.750000       318.229065    
   102.000000       328.079590    
   102.250000       338.091644    
   102.500000       348.262146    
   102.750000       358.588043    
   103.000000       369.066132    
   103.250000       379.693176    
   103.500000       390.465240    
   103.750000       401.378357    
   104.000000       412.428406    
   104.250000       423.611298    
   104.500000       434.922577    
   104.750000       446.357727    
   105.000000       457.912292    
   105.250000       469.581726    
   105.500000       481.361481    
   105.750000       493.247101    
   106.000000       505.234039    
   106.250000       517.317749    
   106.500000       529.493591    
   106.750000       541.756714    
   107.000000       554.102356    
   107.250000       566.525757    
   107.500000       579.021667    
   107.750000       591.584839    
   108.000000       604.210083    
   108.250000       616.892029    
   108.500000       629.625244    
   108.750000       642.404175    
   109.000000       655.223389    
   109.250000       668.077332    
   109.500000       680.960632    
   109.750000       693.867554    
   110.000000       706.792725    
   110.250000       719.730652    
   110.500000       732.675659    
   110.750000       745.622009    
   111.000000       758.564148    
   111.250000       771.496216    
   111.500000       784.412354    
   111.750000       797.306458    
   112.000000       810.172729    
   112.250000       823.004944    
   112.500000       835.796997    
   112.750000       848.542664    
   113.000000       861.235962    
   113.250000       873.870483    
   113.500000       886.440186    
   113.750000       898.938904    
   114.000000       911.360413    
   114.250000       923.698547    
   114.500000       935.947388    
   114.750000       948.100769    
   115.000000       960.152527    
   115.250000       972.096802    
   115.500000       983.927795    
   115.750000       995.639465    
   116.000000       1007.22632    
   116.250000       1018.68237    
   116.500000       1030.00195    
   116.750000       1041.17957    
   117.000000       1052.20923    
   117.250000       1063.08545    
   117.500000       1073.80273    
   117.750000       1084.35486    
   118.000000       1094.73657    
   118.250000       1104.94226    
   118.500000       1114.96619    
   118.750000       1124.80310    
   119.000000       1134.44727    
   119.250000       1143.89355    
   119.500000       1153.13696    
   119.750000       1162.17212    
   120.000000       1170.99414    
   120.250000       1179.59814    
   120.500000       1187.97913    
   120.750000       1196.13245    
   121.000000       1204.05310    
   121.250000       1211.73645    
   121.500000       1219.17761    
   121.750000       1226.37183    
   122.000000       1233.31409    
   122.250000       1240.00000    
   122.500000       1246.42480    
   122.750000       1252.58398    
   123.000000       1258.47351    
   123.250000       1264.08875    
   123.500000       1269.42590    
   123.750000       1274.48157    
   124.000000       1279.25183    
   124.250000       1283.73315    
   124.500000       1287.92236    
   124.750000       1291.81567    
   125.000000       1295.41052    
   125.250000       1298.70325    
   125.500000       1301.69055    
   125.750000       1304.36926    
   126.000000       1306.73584    
   126.250000       1308.78760    
   126.500000       1310.52161    
   126.750000       1311.93591    
   127.000000       1313.02783    
   127.250000       1313.79553    
   127.500000       1314.23792    
   127.750000       1314.35474    
   128.000000       1314.14551    
   128.250000       1313.60950    
   128.500000       1312.74744    
   128.750000       1311.55945    
   129.000000       1310.04590    
   129.250000       1308.20740    
   129.500000       1306.04431    
   129.750000       1303.55701    
   130.000000       1300.74561    
   130.250000       1297.61121    
   130.500000       1294.15442    
   130.750000       1290.37646    
   131.000000       1286.27893    
   131.250000       1281.86279    
   131.500000       1277.13074    
   131.750000       1272.08545    
   132.000000       1266.72986    
   132.250000       1261.06653    
   132.500000       1255.09888    
   132.750000       1248.83057    
   133.000000       1242.26514    
   133.250000       1235.40588    
   133.500000       1228.25659    
   133.750000       1220.82056    
   134.000000       1213.10120    
   134.250000       1205.10242    
   134.500000       1196.82800    
   134.750000       1188.28223    
   135.000000       1179.46948    
   135.250000       1170.39392    
   135.500000       1161.06116    
   135.750000       1151.47668    
   136.000000       1141.64563    
   136.250000       1131.57410    
   136.500000       1121.26819    
   136.750000       1110.73389    
   137.000000       1099.97766    
   137.250000       1089.00574    
   137.500000       1077.82422    
   137.750000       1066.43958    
   138.000000       1054.85767    
   138.250000       1043.08496    
   138.500000       1031.12842    
   138.750000       1018.99414    
   139.000000       1006.68951    
   139.250000       994.221191    
   139.500000       981.596680    
   139.750000       968.823914    
   140.000000       955.910461    
   140.250000       942.864319    
   140.500000       929.693542    
   140.750000       916.406433    
   141.000000       903.011292    
   141.250000       889.516418    
   141.500000       875.929871    
   141.750000       862.260132    
   142.000000       848.515320    
   142.250000       834.703857    
   142.500000       820.833862    
   142.750000       806.913818    
   143.000000       792.952026    
   143.250000       778.956787    
   143.500000       764.936584    
   143.750000       750.899658    
   144.000000       736.854675    
   144.250000       722.809998    
   144.500000       708.774109    
   144.750000       694.755432    
   145.000000       680.762634    
   145.250000       666.804138    
   145.500000       652.888489    
   145.750000       639.024048    
   146.000000       625.219482    
   146.250000       611.483093    
   146.500000       597.823120    
   146.750000       584.247864    
   147.000000       570.765320    
   147.250000       557.383667    
   147.500000       544.110413    
   147.750000       530.953125    
   148.000000       517.919250    
   148.250000       505.016235    
   148.500000       492.251251    
   148.750000       479.631470    
   149.000000       467.164093    
   149.250000       454.856262    
   149.500000       442.715149    
   149.750000       430.747864    
   150.000000       418.961517    
   150.250000       407.363281    
   150.500000       395.959839    
   150.750000       384.757935    
   151.000000       373.764252    
   151.250000       362.985321    
   151.500000       352.427032    
   151.750000       342.095184    
   152.000000       331.995453    
   152.250000       322.133514    
   152.500000       312.514771    
   152.750000       303.144470    

