#TitleText:Ni(001)-(5x5)-Li     Beam (1/5,0)              Rfac10=       0.1377
 #"IV theory
   21.2500000       1980.62610    
   21.5000000       2131.40430    
   21.7500000       2287.16431    
   22.0000000       2446.65723    
   22.2500000       2608.66699    
   22.5000000       2772.10840    
   22.7500000       2935.92798    
   23.0000000       3099.07422    
   23.2500000       3260.55957    
   23.5000000       3419.66089    
   23.7500000       3575.72021    
   24.0000000       3728.07983    
   24.2500000       3876.11499    
   24.5000000       4019.33252    
   24.7500000       4157.27148    
   25.0000000       4289.47217    
   25.2500000       4415.47314    
   25.5000000       4534.81445    
   25.7500000       4647.03613    
   26.0000000       4751.67676    
   26.2500000       4848.30420    
   26.5000000       4936.59277    
   26.7500000       5016.24756    
   27.0000000       5086.96973    
   27.2500000       5148.51807    
   27.5000000       5200.86816    
   27.7500000       5244.04980    
   28.0000000       5278.09375    
   28.2500000       5303.05762    
   28.5000000       5319.10889    
   28.7500000       5326.43994    
   29.0000000       5325.24463    
   29.2500000       5315.71729    
   29.5000000       5298.05127    
   29.7500000       5272.44189    
   30.0000000       5239.08203    
   30.2500000       5198.17676    
   30.5000000       5149.97949    
   30.7500000       5094.75635    
   31.0000000       5032.77100    
   31.2500000       4964.31201    
   31.5000000       4889.76221    
   31.7500000       4809.52881    
   32.0000000       4724.01904    
   32.2500000       4633.65088    
   32.5000000       4538.89111    
   32.7500000       4440.21680    
   33.0000000       4338.10596    
   33.2500000       4233.03662    
   33.5000000       4125.48633    
   33.7500000       4015.93359    
   34.0000000       3904.85547    
   34.2500000       3792.72021    
   34.5000000       3679.95654    
   34.7500000       3566.98291    
   35.0000000       3454.21826    
   35.2500000       3342.06128    
   35.5000000       3230.83252    
   35.7500000       3120.83252    
   36.0000000       3012.36182    
   36.2500000       2905.71118    
   36.5000000       2801.13208    
   36.7500000       2698.86548    
   37.0000000       2599.15332    
   37.2500000       2502.23730    
   37.5000000       2408.35815    
   37.7500000       2317.75781    
   38.0000000       2230.67725    
   38.2500000       2147.34668    
   38.5000000       2067.94751    
   38.7500000       1992.64941    
   39.0000000       1921.62219    
   39.2500000       1855.01184    
   39.5000000       1792.86829    
   39.7500000       1735.21802    
   40.0000000       1682.08716    
   40.2500000       1633.49023    
   40.5000000       1589.39355    
   40.7500000       1549.75195    
   41.0000000       1514.51965    
   41.2500000       1483.65161    
   41.5000000       1457.10205    
   41.7500000       1434.82556    
   42.0000000       1416.77673    
   42.2500000       1402.90466    
   42.5000000       1393.13586    
   42.7500000       1387.39087    
   43.0000000       1385.59033    
   43.2500000       1387.64441    
   43.5000000       1393.41711    
   43.7500000       1402.76221    

