
          COORDINATES AFTER SORTING

        -3.41531205      -6.62514210      -6.62514210
        -3.41531205      -6.62514210       6.62514210
        -3.41531205       6.62514210      -6.62514210
        -3.41531205       6.62514210       6.62514210
        -3.39149356      -8.72230625       0.00000000
        -3.39149356       8.72230625       0.00000000
        -3.39149356       0.00000000      -8.72230625
        -3.39149356       0.00000000       8.72230625
        -1.42306244      11.76748562      -7.44404554
        -1.42306244      11.76748562       7.44404554
        -1.42306244      -7.44404554      11.76748562
        -1.42306244       7.44404554      11.76748562
        -1.41909266       0.00000000       0.00000000
         0.13043478      -6.94480181      -3.23724008
         0.13043478      -6.94480181       3.23724008
         0.13043478       6.94480181      -3.23724008
         0.13043478       6.94480181       3.23724008
         0.13043478      -3.23724008      -6.94480181
         0.13043478      -3.23724008       6.94480181
         0.13043478       3.23724008      -6.94480181
         0.13043478       3.23724008       6.94480181
         0.21531191      11.76748562      -2.91361070
         0.21531191      11.76748562       2.91361070
         0.21531191      -2.91361070      11.76748562
         0.21531191       2.91361070      11.76748562
         0.82684314      -7.48449945      -7.48449945
         0.82684314      -7.48449945       7.48449945
         0.82684314       7.48449945      -7.48449945
         0.82684314       7.48449945       7.48449945
         0.85803407      -2.37277889      -2.37277889
         0.85803407      -2.37277889       2.37277889
         0.85803407       2.37277889      -2.37277889
         0.85803407       2.37277889       2.37277889
         3.23478270      -9.52703285       0.00000000
         3.23478270       9.52703285       0.00000000
         3.23478270       0.00000000      -9.52703285
         3.23478270       0.00000000       9.52703285
         3.35557675      -4.81001949       0.00000000
         3.35557675       4.81001949       0.00000000
         3.35557675       0.00000000      -4.81001949
         3.35557675       0.00000000       4.81001949
         3.38317585      -4.60699415      -4.60699415
         3.38317585      -4.60699415       4.60699415
         3.38317585       4.60699415      -4.60699415
         3.38317585       4.60699415       4.60699415
         4.22495270       0.00000000       0.00000000
         4.23024559      -9.51890373      -9.51890373
         4.23024559      -9.51890373       9.51890373
         4.23024559       9.51890373      -9.51890373
         4.23024559       9.51890373       9.51890373
         4.24707031      -9.52778912      -4.66975451
         4.24707031      -9.52778912       4.66975451
         4.24707031       9.52778912      -4.66975451
         4.24707031       9.52778912       4.66975451
         4.24707031      -4.66975451      -9.52778912
         4.24707031      -4.66975451       9.52778912
         4.24707031       4.66975451      -9.52778912
         4.24707031       4.66975451       9.52778912

 DIRECTION SET SEARCH COMPLETE 
 ======================= 

 CONVERGENCE TOLERANCE ACHIEVED =.000000
 DIMENSIONALITY OF SEARCH=*****
 ISMOTH=    1

 COORDINATES AT MINIMUM;  LSFLAG

  0.00000000  0.00000000  0.00000000   1
  0.00000000  0.00000000  0.00000000   1
  0.00000000  0.00000000  0.00000000   1
  0.00000000  0.00000000  0.00000000   1
  0.00000000  0.00000000  0.00000000   1
  0.00000000  0.00000000  0.00000000   1
  0.00000000  0.00000000  0.00000000   1
  0.00000000  0.00000000  0.00000000   1
  0.00000000  0.00000000  0.00000000   1
  0.00000000  0.00000000  0.00000000   1
  0.00000000  0.00000000  0.00000000   1
  0.00000000  0.00000000  0.00000000   1
  0.00000000  0.00000000  0.00000000   1
  0.00000000  0.00000000  0.00000000   1
  0.00000000  0.00000000  0.00000000   1
  0.00000000  0.00000000  0.00000000   1
  0.00000000  0.00000000  0.00000000   1
  0.00000000  0.00000000  0.00000000   1
  0.00000000  0.00000000  0.00000000   1
  0.00000000  0.00000000  0.00000000   1
  0.00000000  0.00000000  0.00000000   1
  0.00000000  0.00000000  0.00000000   1
  0.00000000  0.00000000  0.00000000   1
  0.00000000  0.00000000  0.00000000   1
  0.00000000  0.00000000  0.00000000   1
  0.00000000  0.00000000  0.00000000   1
  0.00000000  0.00000000  0.00000000   1
  0.00000000  0.00000000  0.00000000   1
  0.00000000  0.00000000  0.00000000   1
  0.00000000  0.00000000  0.00000000   1
  0.00000000  0.00000000  0.00000000   1
  0.00000000  0.00000000  0.00000000   1
  0.00000000  0.00000000  0.00000000   1
  0.00000000  0.00000000  0.00000000   1
  0.00000000  0.00000000  0.00000000   1
  0.00000000  0.00000000  0.00000000   1
  0.00000000  0.00000000  0.00000000   1
  0.00000000  0.00000000  0.00000000   1
  0.00000000  0.00000000  0.00000000   1
  0.00000000  0.00000000  0.00000000   1
  0.00000000  0.00000000  0.00000000   1
  0.00000000  0.00000000  0.00000000   1
  0.00000000  0.00000000  0.00000000   1
  0.00000000  0.00000000  0.00000000   1
  0.00000000  0.00000000  0.00000000   1
  0.00000000  0.00000000  0.00000000   1
  0.00000000  0.00000000  0.00000000   1
  0.00000000  0.00000000  0.00000000   1
  0.00000000  0.00000000  0.00000000   1
  0.00000000  0.00000000  0.00000000   1
  0.00000000  0.00000000  0.00000000   1
  0.00000000  0.00000000  0.00000000   1
  0.00000000  0.00000000  0.00000000   1
  0.00000000  0.00000000  0.00000000   1
  0.00000000  0.00000000  0.00000000   1
  0.00000000  0.00000000  0.00000000   1
  0.00000000  0.00000000  0.00000000   1
  0.00000000  0.00000000  0.00000000   1

 NUMBER OF ITERATIONS =  0
 NUMBER OF FUNCTIONAL EVALUATIONS =    0

 OPTIMUM R-FACTOR = 0.6840
 OPTIMUM VALUE OF INNER POTENTIAL = 0.0000

 OPTIMUM R-FACTOR = 0.6840
