 ID: 000 original Parms passed to evaluate.f 
 ID: 000 Parms passed to tleed codes:    (may be changed by VALUATE)
   1 -1.8067  3.5047  3.5047
   1 -1.7941  4.6141  0.0000
   1 -0.7528  6.2250  3.9379
   1 -0.7507  0.0000  0.0000
   2  0.0690  3.6738  1.7125
   1  0.1139  6.2250  1.5413
   2  0.4374  3.9593  3.9593
   2  0.4539  1.2552  1.2552
   2  1.7112  5.0398  0.0000
   2  1.7751  2.5445  0.0000
   2  1.7897  2.4371  2.4371
   2  2.2350  0.0000  0.0000
   2  2.2378  5.0355  5.0355
   2  2.2467  5.0402  2.4703
 parm difference:
   0 -1.0560  0.0000  3.5047
   0  0.0000  0.0000  0.0000
   0  1.0539  0.0000  6.9426
   0 -0.8646  0.0000 -1.5413
   1  0.8218  0.0000 -4.5125
  -1 -0.3400  0.0000  0.2861
   0  0.3684  0.0000  2.2468
   0  0.0165  0.0000 -2.4541
   0  0.0000  0.0000  0.0000
   0 -0.4599  0.0000  0.0000
   0 -0.4481  0.0000 -2.5984
   0 -0.0117  0.0000 -5.0402
   0  0.4627  0.0000  5.0355
   0  0.4570  0.0000  0.0332
 000 Calling kleed: 000
 000:000...returned kleed...
 000:000 ...Returned tleed2 fitval=  0.683974802    
