TitleText: Ni(001)-(5x5)-Li     Beam (1,0)                Rfac10=0.1743
 "IV exp
   46.2500000       2389.33960    
   46.5000000       2529.45239    
   46.7500000       2668.43970    
   47.0000000       2805.73950    
   47.2500000       2939.96289    
   47.5000000       3066.41650    
   47.7500000       3179.58179    
   48.0000000       3273.93945    
   48.2500000       3345.12915    
   48.5000000       3393.42725    
   48.7500000       3420.26880    
   49.0000000       3427.08960    
   49.2500000       3415.53687    
   49.5000000       3388.10864    
   49.7500000       3347.51440    
   50.0000000       3296.46436    
   50.2500000       3237.25708    
   50.5000000       3170.54688    
   50.7500000       3096.57666    
   51.0000000       3015.58936    
   51.2500000       2928.05591    
   51.5000000       2835.36157    
   51.7500000       2739.11841    
   52.0000000       2640.93945    
   52.2500000       2542.34253    
   52.5000000       2444.46533    
   52.7500000       2348.35010    
   53.0000000       2255.03955    
   53.2500000       2165.44360    
   53.5000000       2079.94238    
   53.7500000       1998.78345    
   54.0000000       1922.21436    
   54.2500000       1850.37817    
   54.5000000       1782.99878    
   54.7500000       1719.69604    
   55.0000000       1660.08960    
   55.2500000       1603.77222    
   55.5000000       1550.23071    
   55.7500000       1498.92480    
   56.0000000       1449.31445    
   56.2500000       1400.93579    
   56.5000000       1353.62842    
   56.7500000       1307.30762    
   57.0000000       1261.88940    
   57.2500000       1217.53467    
   57.5000000       1175.38660    
   57.7500000       1136.83374    
   58.0000000       1103.26453    
   58.2500000       1076.02417    
   58.5000000       1056.28394    
   58.7500000       1045.17139    
   59.0000000       1043.81445    
   59.2500000       1053.30835    
   59.5000000       1074.61804    
   59.7500000       1108.67578    
   60.0000000       1156.41455    
   60.2500000       1218.63477    
   60.5000000       1295.61230    
   60.7500000       1387.49084    
   61.0000000       1494.41455    
   61.2500000       1616.44604    
   61.5000000       1753.32300    
   61.7500000       1904.70215    
   62.0000000       2070.23950    
   62.2500000       2249.44971    
   62.5000000       2441.27661    
   62.7500000       2644.52271    
   63.0000000       2857.98950    
   63.2500000       3080.24951    
   63.5000000       3308.95435    
   63.7500000       3541.52686    
   64.0000000       3775.38940    
   64.2500000       4008.32959    
   64.5000000       4239.59863    
   64.7500000       4468.81299    
   65.0000000       4695.58936    
   65.2500000       4919.41309    
   65.5000000       5139.24316    
   65.7500000       5353.90967    
   66.0000000       5562.23926    
   66.2500000       5763.05225    
   66.5000000       5955.13477    
   66.7500000       6137.26318    
   67.0000000       6308.21387    
   67.2500000       6466.77441    
   67.5000000       6611.76807    
   67.7500000       6742.02881    
   68.0000000       6856.38916    
   68.2500000       6953.72607    
   68.5000000       7033.08740    
   68.7500000       7093.56104    
   69.0000000       7134.23926    
   69.2500000       7154.67432    
   69.5000000       7156.27490    
   69.7500000       7140.91455    
   70.0000000       7110.46436    
   70.2500000       7066.97949    
   70.5000000       7013.24512    
   70.7500000       6952.22705    
   71.0000000       6886.88965    
   71.2500000       6820.39697    
   71.5000000       6756.68994    
   71.7500000       6699.90771    
   72.0000000       6654.18945    
   72.2500000       6623.20215    
   72.5000000       6608.73535    
   72.7500000       6612.10840    
   73.0000000       6634.63965    
   73.2500000       6677.23047    
   73.5000000       6739.10645    
   73.7500000       6819.07422    
   74.0000000       6915.93994    
   74.2500000       7028.53320    
   74.5000000       7155.76611    
   74.7500000       7296.57373    
   75.0000000       7449.88965    
   75.2500000       7614.29883    
   75.5000000       7786.98096    
   75.7500000       7964.76758    
   76.0000000       8144.48926    
   76.2500000       8323.20605    
   76.5000000       8498.89941    
   76.7500000       8669.78223    
   77.0000000       8834.06445    
   77.2500000       8990.05176    
   77.5000000       9136.41699    
   77.7500000       9271.92480    
   78.0000000       9395.33984    
   78.2500000       9505.22363    
   78.5000000       9599.31934    
   78.7500000       9675.16895    
   79.0000000       9730.31445    
   79.2500000       9762.83301    
   79.5000000       9772.95996    
   79.7500000       9761.47168    
   80.0000000       9729.13965    
   80.2500000       9676.38867    
   80.5000000       9602.23438    
   80.7500000       9505.34570    
   81.0000000       9384.38867    
   81.2500000       9237.89746    
   81.5000000       9063.87793    
   81.7500000       8860.20020    
   82.0000000       8624.73926    
   82.2500000       8356.06250    
   82.5000000       8055.52148    
   82.7500000       7725.16455    
   83.0000000       7367.03955    
   83.2500000       6983.83105    
   83.5000000       6580.76758    
   83.7500000       6163.71533    
   84.0000000       5738.53955    
   84.2500000       5311.20117    
   84.5000000       4888.03955    
   84.7500000       4475.49072    
   85.0000000       4079.98926    
   85.2500000       3706.94385    
   85.5000000       3357.65210    
   85.7500000       3032.38525    
   86.0000000       2731.41455    
   86.2500000       2455.01196    
   86.5000000       2203.45728    
   86.7500000       1977.03125    
   87.0000000       1776.01440    
   87.2500000       1600.61694    
   87.5000000       1450.76196    
   87.7500000       1326.30212    
   88.0000000       1227.08960    
   88.2500000       1152.61206    
   88.5000000       1100.90039    
   88.7500000       1069.62061    
   89.0000000       1056.43945    
   89.2500000       1059.13025    
   89.5000000       1075.89551    
   89.7500000       1105.04541    
   90.0000000       1144.88953    
   90.2500000       1193.79858    
   90.5000000       1250.38550    
   90.7500000       1313.32446    
   91.0000000       1381.28955    
   91.2500000       1453.12964    
   91.5000000       1528.39612    
   91.7500000       1606.81567    
   92.0000000       1688.11450    
   92.2500000       1771.94849    
   92.5000000       1857.68896    
   92.7500000       1944.63574    
   93.0000000       2032.08936    
   93.2500000       2119.34058    
   93.5000000       2205.64136    
   93.7500000       2290.23511    
   94.0000000       2372.36450    
   94.2500000       2451.14502    
   94.5000000       2525.17944    
   94.7500000       2592.94434    
   95.0000000       2652.91455    
   95.2500000       2703.73706    
   95.5000000       2744.74072    
   95.7500000       2775.42505    
   96.0000000       2795.28955    
   96.2500000       2804.19287    
   96.5000000       2803.42944    
   96.7500000       2794.65210    
   97.0000000       2779.51440    
   97.2500000       2759.57837    
   97.5000000       2736.04395    
   97.7500000       2710.01953    
   98.0000000       2682.61426    
   98.2500000       2654.86353    
   98.5000000       2627.50684    
   98.7500000       2601.20996    
   99.0000000       2576.63940    
   99.2500000       2554.41357    
   99.5000000       2534.96265    
   99.7500000       2518.66870    
   100.000000       2505.91455    
   100.250000       2496.86841    
   100.500000       2490.84204    
   100.750000       2486.93359    
   101.000000       2484.23950    
   101.250000       2481.90088    
   101.500000       2479.22754    
   101.750000       2475.57275    
   102.000000       2470.28955    
   102.250000       2462.83398    
   102.500000       2453.07812    
   102.750000       2440.99658    
   103.000000       2426.56445    
   103.250000       2409.79150    
   103.500000       2390.82495    
   103.750000       2369.84692    
   104.000000       2347.03955    
   104.250000       2322.60815    
   104.500000       2296.85278    
   104.750000       2270.09717    
   105.000000       2242.66455    
   105.250000       2214.83984    
   105.500000       2186.75391    
   105.750000       2158.49805    
   106.000000       2130.16455    
   106.250000       2101.90625    
   106.500000       2074.11914    
   106.750000       2047.26099    
   107.000000       2021.78955    
   107.250000       1998.15039    
   107.500000       1976.74463    
   107.750000       1957.96118    
   108.000000       1942.18945    
   108.250000       1929.82471    
   108.500000       1921.28369    
   108.750000       1916.98950    
   109.000000       1917.36450    
   109.250000       1922.73560    
   109.500000       1933.04785    
   109.750000       1948.14917    
   110.000000       1967.88940    
   110.250000       1991.97583    
   110.500000       2019.55273    
   110.750000       2049.62305    
   111.000000       2081.18945    
   111.250000       2113.34839    
   111.500000       2145.56860    
   111.750000       2177.41162    
   112.000000       2208.43945    
   112.250000       2238.20386    
   112.500000       2266.21606    
   112.750000       2291.97754    
   113.000000       2314.98950    
   113.250000       2334.77686    
   113.500000       2350.95972    
   113.750000       2363.18262    
   114.000000       2371.08936    
   114.250000       2374.38501    
   114.500000       2373.01831    
   114.750000       2367.00000    
   115.000000       2356.33960    
   115.250000       2341.11108    
   115.500000       2321.64355    
   115.750000       2298.33032    
   116.000000       2271.56445    
   116.250000       2241.76221    
   116.500000       2209.43457    
   116.750000       2175.11572    
   117.000000       2139.33960    
   117.250000       2102.56421    
   117.500000       2064.94238    
   117.750000       2026.55029    
   118.000000       1987.46460    
   118.250000       1947.85303    
   118.500000       1908.25171    
   118.750000       1869.28809    
   119.000000       1831.58960    
   119.250000       1795.69458    
   119.500000       1761.78491    
   119.750000       1729.95239    
   120.000000       1700.28955    
   120.250000       1672.90698    
   120.500000       1647.98975    
   120.750000       1625.74121    
   121.000000       1606.36450    
   121.250000       1590.13428    
   121.500000       1577.61133    
   121.750000       1569.42749    
   122.000000       1566.21460    
   122.250000       1568.46753    
   122.500000       1576.13306    
   122.750000       1589.02051    
   123.000000       1606.93945    
   123.250000       1629.81689    
   123.500000       1658.04980    
   123.750000       1692.15234    
   124.000000       1732.63940    
   124.250000       1779.95215    
   124.500000       1834.23901    
   124.750000       1895.57642    
   125.000000       1964.03955    
   125.250000       2039.70386    
   125.500000       2122.64307    
   125.750000       2212.93066    
   126.000000       2310.63965    
   126.250000       2415.79712    
   126.500000       2528.24463    
   126.750000       2647.77686    
   127.000000       2774.18945    
   127.250000       2907.27710    
   127.500000       3046.83496    
   127.750000       3192.65747    
   128.000000       3344.53955    
   128.250000       3502.37598    
   128.500000       3666.45923    
   128.750000       3837.18286    
   129.000000       4014.93945    
   129.250000       4200.29053    
   129.500000       4394.47119    
   129.750000       4598.88623    
   130.000000       4814.93945    
   130.250000       5043.74316    
   130.500000       5285.24023    
   130.750000       5539.08008    
   131.000000       5804.91406    
   131.250000       6081.76758    
   131.500000       6366.16992    
   131.750000       6654.02539    
   132.000000       6941.23926    
   132.250000       7224.43848    
   132.500000       7503.14600    
   132.750000       7777.60645    
   133.000000       8048.06445    
   133.250000       8314.91602    
   133.500000       8579.16016    
   133.750000       8841.94238    
   134.000000       9104.41406    
   134.250000       9367.20801    
   134.500000       9628.89844    
   134.750000       9887.54688    
   135.000000       10141.2139    
   135.250000       10388.2803    
   135.500000       10628.4102    
   135.750000       10861.5850    
   136.000000       11087.7891    
   136.250000       11307.1885    
   136.500000       11520.6768    
   136.750000       11729.3281    
   137.000000       11934.2148    
   137.250000       12136.2129    
   137.500000       12335.3838    
   137.750000       12531.5879    
   138.000000       12724.6895    
   138.250000       12914.5322    
   138.500000       13100.9023    
   138.750000       13283.5732    
   139.000000       13462.3145    
   139.250000       13637.4453    
   139.500000       13811.4766    
   139.750000       13987.4648    
   140.000000       14168.4648    
   140.250000       14356.0107    
   140.500000       14545.5303    
   140.750000       14730.9297    
   141.000000       14906.1143    
   141.250000       15065.9678    
   141.500000       15209.3086    
   141.750000       15335.9336    
   142.000000       15445.6396    
   142.250000       15540.8262    
   142.500000       15634.2900    
   142.750000       15741.4287    
   143.000000       15877.6387    
   143.250000       16055.7842    
   143.500000       16278.5938    
   143.750000       16546.2637    
   144.000000       16858.9902    
   144.250000       17214.3828    
   144.500000       17599.7285    
   144.750000       17999.7227    
   145.000000       18399.0645    
   145.250000       18785.7285    
   145.500000       19160.7988    
   145.750000       19528.6348    
   146.000000       19893.5898    
   146.250000       20260.8301    
   146.500000       20638.7363    
   146.750000       21036.4922    
   147.000000       21463.2891    
   147.250000       21923.4043    
   147.500000       22401.5078    
   147.750000       22877.3555    
   148.000000       23330.7129    
   148.250000       23744.4824    
   148.500000       24114.1348    
   148.750000       24438.2832    
   149.000000       24715.5410    
   149.250000       24946.5117    
   149.500000       25139.7637    
   149.750000       25305.8613    
   150.000000       25455.3652    
   150.250000       25596.9199    
   150.500000       25731.4902    
   150.750000       25858.1230    
   151.000000       25975.8633    
   151.250000       26085.1387    
   151.500000       26191.8789    
   151.750000       26303.3848    
   152.000000       26426.9648    
   152.250000       26568.1758    
   152.500000       26725.5977    
   152.750000       26896.0508    
   153.000000       27076.3652    
   153.250000       27262.2539    
   153.500000       27444.9473    
   153.750000       27614.5605    
   154.000000       27761.2148    
   154.250000       27877.0020    
   154.500000       27961.9277    
   154.750000       28017.9863    
   155.000000       28047.1641    
   155.250000       28052.6562    
   155.500000       28042.4883    
   155.750000       28025.8887    
   156.000000       28012.0898    
   156.250000       28009.0879    
   156.500000       28019.9336    
   156.750000       28046.4453    
   157.000000       28090.4395    
   157.250000       28151.3457    
   157.500000       28219.0625    
   157.750000       28281.0996    
   158.000000       28324.9648    
   158.250000       28339.9277    
   158.500000       28322.2695    
   158.750000       28270.0312    
   159.000000       28181.2637    
   159.250000       28055.6016    
   159.500000       27899.0996    
   159.750000       27719.4121    
   160.000000       27524.1895    
   160.250000       27319.5527    
   160.500000       27105.4629    
   160.750000       26880.3477    
   161.000000       26642.6387    
   161.250000       26390.6250    
   161.500000       26122.0742    
   161.750000       25834.6133    
   162.000000       25525.8652    
   162.250000       25193.9922    
   162.500000       24839.2305    
   162.750000       24462.3555    
   163.000000       24064.1387    
   163.250000       23647.1699    
   163.500000       23221.3496    
   163.750000       22798.3984    
   164.000000       22390.0410    
   164.250000       22005.6660    
   164.500000       21645.3242    
   164.750000       21306.7344    
   165.000000       20987.6152    
   165.250000       20683.9590    
   165.500000       20384.8555    
   165.750000       20077.6680    
   166.000000       19749.7637    
   166.250000       19391.4316    
   166.500000       19004.6660    
   166.750000       18594.3867    
   167.000000       18165.5137    
   167.250000       17722.8418    
   167.500000       17270.6777    
   167.750000       16813.1992    
   168.000000       16354.5898    
   168.250000       15898.5879    
   168.500000       15447.1572    
   168.750000       15001.8252    
   169.000000       14564.1143    
   169.250000       14135.8809    
   169.500000       13720.3145    
   169.750000       13320.9346    
   170.000000       12941.2637    
   170.250000       12583.8516    
   170.500000       12247.3594    
   170.750000       11929.4746    
   171.000000       11627.8887    
   171.250000       11340.2646    
   171.500000       11064.1699    
   171.750000       10797.1475    
   172.000000       10536.7393    
   172.250000       10281.0967    
   172.500000       10030.8076    
   172.750000       9787.06543    
   173.000000       9551.06445    
   173.250000       9324.08691    
   173.500000       9107.75488    
   173.750000       8903.77734    
   174.000000       8713.86523    
   174.250000       8539.59570    
   174.500000       8382.03125    
   174.750000       8242.10156    
   175.000000       8120.73975    
   175.250000       8017.93457    
   175.500000       7929.91406    
   175.750000       7851.96191    
   176.000000       7779.36426    
   176.250000       7707.94043    
   176.500000       7635.65283    
   176.750000       7560.99512    
   177.000000       7482.46484    
   177.250000       7399.36230    
   177.500000       7314.21533    
   177.750000       7230.35498    
   178.000000       7151.11426    
   178.250000       7078.86035    
   178.500000       7012.10156    
   178.750000       6948.37988    
   179.000000       6885.23975    
   179.250000       6820.33984    
   179.500000       6751.81201    
   179.750000       6677.90381    
   180.000000       6596.86426    
   180.250000       6507.45947    
   180.500000       6410.53369    
   180.750000       6307.44824    
   181.000000       6199.56445    
   181.250000       6088.09863    
   181.500000       5973.68018    
   181.750000       5856.79150    
   182.000000       5737.91455    
   182.250000       5617.36426    
   182.500000       5494.77637    
   182.750000       5369.62012    
   183.000000       5241.36426    
   183.250000       5109.66113    
   183.500000       4974.89893    
   183.750000       4837.65088    
   184.000000       4698.48926    
   184.250000       4558.41553    
   184.500000       4420.14258    
   184.750000       4286.81201    
   185.000000       4161.56445    
   185.250000       4046.82324    
   185.500000       3942.13599    
   185.750000       3846.33154    
   186.000000       3758.23926    
   186.250000       3676.60571    
   186.500000       3599.84692    
   186.750000       3526.29712    
   187.000000       3454.28955    
   187.250000       3382.60571    
   187.500000       3311.81299    
   187.750000       3242.92749    
   188.000000       3176.96436    
   188.250000       3114.62061    
   188.500000       3055.32202    
   188.750000       2998.17578    
   189.000000       2942.28955    
   189.250000       2886.96484    
   189.500000       2832.27954    
   189.750000       2778.50562    
   190.000000       2725.91455    
   190.250000       2674.78589    
   190.500000       2625.42798    
   190.750000       2578.15723    
   191.000000       2533.28955    
   191.250000       2491.02954    
   191.500000       2451.13623    
   191.750000       2413.25708    
   192.000000       2377.03955    
   192.250000       2342.26099    
   192.500000       2309.21777    
   192.750000       2278.33496    
   193.000000       2250.03955    
   193.250000       2224.74512    
   193.500000       2202.82129    
   193.750000       2184.62524    
   194.000000       2170.51465    
   194.250000       2160.71704    
   194.500000       2154.94067    
   194.750000       2152.76392    
   195.000000       2153.76440    
   195.250000       2157.52148    
   195.500000       2163.61523    
   195.750000       2171.62769    
   196.000000       2181.13940    
   196.250000       2191.86963    
   196.500000       2204.08789    
   196.750000       2218.20068    
   197.000000       2234.61450    
   197.250000       2253.63379    
   197.500000       2275.14844    
   197.750000       2298.94629    
   198.000000       2324.81445    
   198.250000       2352.51465    
   198.500000       2381.70557    
   198.750000       2412.01953    
   199.000000       2443.08960    
   199.250000       2474.59326    
   199.500000       2506.38843    
   199.750000       2538.37793    

 "IV theory
   46.2500000       3080.47168    
   46.5000000       3090.67188    
   46.7500000       3096.24585    
   47.0000000       3096.87329    
   47.2500000       3092.29272    
   47.5000000       3082.48291    
   47.7500000       3067.48340    
   48.0000000       3047.33228    
   48.2500000       3022.09546    
   48.5000000       2991.94849    
   48.7500000       2957.09351    
   49.0000000       2917.73340    
   49.2500000       2874.06982    
   49.5000000       2826.30273    
   49.7500000       2774.63110    
   50.0000000       2719.25439    
   50.2500000       2660.37866    
   50.5000000       2598.24072    
   50.7500000       2533.08398    
   51.0000000       2465.15234    
   51.2500000       2394.70239    
   51.5000000       2322.04346    
   51.7500000       2247.49805    
   52.0000000       2171.38818    
   52.2500000       2094.04224    
   52.5000000       2015.81311    
   52.7500000       1937.05920    
   53.0000000       1858.13904    
   53.2500000       1779.41113    
   53.5000000       1701.23254    
   53.7500000       1623.96021    
   54.0000000       1547.95093    
   54.2500000       1473.55750    
   54.5000000       1401.11658    
   54.7500000       1330.96033    
   55.0000000       1263.42114    
   55.2500000       1198.82422    
   55.5000000       1137.46362    
   55.7500000       1079.62646    
   56.0000000       1025.59998    
   56.2500000       975.667664    
   56.5000000       930.099670    
   56.7500000       889.163086    
   57.0000000       853.124817    
   57.2500000       822.251587    
   57.5000000       796.809021    
   57.7500000       777.062378    
   58.0000000       763.277161    
   58.2500000       755.706360    
   58.5000000       754.554138    
   58.7500000       760.012329    
   59.0000000       772.272766    
   59.2500000       791.504883    
   59.5000000       817.788513    
   59.7500000       851.180969    
   60.0000000       891.739807    
   60.2500000       939.512390    
   60.5000000       994.506653    
   60.7500000       1056.72034    
   61.0000000       1126.15149    
   61.2500000       1202.79700    
   61.5000000       1286.65125    
   61.7500000       1377.70789    
   62.0000000       1475.96008    
   62.2500000       1581.36609    
   62.5000000       1693.74219    
   62.7500000       1812.86938    
   63.0000000       1938.52893    
   63.2500000       2070.43726    
   63.5000000       2208.05371    
   63.7500000       2350.77319    
   64.0000000       2497.99072    
   64.2500000       2649.07153    
   64.5000000       2803.26270    
   64.7500000       2959.78149    
   65.0000000       3117.84473    
   65.2500000       3276.67163    
   65.5000000       3435.48779    
   65.7500000       3593.52051    
   66.0000000       3749.99658    
   66.2500000       3904.17212    
   66.5000000       4055.41577    
   66.7500000       4203.12549    
   67.0000000       4346.69971    
   67.2500000       4485.58691    
   67.5000000       4619.44727    
   67.7500000       4747.99268    
   68.0000000       4870.93408    
   68.2500000       4988.00977    
   68.5000000       5099.04590    
   68.7500000       5203.89795    
   69.0000000       5302.41748    
   69.2500000       5394.46045    
   69.5000000       5479.88037    
   69.7500000       5558.53125    
   70.0000000       5630.26855    
   70.2500000       5694.97998    
   70.5000000       5752.68408    
   70.7500000       5803.43311    
   71.0000000       5847.27734    
   71.2500000       5884.32812    
   71.5000000       5914.93262    
   71.7500000       5939.49854    
   72.0000000       5958.42969    
   72.2500000       5972.16211    
   72.5000000       5981.24023    
   72.7500000       5986.23682    
   73.0000000       5987.72412    
   73.2500000       5986.27100    
   73.5000000       5982.43555    
   73.7500000       5976.77441    
   74.0000000       5969.84033    
   74.2500000       5962.11475    
   74.5000000       5953.78027    
   74.7500000       5944.94434    
   75.0000000       5935.71484    
   75.2500000       5926.06445    
   75.5000000       5915.42041    
   75.7500000       5903.07471    
   76.0000000       5888.31836    
   76.2500000       5870.38184    
   76.5000000       5848.24023    
   76.7500000       5820.80811    
   77.0000000       5787.00049    
   77.2500000       5745.73535    
   77.5000000       5695.95215    
   77.7500000       5636.59473    
   78.0000000       5566.60742    
   78.2500000       5485.04883    
   78.5000000       5391.43652    
   78.7500000       5285.40137    
   79.0000000       5166.57471    
   79.2500000       5034.79883    
   79.5000000       4890.75244    
   79.7500000       4735.32666    
   80.0000000       4569.41162    
   80.2500000       4393.99268    
   80.5000000       4210.44092    
   80.7500000       4020.22095    
   81.0000000       3824.79858    
   81.2500000       3625.63623    
   81.5000000       3424.17993    
   81.7500000       3221.87280    
   82.0000000       3020.15723    
   82.2500000       2820.43555    
   82.5000000       2623.95093    
   82.7500000       2431.90503    
   83.0000000       2245.50098    
   83.2500000       2065.86597    
   83.5000000       1893.82861    
   83.7500000       1730.14233    
   84.0000000       1575.56091    
   84.2500000       1430.80493    
   84.5000000       1296.46167    
   84.7500000       1173.08533    
   85.0000000       1061.23035    
   85.2500000       961.449097    
   85.5000000       874.288269    
   85.7500000       800.293030    
   86.0000000       740.008423    
   86.2500000       693.893982    
   86.5000000       662.067871    
   86.7500000       644.562744    
   87.0000000       641.411316    
   87.2500000       652.491089    
   87.5000000       677.059448    
   87.7500000       714.218628    
   88.0000000       763.070984    
   88.2500000       822.647339    
   88.5000000       891.693726    
   88.7500000       968.884460    
   89.0000000       1052.89417    
   89.2500000       1142.40088    
   89.5000000       1236.09778    
   89.7500000       1332.68201    
   90.0000000       1430.84998    
   90.2500000       1529.35828    
   90.5000000       1627.20166    
   90.7500000       1723.43494    
   91.0000000       1817.11218    
   91.2500000       1907.39819    
   91.5000000       1993.89661    
   91.7500000       2076.32129    
   92.0000000       2154.38647    
   92.2500000       2227.85596    
   92.5000000       2296.69238    
   92.7500000       2360.90918    
   93.0000000       2420.51904    
   93.2500000       2475.53418    
   93.5000000       2525.96338    
   93.7500000       2571.81616    
   94.0000000       2613.10010    
   94.2500000       2649.84644    
   94.5000000       2682.17749    
   94.7500000       2710.23755    
   95.0000000       2734.17139    
   95.2500000       2754.16406    
   95.5000000       2770.56274    
   95.7500000       2783.75488    
   96.0000000       2794.12793    
   96.2500000       2802.08813    
   96.5000000       2808.11816    
   96.7500000       2812.71924    
   97.0000000       2816.39111    
   97.2500000       2819.63452    
   97.5000000       2822.94043    
   97.7500000       2826.79932    
   98.0000000       2831.70044    
   98.2500000       2838.08813    
   98.5000000       2846.22046    
   98.7500000       2856.30981    
   99.0000000       2868.56812    
   99.2500000       2883.12280    
   99.5000000       2899.76318    
   99.7500000       2918.19360    
   100.000000       2938.11914    
   100.250000       2959.20410    
   100.500000       2980.95972    
   100.750000       3002.85547    
   101.000000       3024.36255    
   101.250000       3044.95459    
   101.500000       3064.11353    
   101.750000       3081.32520    
   102.000000       3096.07422    
   102.250000       3107.89160    
   102.500000       3116.49170    
   102.750000       3121.63403    
   103.000000       3123.07739    
   103.250000       3120.66650    
   103.500000       3114.57959    
   103.750000       3105.08081    
   104.000000       3092.43286    
   104.250000       3076.93799    
   104.500000       3059.05151    
   104.750000       3039.26831    
   105.000000       3018.08179    
   105.250000       2995.98560    
   105.500000       2973.46313    
   105.750000       2950.99756    
   106.000000       2929.07056    
   106.250000       2908.13354    
   106.500000       2888.51074    
   106.750000       2870.49536    
   107.000000       2854.38013    
   107.250000       2840.40039    
   107.500000       2828.55737    
   107.750000       2818.79517    
   108.000000       2811.05786    
   108.250000       2805.26270    
   108.500000       2801.22095    
   108.750000       2798.71704    
   109.000000       2797.53711    
   109.250000       2797.46558    
   109.500000       2798.29175    
   109.750000       2799.80469    
   110.000000       2801.79321    
   110.250000       2804.04565    
   110.500000       2806.34546    
   110.750000       2808.47461    
   111.000000       2810.21533    
   111.250000       2811.34839    
   111.500000       2811.64795    
   111.750000       2810.88647    
   112.000000       2808.83691    
   112.250000       2805.26978    
   112.500000       2799.95361    
   112.750000       2792.65454    
   113.000000       2783.13794    
   113.250000       2771.17261    
   113.500000       2756.52783    
   113.750000       2738.97705    
   114.000000       2718.29077    
   114.250000       2694.27197    
   114.500000       2666.84644    
   114.750000       2635.97021    
   115.000000       2601.60034    
   115.250000       2563.74805    
   115.500000       2522.65112    
   115.750000       2478.60229    
   116.000000       2431.89331    
   116.250000       2382.84351    
   116.500000       2331.87378    
   116.750000       2279.43115    
   117.000000       2225.96191    
   117.250000       2171.91211    
   117.500000       2117.72314    
   117.750000       2063.83618    
   118.000000       2010.69202    
   118.250000       1958.72119    
   118.500000       1908.31506    
   118.750000       1859.85522    
   119.000000       1813.72278    
   119.250000       1770.28101    
   119.500000       1729.81897    
   119.750000       1692.60815    
   120.000000       1658.91907    
   120.250000       1629.01453    
   120.500000       1603.12305    
   120.750000       1581.46497    
   121.000000       1564.26062    
   121.250000       1551.73071    
   121.500000       1544.09827    
   121.750000       1541.58679    
   122.000000       1544.41943    
   122.250000       1552.82971    
   122.500000       1567.09143    
   122.750000       1587.48792    
   123.000000       1614.30286    
   123.250000       1647.83862    
   123.500000       1688.47021    
   123.750000       1736.59192    
   124.000000       1792.59753    
   124.250000       1856.88953    
   124.500000       1929.90417    
   124.750000       2012.08740    
   125.000000       2103.88379    
   125.250000       2205.73779    
   125.500000       2318.09058    
   125.750000       2441.38232    
   126.000000       2576.05298    
   126.250000       2722.52295    
   126.500000       2881.13110    
   126.750000       3052.19604    
   127.000000       3236.03687    
   127.250000       3432.93506    
   127.500000       3643.02295    
   127.750000       3866.39722    
   128.000000       4103.15283    
   128.250000       4353.36865    
   128.500000       4617.05859    
   128.750000       4894.21826    
   129.000000       5184.84277    
   129.250000       5488.92920    
   129.500000       5806.46973    
   129.750000       6137.45459    
   130.000000       6481.87695    
   130.250000       6839.68457    
   130.500000       7210.65332    
   130.750000       7594.51465    
   131.000000       7991.00146    
   131.250000       8399.76758    
   131.500000       8820.15332    
   131.750000       9251.41797    
   132.000000       9692.82617    
   132.250000       10143.6016    
   132.500000       10602.8271    
   132.750000       11069.5449    
   133.000000       11542.8037    
   133.250000       12021.6484    
   133.500000       12505.1338    
   133.750000       12992.3145    
   134.000000       13482.2461    
   134.250000       13974.0059    
   134.500000       14466.7588    
   134.750000       14959.6885    
   135.000000       15451.9834    
   135.250000       15942.8701    
   135.500000       16431.7383    
   135.750000       16918.0156    
   136.000000       17401.1328    
   136.250000       17880.5391    
   136.500000       18355.7520    
   136.750000       18826.3066    
   137.000000       19291.7461    
   137.250000       19751.6035    
   137.500000       20205.4238    
   137.750000       20652.7539    
   138.000000       21093.1328    
   138.250000       21526.1660    
   138.500000       21951.6914    
   138.750000       22369.5957    
   139.000000       22779.7793    
   139.250000       23182.2383    
   139.500000       23577.3945    
   139.750000       23965.7793    
   140.000000       24347.9121    
   140.250000       24724.3770    
   140.500000       25095.9453    
   140.750000       25463.4316    
   141.000000       25827.6562    
   141.250000       26189.4375    
   141.500000       26549.5820    
   141.750000       26908.8965    
   142.000000       27268.1797    
   142.250000       27628.2012    
   142.500000       27989.5586    
   142.750000       28352.8223    
   143.000000       28718.5488    
   143.250000       29087.2324    
   143.500000       29459.0605    
   143.750000       29834.1543    
   144.000000       30212.6270    
   144.250000       30594.5684    
   144.500000       30979.9219    
   144.750000       31368.6152    
   145.000000       31760.5625    
   145.250000       32155.6797    
   145.500000       32553.8789    
   145.750000       32955.0742    
   146.000000       33359.1758    
   146.250000       33766.0312    
   146.500000       34175.1836    
   146.750000       34586.1367    
   147.000000       34998.3555    
   147.250000       35411.2070    
   147.500000       35823.5273    
   147.750000       36234.0430    
   148.000000       36641.4414    
   148.250000       37044.3984    
   148.500000       37441.3164    
   148.750000       37830.5547    
   149.000000       38210.4688    
   149.250000       38579.4141    
   149.500000       38935.7617    
   149.750000       39277.8945    
   150.000000       39604.1953    
   150.250000       39913.1094    
   150.500000       40203.3945    
   150.750000       40473.8672    
   151.000000       40723.3516    
   151.250000       40950.8164    
   151.500000       41155.7656    
   151.750000       41337.8320    
   152.000000       41496.6797    
   152.250000       41632.0078    
   152.500000       41743.7656    
   152.750000       41831.9766    
   153.000000       41896.6484    
   153.250000       41937.8047    
   153.500000       41955.4531    
   153.750000       41949.6055    
   154.000000       41920.2773    
   154.250000       41867.5039    
   154.500000       41791.4766    
   154.750000       41692.3906    
   155.000000       41570.4531    
   155.250000       41425.9258    
   155.500000       41259.3203    
   155.750000       41071.1836    
   156.000000       40862.0781    
   156.250000       40632.5859    
   156.500000       40383.3945    
   156.750000       40115.2344    
   157.000000       39828.8086    
   157.250000       39524.8438    
   157.500000       39204.0547    
   157.750000       38867.1484    
   158.000000       38514.8516    
   158.250000       38147.8516    
   158.500000       37766.8828    
   158.750000       37372.6289    
   159.000000       36965.8125    
   159.250000       36547.1367    
   159.500000       36117.2773    
   159.750000       35676.9414    
   160.000000       35226.8125    
   160.250000       34767.5820    
   160.500000       34299.9258    
   160.750000       33824.5391    
   161.000000       33342.0977    
   161.250000       32853.2812    
   161.500000       32358.7812    
   161.750000       31859.2773    
   162.000000       31355.4512    
   162.250000       30847.9941    
   162.500000       30337.5957    
   162.750000       29824.9629    
   163.000000       29310.7891    
   163.250000       28795.7832    
   163.500000       28280.6602    
   163.750000       27766.1504    
   164.000000       27252.9902    
   164.250000       26741.8984    
   164.500000       26233.6172    
   164.750000       25728.8906    
   165.000000       25228.4570    
   165.250000       24733.0566    
   165.500000       24243.4316    
   165.750000       23760.3105    
   166.000000       23284.4297    
   166.250000       22816.4785    
   166.500000       22356.9727    
   166.750000       21906.3848    
   167.000000       21465.1797    
   167.250000       21033.7500    
   167.500000       20612.1680    
   167.750000       20200.4219    
   168.000000       19798.5039    
   168.250000       19406.3672    
   168.500000       19023.8184    
   168.750000       18650.6211    
   169.000000       18286.5508    
   169.250000       17931.3730    
   169.500000       17584.8750    
   169.750000       17246.8379    
   170.000000       16917.0488    
   170.250000       16595.3555    
   170.500000       16281.8662    
   170.750000       15976.7471    
   171.000000       15680.1670    
   171.250000       15392.4131    
   171.500000       15114.2344    
   171.750000       14846.4980    
   172.000000       14590.0742    
   172.250000       14345.8838    
   172.500000       14115.0703    
   172.750000       13898.8271    
   173.000000       13698.3535    
   173.250000       13514.8369    
   173.500000       13349.4404    
   173.750000       13203.3105    
   174.000000       13077.6045    
   174.250000       12973.2666    
   174.500000       12890.4199    
   174.750000       12828.9785    
   175.000000       12788.8613    
   175.250000       12769.6074    
   175.500000       12769.2529    
   175.750000       12785.4629    
   176.000000       12815.8926    
   176.250000       12858.0352    
   176.500000       12908.6826    
   176.750000       12964.4561    
   177.000000       13021.9756    
   177.250000       13077.8750    
   177.500000       13128.8340    
   177.750000       13171.5410    
   178.000000       13202.6895    
   178.250000       13219.2090    
   178.500000       13218.9795    
   178.750000       13200.1230    
   179.000000       13160.7588    
   179.250000       13099.4463    
   179.500000       13016.4854    
   179.750000       12912.6240    
   180.000000       12788.6035    
   180.250000       12645.3643    
   180.500000       12484.6475    
   180.750000       12308.3945    
   181.000000       12118.5439    
   181.250000       11917.0293    
   181.500000       11705.7539    
   181.750000       11486.6104    
   182.000000       11261.4990    
   182.250000       11032.2480    
   182.500000       10800.4258    
   182.750000       10567.5391    
   183.000000       10335.0947    
   183.250000       10104.4717    
   183.500000       9876.57031    
   183.750000       9652.16113    
   184.000000       9432.01758    
   184.250000       9216.86035    
   184.500000       9007.18652    
   184.750000       8803.44141    
   185.000000       8606.06934    
   185.250000       8415.51465    
   185.500000       8232.22168    
   185.750000       8056.63428    
   186.000000       7889.19678    
   186.250000       7730.29980    
   186.500000       7580.12158    
   186.750000       7438.78418    
   187.000000       7306.41455    
   187.250000       7183.03662    
   187.500000       7068.29639    
   187.750000       6961.73682    
   188.000000       6862.90430    
   188.250000       6771.29980    
   188.500000       6686.24609    
   188.750000       6607.02344    
   189.000000       6532.90918    
   189.250000       6463.18506    
   189.500000       6397.14453    
   189.750000       6334.08203    
   190.000000       6273.29297    
   190.250000       6214.12500    
   190.500000       6156.13721    
   190.750000       6098.93848    
   191.000000       6042.13965    
   191.250000       5985.44824    
   191.500000       5928.95557    
   191.750000       5872.85107    
   192.000000       5817.32373    
   192.250000       5762.60498    
   192.500000       5709.10645    
   192.750000       5657.28174    
   193.000000       5607.58252    
   193.250000       5560.46289    
   193.500000       5516.36426    
   193.750000       5475.72803    
   194.000000       5438.99512    
   194.250000       5406.57129    
   194.500000       5378.72705    
   194.750000       5355.69727    
   195.000000       5337.72168    
   195.250000       5324.96924    
   195.500000       5317.36572    
   195.750000       5314.76758    
   196.000000       5317.03516    
   196.250000       5323.99902    
   196.500000       5335.37451    
   196.750000       5350.84863    
   197.000000       5370.10986    
   197.250000       5392.84521    
   197.500000       5418.74707    
   197.750000       5447.51025    
   198.000000       5478.82861    
   198.250000       5512.40674    
   198.500000       5547.99121    
   198.750000       5585.33936    
   199.000000       5624.20898    
   199.250000       5664.37842    
   199.500000       5705.70801    
   199.750000       5748.07959    

