TitleText: Ni(001)-(5x5)-Li     Beam (2/5,1/5)            Rfac10=0.3066
 "IV exp
   40.2500000       39.8641853    
   40.5000000       33.3170128    
   40.7500000       27.4410706    
   41.0000000       22.5719681    
   41.2500000       18.9616604    
   41.5000000       16.5274563    
   41.7500000       15.1030083    
   42.0000000       14.5219688    
   42.2500000       14.6045818    
   42.5000000       15.1174726    
   42.7500000       15.8138618    
   43.0000000       16.4469681    
   43.2500000       16.8237000    
   43.5000000       16.9657135    
   43.7500000       16.9483566    
   44.0000000       16.8469696    
   44.2500000       16.7390690    
   44.5000000       16.7108555    
   44.7500000       16.8506985    
   45.0000000       17.2469673    
   45.2500000       17.9889431    
   45.5000000       19.1695480    
   45.7500000       20.8826103    
   46.0000000       23.2219696    
   46.2500000       26.2787628    
   46.5000000       30.1333923    
   46.7500000       34.8635597    
   47.0000000       40.5469704    
   47.2500000       47.2141457    
   47.5000000       54.7068253    
   47.7500000       62.8195801    
   48.0000000       71.3469696    
   48.2500000       80.1031265    
   48.5000000       88.9804916    
   48.7500000       97.8910980    
   49.0000000       106.746964    
   49.2500000       115.464539    
   49.5000000       123.978004    
   49.7500000       132.225937    
   50.0000000       140.146957    
   50.2500000       147.673218    
   50.5000000       154.711151    
   50.7500000       161.160736    
   51.0000000       166.921982    
   51.2500000       171.921249    
   51.5000000       176.190475    
   51.7500000       179.787964    
   52.0000000       182.771973    
   52.2500000       185.202515    
   52.5000000       187.146271    
   52.7500000       188.671631    
   53.0000000       189.846970    
   53.2500000       190.725128    
   53.5000000       191.296860    
   53.7500000       191.537384    
   54.0000000       191.421967    
   54.2500000       190.949097    
   54.5000000       190.210602    
   54.7500000       189.321533    
   55.0000000       188.396973    
   55.2500000       187.536423    
   55.5000000       186.776932    
   55.7500000       186.139954    
   56.0000000       185.646973    
   56.2500000       185.274551    
   56.5000000       184.819763    
   56.7500000       184.034836    
   57.0000000       182.671967    
   57.2500000       180.531967    
   57.5000000       177.610199    
   57.7500000       173.950546    
   58.0000000       169.596970    
   58.2500000       164.625839    
   58.5000000       159.243164    
   58.7500000       153.687408    
   59.0000000       148.196976    
   59.2500000       142.962906    
   59.5000000       137.986465    
   59.7500000       133.221542    
   60.0000000       128.621964    
   60.2500000       124.143471    
   60.5000000       119.749046    
   60.7500000       115.403595    
   61.0000000       111.071968    
   61.2500000       106.754440    
   61.5000000       102.592903    
   61.7500000       98.7646484    
   62.0000000       95.4469757    
   62.2500000       92.7698212    
   62.5000000       90.6736755    
   62.7500000       89.0516815    
   63.0000000       87.7969742    
   63.2500000       86.8145370    
   63.5000000       86.0567474    
   63.7500000       85.4878159    
   64.0000000       85.0719681    
   64.2500000       84.7800293    
   64.5000000       84.6092911    
   64.7500000       84.5636444    
   65.0000000       84.6469727    
   65.2500000       84.8459778    
   65.5000000       85.0785294    
   65.7500000       85.2452927    
   66.0000000       85.2469711    
   66.2500000       85.0108795    
   66.5000000       84.5709457    
   66.7500000       83.9877777    
   67.0000000       83.3219681    
   67.2500000       82.6001663    
   67.5000000       81.7132645    
   67.7500000       80.5182190    
   68.0000000       78.8719711    
   68.2500000       76.6452789    
   68.5000000       73.7640610    
   68.7500000       70.1680450    
   69.0000000       65.7969666    
   69.2500000       60.6642303    
   69.5000000       55.0779457    
   69.7500000       49.4199219    
   70.0000000       44.0719681    
   70.2500000       39.3561974    
   70.5000000       35.3559837    
   70.7500000       32.0950127    
   71.0000000       29.5969696    
   71.2500000       27.8459167    
   71.5000000       26.6674347    
   71.7500000       25.8474674    
   72.0000000       25.1719704    
   72.2500000       24.4911613    
   72.5000000       23.9123440    
   72.7500000       23.6070900    
   73.0000000       23.7469692    
   73.2500000       24.4907837    
   73.5000000       25.9462585    
   73.7500000       28.2083359    
   74.0000000       31.3719711    
   74.2500000       35.5200958    
   74.5000000       40.6875725    
   74.7500000       46.8972473    
   75.0000000       54.1719704    
   75.2500000       62.5028496    
   75.5000000       71.7540283    
   75.7500000       81.7579346    
   76.0000000       92.3469696    
   76.2500000       103.348770    
   76.5000000       114.571877    
   76.7500000       125.820030    
   77.0000000       136.896973    
   77.2500000       147.617874    
   77.5000000       157.843414    
   77.7500000       167.445740    
   78.0000000       176.296967    
   78.2500000       184.260025    
   78.5000000       191.161270    
   78.7500000       196.817856    
   79.0000000       201.046967    
   79.2500000       203.718338    
   79.5000000       204.912033    
   79.7500000       204.760712    
   80.0000000       203.396973    
   80.2500000       200.933578    
   80.5000000       197.403656    
   80.7500000       192.820374    
   81.0000000       187.196976    
   81.2500000       180.570190    
   81.5000000       173.070862    
   81.7500000       164.853333    
   82.0000000       156.071976    
   82.2500000       146.940933    
   82.5000000       137.913498    
   82.7500000       129.502808    
   83.0000000       122.221970    
   83.2500000       116.500298    
   83.5000000       112.431976    
   83.7500000       110.027397    
   84.0000000       109.296967    
   84.2500000       110.254150    
   84.5000000       112.924789    
   84.7500000       117.337769    
   85.0000000       123.521973    
   85.2500000       131.509811    
   85.5000000       141.347565    
   85.7500000       153.085037    
   86.0000000       166.771973    
   86.2500000       182.395081    
   86.5000000       199.688629    
   86.7500000       218.323868    
   87.0000000       237.971970    
   87.2500000       258.337036    
   87.5000000       279.254669    
   87.7500000       300.593475    
   88.0000000       322.221954    
   88.2500000       344.021423    
   88.5000000       365.924377    
   88.7500000       387.876099    
   89.0000000       409.821930    
   89.2500000       431.703949    
   89.5000000       453.451385    
   89.7500000       474.990387    
   90.0000000       496.246979    
   90.2500000       517.131287    
   90.5000000       537.489319    
   90.7500000       557.151184    
   91.0000000       575.946960    
   91.2500000       593.718140    
   91.5000000       610.351440    
   91.7500000       625.745056    
   92.0000000       639.796997    
   92.2500000       652.409363    
   92.5000000       663.499390    
   92.7500000       672.988220    
   93.0000000       680.796997    
   93.2500000       686.825317    
   93.5000000       690.886169    
   93.7500000       692.771179    
   94.0000000       692.271973    
   94.2500000       689.223877    
   94.5000000       683.637878    
   94.7500000       675.568970    
   95.0000000       665.071960    
   95.2500000       652.225159    
   95.5000000       637.200317    
   95.7500000       620.192505    
   96.0000000       601.397034    
   96.2500000       581.029724    
   96.5000000       559.389709    
   96.7500000       536.797119    
   97.0000000       513.571960    
   97.2500000       490.007324    
   97.5000000       466.288513    
   97.7500000       442.573883    
   98.0000000       419.021942    
   98.2500000       395.792358    
   98.5000000       373.050507    
   98.7500000       350.963104    
   99.0000000       329.696930    
   99.2500000       309.445862    
   99.5000000       290.512939    
   99.7500000       273.228210    
   100.000000       257.921967    
   100.250000       244.850266    
   100.500000       233.973206    
   100.750000       225.176773    
   101.000000       218.346970    
   101.250000       213.334396    
   101.500000       209.847916    
   101.750000       207.560974    
   102.000000       206.146973    
   102.250000       205.296677    
   102.500000       204.770035    
   102.750000       204.344376    
   103.000000       203.796982    
   103.250000       202.952179    
   103.500000       201.822510    
   103.750000       200.467590    
   104.000000       198.946976    
   104.250000       197.314804    
   104.500000       195.603043    
   104.750000       193.838257    

 "IV theory
   40.2500000       130.968536    
   40.5000000       128.568924    
   40.7500000       126.112816    
   41.0000000       123.639542    
   41.2500000       121.188324    
   41.5000000       118.797729    
   41.7500000       116.506241    
   42.0000000       114.352280    
   42.2500000       112.371872    
   42.5000000       110.591354    
   42.7500000       109.034607    
   43.0000000       107.725533    
   43.2500000       106.683556    
   43.5000000       105.910248    
   43.7500000       105.402710    
   44.0000000       105.157990    
   44.2500000       105.171188    
   44.5000000       105.429199    
   44.7500000       105.916908    
   45.0000000       106.619186    
   45.2500000       107.521004    
   45.5000000       108.607513    
   45.7500000       109.863991    
   46.0000000       111.275696    
   46.2500000       112.828026    
   46.5000000       114.507149    
   46.7500000       116.299355    
   47.0000000       118.190979    
   47.2500000       120.168686    
   47.5000000       122.220551    
   47.7500000       124.335022    
   48.0000000       126.500542    
   48.2500000       128.705704    
   48.5000000       130.939758    
   48.7500000       133.192108    
   49.0000000       135.452164    
   49.2500000       137.709335    
   49.5000000       139.952972    
   49.7500000       142.172333    
   50.0000000       144.356812    
   50.2500000       146.495331    
   50.5000000       148.575409    
   50.7500000       150.584183    
   51.0000000       152.508774    
   51.2500000       154.335693    
   51.5000000       156.048782    
   51.7500000       157.631226    
   52.0000000       159.066208    
   52.2500000       160.336609    
   52.5000000       161.424011    
   52.7500000       162.309677    
   53.0000000       162.974915    
   53.2500000       163.401016    
   53.5000000       163.569672    
   53.7500000       163.462555    
   54.0000000       163.061417    
   54.2500000       162.350250    
   54.5000000       161.322281    
   54.7500000       159.972977    
   55.0000000       158.297897    
   55.2500000       156.296707    
   55.5000000       153.985855    
   55.7500000       151.386017    
   56.0000000       148.517822    
   56.2500000       145.403839    
   56.5000000       142.074341    
   56.7500000       138.561523    
   57.0000000       134.897552    
   57.2500000       131.114548    
   57.5000000       127.244194    
   57.7500000       123.318192    
   58.0000000       119.368134    
   58.2500000       115.424377    
   58.5000000       111.512138    
   58.7500000       107.655281    
   59.0000000       103.877701    
   59.2500000       100.200928    
   59.5000000       96.6369095    
   59.7500000       93.1952362    
   60.0000000       89.8854904    
   60.2500000       86.7161713    
   60.5000000       83.6914444    
   60.7500000       80.8144302    
   61.0000000       78.0882187    
   61.2500000       75.5159149    
   61.5000000       73.1007004    
   61.7500000       70.8457413    
   62.0000000       68.7542114    
   62.2500000       66.8287354    
   62.5000000       65.0695648    
   62.7500000       63.4764328    
   63.0000000       62.0490494    
   63.2500000       60.7860756    
   63.5000000       59.6820335    
   63.7500000       58.7304268    
   64.0000000       57.9247284    
   64.2500000       57.2579613    
   64.5000000       56.7212029    
   64.7500000       56.3050728    
   65.0000000       56.0001717    
   65.2500000       55.7971458    
   65.5000000       55.6867523    
   65.7500000       55.6598091    
   66.0000000       55.7071190    
   66.2500000       55.8201408    
   66.5000000       55.9929657    
   66.7500000       56.2203293    
   67.0000000       56.4969902    
   67.2500000       56.8188934    
   67.5000000       57.1868057    
   67.7500000       57.6027145    
   68.0000000       58.0685806    
   68.2500000       58.5869446    
   68.5000000       59.1625290    
   68.7500000       59.8006439    
   69.0000000       60.5065575    
   69.2500000       61.2855568    
   69.5000000       62.1427650    
   69.7500000       63.0833397    
   70.0000000       64.1123810    
   70.2500000       65.2346115    
   70.5000000       66.4531097    
   70.7500000       67.7705231    
   71.0000000       69.1895065    
   71.2500000       70.7119522    
   71.5000000       72.3367310    
   71.7500000       74.0619278    
   72.0000000       75.8856049    
   72.2500000       77.8055496    
   72.5000000       79.8181305    
   72.7500000       81.9193878    
   73.0000000       84.1053696    
   73.2500000       86.3721008    
   73.5000000       88.7155991    
   73.7500000       91.1318817    
   74.0000000       93.6169281    
   74.2500000       96.1661987    
   74.5000000       98.7729263    
   74.7500000       101.429779    
   75.0000000       104.129410    
   75.2500000       106.863503    
   75.5000000       109.619705    
   75.7500000       112.384682    
   76.0000000       115.145073    
   76.2500000       117.887085    
   76.5000000       120.594948    
   76.7500000       123.252510    
   77.0000000       125.843559    
   77.2500000       128.351959    
   77.5000000       130.761871    
   77.7500000       133.057556    
   78.0000000       135.223221    
   78.2500000       137.245102    
   78.5000000       139.117569    
   78.7500000       140.836975    
   79.0000000       142.399628    
   79.2500000       143.805618    
   79.5000000       145.069748    
   79.7500000       146.210480    
   80.0000000       147.246338    
   80.2500000       148.197495    
   80.5000000       149.090897    
   80.7500000       149.955231    
   81.0000000       150.819138    
   81.2500000       151.711182    
   81.5000000       152.659592    
   81.7500000       153.692459    
   82.0000000       154.837967    
   82.2500000       156.122772    
   82.5000000       157.567810    
   82.7500000       159.192627    
   83.0000000       161.016724    
   83.2500000       163.056961    
   83.5000000       165.319656    
   83.7500000       167.808426    
   84.0000000       170.526901    
   84.2500000       173.477539    
   84.5000000       176.657990    
   84.7500000       180.064728    
   85.0000000       183.694290    
   85.2500000       187.543106    
   85.5000000       191.607666    
   85.7500000       195.884247    
   86.0000000       200.369400    
   86.2500000       205.057846    
   86.5000000       209.937988    
   86.7500000       214.996597    
   87.0000000       220.220444    
   87.2500000       225.593384    
   87.5000000       231.087646    
   87.7500000       236.672546    
   88.0000000       242.317444    
   88.2500000       247.990280    
   88.5000000       253.653717    
   88.7500000       259.269043    
   89.0000000       264.797546    
   89.2500000       270.200623    
   89.5000000       275.439850    
   89.7500000       280.477020    
   90.0000000       285.273743    
   90.2500000       289.792786    
   90.5000000       294.000854    
   90.7500000       297.865631    
   91.0000000       301.354828    
   91.2500000       304.438019    
   91.5000000       307.092224    
   91.7500000       309.296295    
   92.0000000       311.029114    
   92.2500000       312.270355    
   92.5000000       313.002991    
   92.7500000       313.210693    
   93.0000000       312.877289    
   93.2500000       311.986572    
   93.5000000       310.522766    
   93.7500000       308.470032    
   94.0000000       305.812744    
   94.2500000       302.538788    
   94.5000000       298.650909    
   94.7500000       294.155609    
   95.0000000       289.059387    
   95.2500000       283.375336    
   95.5000000       277.143646    
   95.7500000       270.411194    
   96.0000000       263.224823    
   96.2500000       255.634415    
   96.5000000       247.702393    
   96.7500000       239.494202    
   97.0000000       231.075180    
   97.2500000       222.510712    
   97.5000000       213.865265    
   97.7500000       205.203247    
   98.0000000       196.589081    
   98.2500000       188.083878    
   98.5000000       179.736206    
   98.7500000       171.591339    
   99.0000000       163.694626    
   99.2500000       156.085556    
   99.5000000       148.780197    
   99.7500000       141.788879    
   100.000000       135.121857    
   100.250000       128.786758    
   100.500000       122.780571    
   100.750000       117.097641    
   101.000000       111.732338    
   101.250000       106.679047    
   101.500000       101.932411    
   101.750000       97.4871216    
   102.000000       93.3378754    
   102.250000       89.4788361    
   102.500000       85.9020309    
   102.750000       82.5989151    
   103.000000       79.5609894    
   103.250000       76.7787933    
   103.500000       74.2391586    
   103.750000       71.9279327    
   104.000000       69.8310242    
   104.250000       67.9338531    
   104.500000       66.2201157    
   104.750000       64.6730576    

