TitleText: Ni(001)-(5x5)-Li     Beam (3/5,1/5)            Rfac10=0.3185
 "IV exp
   40.2500000       270.659882    
   40.5000000       271.348358    
   40.7500000       271.985504    
   41.0000000       272.545685    
   41.2500000       273.003815    
   41.5000000       273.337646    
   41.7500000       273.525482    
   42.0000000       273.545685    
   42.2500000       273.386017    
   42.5000000       273.072021    
   42.7500000       272.638641    
   43.0000000       272.120697    
   43.2500000       271.564026    
   43.5000000       271.057709    
   43.7500000       270.701630    
   44.0000000       270.595703    
   44.2500000       270.815216    
   44.5000000       271.336945    
   44.7500000       272.113037    
   45.0000000       273.095703    
   45.2500000       274.250092    
   45.5000000       275.593719    
   45.7500000       277.157104    
   46.0000000       278.970703    
   46.2500000       281.079285    
   46.5000000       283.584229    
   46.7500000       286.601166    
   47.0000000       290.245697    
   47.2500000       294.602356    
   47.5000000       299.631073    
   47.7500000       305.260895    
   48.0000000       311.420685    
   48.2500000       318.045349    
   48.5000000       325.093689    
   48.7500000       332.530548    
   49.0000000       340.320679    
   49.2500000       348.448975    
   49.5000000       356.980682    
   49.7500000       366.001099    
   50.0000000       375.595673    
   50.2500000       385.834412    
   50.5000000       396.726471    
   50.7500000       408.265594    
   51.0000000       420.445679    
   51.2500000       433.225616    
   51.5000000       446.425049    
   51.7500000       459.828522    
   52.0000000       473.220703    
   52.2500000       486.390228    
   52.5000000       499.141296    
   52.7500000       511.282074    
   53.0000000       522.620667    
   53.2500000       532.980591    
   53.5000000       542.246460    
   53.7500000       550.318237    
   54.0000000       557.095703    
   54.2500000       562.507263    
   54.5000000       566.593933    
   54.7500000       569.425293    
   55.0000000       571.070679    
   55.2500000       571.602112    
   55.5000000       571.101868    
   55.7500000       569.654785    
   56.0000000       567.345642    
   56.2500000       564.247375    
   56.5000000       560.385071    
   56.7500000       555.771790    
   57.0000000       550.420654    
   57.2500000       544.346252    
   57.5000000       537.569275    
   57.7500000       530.111633    
   58.0000000       521.995667    
   58.2500000       513.244995    
   58.5000000       503.890076    
   58.7500000       493.962982    
   59.0000000       483.495697    
   59.2500000       472.532532    
   59.5000000       461.166351    
   59.7500000       449.502380    
   60.0000000       437.645691    
   60.2500000       425.709625    
   60.5000000       413.840454    
   60.7500000       402.192627    
   61.0000000       390.920685    
   61.2500000       380.172638    
   61.5000000       370.070984    
   61.7500000       360.731628    
   62.0000000       352.270691    
   62.2500000       344.747345    
   62.5000000       337.993591    
   62.7500000       331.784637    
   63.0000000       325.895691    
   63.2500000       320.152344    
   63.5000000       314.581940    
   63.7500000       309.262146    
   64.0000000       304.270691    
   64.2500000       299.663483    
   64.5000000       295.409088    
   64.7500000       291.454254    
   65.0000000       287.745697    
   65.2500000       284.229553    
   65.5000000       280.849579    
   65.7500000       277.548920    
   66.0000000       274.270691    
   66.2500000       271.026031    
   66.5000000       268.097961    
   66.7500000       265.837494    
   67.0000000       264.595673    
   67.2500000       264.618195    
   67.5000000       265.729553    
   67.7500000       267.648987    
   68.0000000       270.095673    
   68.2500000       272.820190    
   68.5000000       275.698517    
   68.7500000       278.637878    
   69.0000000       281.545685    
   69.2500000       284.375092    
   69.5000000       287.263000    
   69.7500000       290.392242    
   70.0000000       293.945679    
   70.2500000       298.055908    
   70.5000000       302.654846    
   70.7500000       307.624176    
   71.0000000       312.845673    
   71.2500000       318.215607    
   71.5000000       323.688660    
   71.7500000       329.233948    
   72.0000000       334.820679    
   72.2500000       340.397430    
   72.5000000       345.830261    
   72.7500000       350.964569    
   73.0000000       355.645691    
   73.2500000       359.745667    
   73.5000000       363.242523    
   73.7500000       366.140991    
   74.0000000       368.445679    
   74.2500000       370.172974    
   74.5000000       371.386200    
   74.7500000       372.160400    
   75.0000000       372.570679    
   75.2500000       372.636536    
   75.5000000       372.155487    
   75.7500000       370.869568    
   76.0000000       368.520691    
   76.2500000       364.929565    
   76.5000000       360.231537    
   76.7500000       354.640594    
   77.0000000       348.370697    
   77.2500000       341.644318    
   77.5000000       334.717468    
   77.7500000       327.854736    
   78.0000000       321.320679    
   78.2500000       315.317047    
   78.5000000       309.794647    
   78.7500000       304.641541    
   79.0000000       299.745697    
   79.2500000       295.022583    
   79.5000000       290.496887    
   79.7500000       286.220581    
   80.0000000       282.245697    
   80.2500000       278.615234    
   80.5000000       275.335815    
   80.7500000       272.405090    
   81.0000000       269.820679    
   81.2500000       267.579376    
   81.5000000       265.674683    
   81.7500000       264.099243    
   82.0000000       262.845703    
   82.2500000       261.893311    
   82.5000000       261.167725    
   82.7500000       260.581085    
   83.0000000       260.045685    
   83.2500000       259.496094    
   83.5000000       258.956696    
   83.7500000       258.474304    
   84.0000000       258.095673    
   84.2500000       257.870605    
   84.5000000       257.860809    
   84.7500000       258.130951    
   85.0000000       258.745697    
   85.2500000       259.721710    
   85.5000000       260.883575    
   85.7500000       262.007721    
   86.0000000       262.870697    
   86.2500000       263.302185    
   86.5000000       263.344696    
   86.7500000       263.093964    
   87.0000000       262.645691    
   87.2500000       262.105804    
   87.5000000       261.621155    
   87.7500000       261.348755    
   88.0000000       261.445679    
   88.2500000       262.042450    
   88.5000000       263.163544    
   88.7500000       264.806976    
   89.0000000       266.970673    
   89.2500000       269.651978    
   89.5000000       272.845581    
   89.7500000       276.545502    
   90.0000000       280.745697    
   90.2500000       285.444733    
   90.5000000       290.659424    
   90.7500000       296.410950    
   91.0000000       302.720703    
   91.2500000       309.599426    
   91.5000000       317.015991    
   91.7500000       324.928650    
   92.0000000       333.295715    
   92.2500000       342.034821    
   92.5000000       350.900879    
   92.7500000       359.608124    
   93.0000000       367.870697    
   93.2500000       375.424530    
   93.5000000       382.092163    
   93.7500000       387.717804    
   94.0000000       392.145691    
   94.2500000       395.280670    
   94.5000000       397.270233    
   94.7500000       398.322540    
   95.0000000       398.645691    
   95.2500000       398.395660    
   95.5000000       397.519775    
   95.7500000       395.913116    
   96.0000000       393.470703    
   96.2500000       390.119385    
   96.5000000       385.912323    
   96.7500000       380.934448    
   97.0000000       375.270691    
   97.2500000       369.094818    
   97.5000000       362.936371    
   97.7500000       357.413849    
   98.0000000       353.145691    
   98.2500000       350.565399    
   98.5000000       349.366333    
   98.7500000       349.056976    
   99.0000000       349.145691    
   99.2500000       349.168182    
   99.5000000       348.769287    
   99.7500000       347.621094    
   100.000000       345.395691    
   100.250000       341.891479    
   100.500000       337.411896    
   100.750000       332.386749    
   101.000000       327.245697    
   101.250000       322.335388    
   101.500000       317.669708    
   101.750000       313.179535    
   102.000000       308.795685    
   102.250000       304.425598    
   102.500000       299.883423    
   102.750000       294.959869    
   103.000000       289.445709    
   103.250000       283.175446    
   103.500000       276.158295    
   103.750000       268.447388    
   104.000000       260.095703    
   104.250000       251.215668    
   104.500000       242.157532    
   104.750000       233.330994    
   105.000000       225.145691    
   105.250000       217.962616    
   105.500000       211.948151    
   105.750000       207.219940    
   106.000000       203.895691    
   106.250000       202.040375    
   106.500000       201.508331    
   106.750000       202.101227    
   107.000000       203.620697    
   107.250000       205.835571    
   107.500000       208.383270    
   107.750000       210.868439    
   108.000000       212.895691    
   108.250000       214.134491    
   108.500000       214.513916    
   108.750000       214.027985    
   109.000000       212.670685    
   109.250000       210.545959    
   109.500000       208.197693    
   109.750000       206.279663    
   110.000000       205.445679    
   110.250000       206.197510    
   110.500000       208.428772    
   110.750000       211.880981    
   111.000000       216.295685    
   111.250000       221.285248    
   111.500000       225.945587    
   111.750000       229.243500    
   112.000000       230.145691    
   112.250000       227.916016    
   112.500000       223.006653    
   112.750000       216.166809    
   113.000000       208.145691    
   113.250000       199.686066    
   113.500000       191.504974    
   113.750000       184.312988    
   114.000000       178.820679    
   114.250000       175.490753    
   114.500000       173.794403    
   114.750000       172.954926    
   115.000000       172.195679    
   115.250000       170.882050    
   115.500000       168.947784    
   115.750000       166.468719    
   116.000000       163.520691    
   116.250000       160.275848    
   116.500000       157.291687    
   116.750000       155.222015    
   117.000000       154.720673    
   117.250000       156.306641    
   117.500000       159.959564    
   117.750000       165.524292    
   118.000000       172.845673    
   118.250000       181.659973    
   118.500000       191.269135    
   118.750000       200.866577    
   119.000000       209.645691    
   119.250000       216.932281    
   119.500000       222.581757    
   119.750000       226.581940    
   120.000000       228.920685    
   120.250000       229.627991    
   120.500000       228.902924    
   120.750000       226.986755    
   121.000000       224.120697    
   121.250000       220.629059    
   121.500000       217.168121    
   121.750000       214.477203    
   122.000000       213.295685    
   122.250000       214.365479    
   122.500000       218.439331    
   122.750000       226.272583    
   123.000000       238.620667    
   123.250000       255.881958    
   123.500000       277.026764    
   123.750000       300.668579    
   124.000000       325.420715    
   124.250000       350.009003    
   124.500000       373.608948    
   124.750000       395.508575    
   125.000000       414.995697    
   125.250000       431.652344    
   125.500000       446.236542    
   125.750000       459.800293    
   126.000000       473.395691    
   126.250000       487.917511    
   126.500000       503.631500    
   126.750000       520.646362    
   127.000000       539.070679    
   127.250000       558.947510    
   127.500000       580.058411    
   127.750000       602.119141    
   128.000000       624.845642    
   128.250000       647.969788    
   128.500000       671.287048    
   128.750000       694.608521    
   129.000000       717.745667    
   129.250000       740.538452    
   129.500000       762.942322    
   129.750000       784.941589    
   130.000000       806.520630    
   130.250000       827.683899    
   130.500000       848.517456    
   130.750000       869.127625    
   131.000000       889.620667    
   131.250000       909.984436    
   131.500000       929.733521    
   131.750000       948.263611    
   132.000000       964.970703    
   132.250000       979.349426    
   132.500000       991.288391    
   132.750000       1000.77472    
   133.000000       1007.79572    
   133.250000       1012.35266    
   133.500000       1014.50299    
   133.750000       1014.31836    
   134.000000       1011.87067    
   134.250000       1007.26746    
   134.500000       1000.76135    
   134.750000       992.641235    
   135.000000       983.195679    
   135.250000       972.692200    
   135.500000       961.312927    
   135.750000       949.218811    
   136.000000       936.570679    
   136.250000       923.434692    
   136.500000       909.498352    
   136.750000       894.354431    
   137.000000       877.595642    
   137.250000       859.014526    
   137.500000       839.202026    
   137.750000       818.948914    
   138.000000       799.045654    
   138.250000       780.160400    
   138.500000       762.470459    
   138.750000       746.030701    
   139.000000       730.895691    
   139.250000       717.066223    
   139.500000       704.327454    
   139.750000       692.410278    
   140.000000       681.045715    
   140.250000       670.058411    
   140.500000       659.647034    
   140.750000       650.103699    
   141.000000       641.720703    
   141.250000       634.681030    
   141.500000       628.730652    
   141.750000       623.506592    

 "IV theory
   40.2500000       84.5290222    
   40.5000000       80.7447968    
   40.7500000       77.1912994    
   41.0000000       73.8837280    
   41.2500000       70.8371506    
   41.5000000       68.0663223    
   41.7500000       65.5858688    
   42.0000000       63.4104614    
   42.2500000       61.5530128    
   42.5000000       60.0194893    
   42.7500000       58.8141632    
   43.0000000       57.9412613    
   43.2500000       57.4018669    
   43.5000000       57.1843185    
   43.7500000       57.2737770    
   44.0000000       57.6553955    
   44.2500000       58.3128891    
   44.5000000       59.2241592    
   44.7500000       60.3656387    
   45.0000000       61.7137756    
   45.2500000       63.2450714    
   45.5000000       64.9362259    
   45.7500000       66.7640076    
   46.0000000       68.7051544    
   46.2500000       70.7368393    
   46.5000000       72.8377762    
   46.7500000       74.9870987    
   47.0000000       77.1639252    
   47.2500000       79.3481293    
   47.5000000       81.5225754    
   47.7500000       83.6708527    
   48.0000000       85.7765808    
   48.2500000       87.8236923    
   48.5000000       89.7974014    
   48.7500000       91.6832886    
   49.0000000       93.4669189    
   49.2500000       95.1338806    
   49.5000000       96.6698837    
   49.7500000       98.0606918    
   50.0000000       99.2920609    
   50.2500000       100.351128    
   50.5000000       101.230713    
   50.7500000       101.925026    
   51.0000000       102.428261    
   51.2500000       102.737198    
   51.5000000       102.858864    
   51.7500000       102.802849    
   52.0000000       102.578751    
   52.2500000       102.197327    
   52.5000000       101.674057    
   52.7500000       101.025589    
   53.0000000       100.268600    
   53.2500000       99.4196625    
   53.5000000       98.4951553    
   53.7500000       97.5113678    
   54.0000000       96.4846115    
   54.2500000       95.4302673    
   54.5000000       94.3601532    
   54.7500000       93.2851334    
   55.0000000       92.2160797    
   55.2500000       91.1622391    
   55.5000000       90.1261444    
   55.7500000       89.1087036    
   56.0000000       88.1108246    
   56.2500000       87.1326294    
   56.5000000       86.1712189    
   56.7500000       85.2229309    
   57.0000000       84.2841034    
   57.2500000       83.3511124    
   57.5000000       82.4204407    
   57.7500000       81.4885712    
   58.0000000       80.5520248    
   58.2500000       79.6075134    
   58.5000000       78.6526108    
   58.7500000       77.6851044    
   59.0000000       76.7028046    
   59.2500000       75.7039032    
   59.5000000       74.6882172    
   59.7500000       73.6559906    
   60.0000000       72.6074448    
   60.2500000       71.5430145    
   60.5000000       70.4637756    
   60.7500000       69.3709946    
   61.0000000       68.2659531    
   61.2500000       67.1499405    
   61.5000000       66.0244293    
   61.7500000       64.8908920    
   62.0000000       63.7508430    
   62.2500000       62.6072235    
   62.5000000       61.4689064    
   62.7500000       60.3462029    
   63.0000000       59.2494545    
   63.2500000       58.1916695    
   63.5000000       57.1965256    
   63.7500000       56.2904091    
   64.0000000       55.4996986    
   64.2500000       54.8520012    
   64.5000000       54.3799324    
   64.7500000       54.1173744    
   65.0000000       54.0981636    
   65.2500000       54.3560486    
   65.5000000       54.9242401    
   65.7500000       55.8358154    
   66.0000000       57.1238785    
   66.2500000       58.8182106    
   66.5000000       60.9355164    
   66.7500000       63.4891930    
   67.0000000       66.4926300    
   67.2500000       69.9532318    
   67.5000000       73.8543854    
   67.7500000       78.1734467    
   68.0000000       82.8877869    
   68.2500000       87.9720612    
   68.5000000       93.3899536    
   68.7500000       99.1024628    
   69.0000000       105.070572    
   69.2500000       111.255310    
   69.5000000       117.617950    
   69.7500000       124.119827    
   70.0000000       130.722275    
   70.2500000       137.385925    
   70.5000000       144.068817    
   70.7500000       150.728256    
   71.0000000       157.321625    
   71.2500000       163.805038    
   71.5000000       170.130127    
   71.7500000       176.247314    
   72.0000000       182.106979    
   72.2500000       187.658981    
   72.5000000       192.850845    
   72.7500000       197.629456    
   73.0000000       201.941727    
   73.2500000       205.734772    
   73.5000000       208.956528    
   73.7500000       211.555130    
   74.0000000       213.478653    
   74.2500000       214.681686    
   74.5000000       215.144547    
   74.7500000       214.853958    
   75.0000000       213.796768    
   75.2500000       211.971405    
   75.5000000       209.423355    
   75.7500000       206.209824    
   76.0000000       202.388016    
   76.2500000       198.020523    
   76.5000000       193.191559    
   76.7500000       187.990631    
   77.0000000       182.507339    
   77.2500000       176.830948    
   77.5000000       171.049667    
   77.7500000       165.251389    
   78.0000000       159.523987    
   78.2500000       153.951065    
   78.5000000       148.598709    
   78.7500000       143.528778    
   79.0000000       138.803009    
   79.2500000       134.475204    
   79.5000000       130.567001    
   79.7500000       127.092049    
   80.0000000       124.063988    
   80.2500000       121.492790    
   80.5000000       119.373909    
   80.7500000       117.699104    
   81.0000000       116.460152    
   81.2500000       115.648918    
   81.5000000       115.257507    
   81.7500000       115.278107    
   82.0000000       115.702888    
   82.2500000       116.522858    
   82.5000000       117.724167    
   82.7500000       119.291794    
   83.0000000       121.210693    
   83.2500000       123.463715    
   83.5000000       126.025169    
   83.7500000       128.867279    
   84.0000000       131.962204    
   84.2500000       135.281143    
   84.5000000       138.791321    
   84.7500000       142.458908    
   85.0000000       146.250076    
   85.2500000       150.131149    
   85.5000000       154.068848    
   85.7500000       158.030075    
   86.0000000       161.981628    
   86.2500000       165.893250    
   86.5000000       169.746155    
   86.7500000       173.524429    
   87.0000000       177.212112    
   87.2500000       180.798553    
   87.5000000       184.294037    
   87.7500000       187.714020    
   88.0000000       191.074036    
   88.2500000       194.392014    
   88.5000000       197.695602    
   88.7500000       201.014877    
   89.0000000       204.379913    
   89.2500000       207.820572    
   89.5000000       211.365952    
   89.7500000       215.044891    
   90.0000000       218.886230    
   90.2500000       222.914215    
   90.5000000       227.134262    
   90.7500000       231.547195    
   91.0000000       236.153885    
   91.2500000       240.946487    
   91.5000000       245.883148    
   91.7500000       250.913330    
   92.0000000       255.986542    
   92.2500000       261.048370    
   92.5000000       266.028534    
   92.7500000       270.852905    
   93.0000000       275.447174    
   93.2500000       279.737488    
   93.5000000       283.651184    
   93.7500000       287.115814    
   94.0000000       290.059052    
   94.2500000       292.415253    
   94.5000000       294.145813    
   94.7500000       295.218933    
   95.0000000       295.602753    
   95.2500000       295.277832    
   95.5000000       294.274200    
   95.7500000       292.634216    
   96.0000000       290.400391    
   96.2500000       287.620758    
   96.5000000       284.366119    
   96.7500000       280.712952    
   97.0000000       276.737793    
   97.2500000       272.516815    
   97.5000000       268.125000    
   97.7500000       263.637085    
   98.0000000       259.127808    
   98.2500000       254.667221    
   98.5000000       250.306580    
   98.7500000       246.092484    
   99.0000000       242.071533    
   99.2500000       238.281677    
   99.5000000       234.726379    
   99.7500000       231.400391    
   100.000000       228.298523    
   100.250000       225.411652    
   100.500000       222.714737    
   100.750000       220.178940    
   101.000000       217.775375    
   101.250000       215.475235    
   101.500000       213.250595    
   101.750000       211.073547    
   102.000000       208.916260    
   102.250000       206.753311    
   102.500000       204.568710    
   102.750000       202.348953    
   103.000000       200.080444    
   103.250000       197.754028    
   103.500000       195.378052    
   103.750000       192.965347    
   104.000000       190.528702    
   104.250000       188.082901    
   104.500000       185.650864    
   104.750000       183.257492    
   105.000000       180.927734    
   105.250000       178.686340    
   105.500000       176.557556    
   105.750000       174.565506    
   106.000000       172.734238    
   106.250000       171.085037    
   106.500000       169.627808    
   106.750000       168.369614    
   107.000000       167.317535    
   107.250000       166.473450    
   107.500000       165.818436    
   107.750000       165.328400    
   108.000000       164.979263    
   108.250000       164.744537    
   108.500000       164.588074    
   108.750000       164.471375    
   109.000000       164.355957    
   109.250000       164.203461    
   109.500000       163.976318    
   109.750000       163.637131    
   110.000000       163.148544    
   110.250000       162.477310    
   110.500000       161.607010    
   110.750000       160.525391    
   111.000000       159.220200    
   111.250000       157.686829    
   111.500000       155.951385    
   111.750000       154.047653    
   112.000000       152.009338    
   112.250000       149.873734    
   112.500000       147.692261    
   112.750000       145.519714    
   113.000000       143.411057    
   113.250000       141.420944    
   113.500000       139.603317    
   113.750000       138.011948    
   114.000000       136.700592    
   114.250000       135.719818    
   114.500000       135.107605    
   114.750000       134.898682    
   115.000000       135.127899    
   115.250000       135.824173    
   115.500000       136.993225    
   115.750000       138.634903    
   116.000000       140.749084    
   116.250000       143.332993    
   116.500000       146.373199    
   116.750000       149.853714    
   117.000000       153.758530    
   117.250000       158.071655    
   117.500000       162.777405    
   117.750000       167.860214    
   118.000000       173.304459    
   118.250000       179.094452    
   118.500000       185.214020    
   118.750000       191.646927    
   119.000000       198.376953    
   119.250000       205.387665    
   119.500000       212.662109    
   119.750000       220.183167    
   120.000000       227.933746    
   120.250000       235.896591    
   120.500000       244.054092    
   120.750000       252.388489    
   121.000000       260.882050    
   121.250000       269.517151    
   121.500000       278.276703    
   121.750000       287.143585    
   122.000000       296.100861    
   122.250000       305.135620    
   122.500000       314.251556    
   122.750000       323.456390    
   123.000000       332.757996    
   123.250000       342.171631    
   123.500000       351.742706    
   123.750000       361.524017    
   124.000000       371.568512    
   124.250000       381.932587    
   124.500000       392.686646    
   124.750000       403.904755    
   125.000000       415.660858    
   125.250000       428.028534    
   125.500000       441.079803    
   125.750000       454.886139    
   126.000000       469.519073    
   126.250000       485.039490    
   126.500000       501.464844    
   126.750000       518.802124    
   127.000000       537.058289    
   127.250000       556.220337    
   127.500000       576.196838    
   127.750000       596.876465    
   128.000000       618.147888    
   128.250000       639.890869    
   128.500000       661.948853    
   128.750000       684.156250    
   129.000000       706.347656    
   129.250000       728.357971    
   129.500000       750.024048    
   129.750000       771.183044    
   130.000000       791.672302    
   130.250000       811.336365    
   130.500000       830.048828    
   130.750000       847.691040    
   131.000000       864.143860    
   131.250000       879.301819    
   131.500000       893.113525    
   131.750000       905.540649    
   132.000000       916.545166    
   132.250000       926.095032    
   132.500000       934.182617    
   132.750000       940.806335    
   133.000000       945.964783    
   133.250000       949.656250    
   133.500000       951.878906    
   133.750000       952.631042    
   134.000000       951.910522    
   134.250000       949.719360    
   134.500000       946.074463    
   134.750000       940.996765    
   135.000000       934.507141    
   135.250000       926.633118    
   135.500000       917.429626    
   135.750000       906.958313    
   136.000000       895.281006    
   136.250000       882.462280    
   136.500000       868.579651    
   136.750000       853.713379    
   137.000000       837.944031    
   137.250000       821.351868    
   137.500000       804.016724    
   137.750000       786.018372    
   138.000000       767.436462    
   138.250000       748.349854    
   138.500000       728.833313    
   138.750000       708.960815    
   139.000000       688.806335    
   139.250000       668.441895    
   139.500000       647.932312    
   139.750000       627.340515    
   140.000000       606.729492    
   140.250000       586.161438    
   140.500000       565.695312    
   140.750000       545.389160    
   141.000000       525.301270    
   141.250000       505.489624    
   141.500000       486.012054    
   141.750000       466.926422    

