TitleText: Ni(001)-(5x5)-Li     Beam (4/5,1/5)            Rfac10=0.0965
 "IV exp
   40.2500000       230.526047    
   40.5000000       227.554688    
   40.7500000       224.411789    
   41.0000000       221.011597    
   41.2500000       217.286102    
   41.5000000       213.238571    
   41.7500000       208.890045    
   42.0000000       204.261597    
   42.2500000       199.397186    
   42.5000000       194.432480    
   42.7500000       189.526077    
   43.0000000       184.836594    
   43.2500000       180.501373    
   43.5000000       176.572952    
   43.7500000       173.082596    
   44.0000000       170.061600    
   44.2500000       167.531326    
   44.5000000       165.473434    
   44.7500000       163.859619    
   45.0000000       162.661591    
   45.2500000       161.860062    
   45.5000000       161.471634    
   45.7500000       161.521942    
   46.0000000       162.036606    
   46.2500000       163.048828    
   46.5000000       164.622162    
   46.7500000       166.827713    
   47.0000000       169.736588    
   47.2500000       173.421249    
   47.5000000       177.959305    
   47.7500000       183.429764    
   48.0000000       189.911606    
   48.2500000       197.456894    
   48.5000000       206.010193    
   48.7500000       215.489197    
   49.0000000       225.811600    
   49.2500000       236.910675    
   49.5000000       248.782043    
   49.7500000       261.436951    
   50.0000000       274.886597    
   50.2500000       289.152832    
   50.5000000       304.299988    
   50.7500000       320.402924    
   51.0000000       337.536560    
   51.2500000       355.766235    
   51.5000000       375.118774    
   51.7500000       395.611481    
   52.0000000       417.261597    
   52.2500000       440.048218    
   52.5000000       463.797546    
   52.7500000       488.297638    
   53.0000000       513.336548    
   53.2500000       538.648315    
   53.5000000       563.751099    
   53.7500000       588.109131    
   54.0000000       611.186584    
   54.2500000       632.483337    
   54.5000000       651.642273    
   54.7500000       668.342163    
   55.0000000       682.261597    
   55.2500000       693.045715    
   55.5000000       700.205444    
   55.7500000       703.218262    
   56.0000000       701.561584    
   56.2500000       694.885864    
   56.5000000       683.533569    
   56.7500000       668.020264    
   57.0000000       648.861572    
   57.2500000       626.692139    
   57.5000000       602.623535    
   57.7500000       577.886475    
   58.0000000       553.711609    
   58.2500000       531.098572    
   58.5000000       510.122894    
   58.7500000       490.629089    
   59.0000000       472.461548    
   59.2500000       455.445984    
   59.5000000       439.332428    
   59.7500000       423.852203    
   60.0000000       408.736572    
   60.2500000       393.782257    
   60.5000000       379.047974    
   60.7500000       364.658020    
   61.0000000       350.736572    
   61.2500000       337.374939    
   61.5000000       324.532593    
   61.7500000       312.135956    
   62.0000000       300.111572    
   62.2500000       288.406525    
   62.5000000       277.050507    
   62.7500000       266.093750    
   63.0000000       255.586609    
   63.2500000       245.565674    
   63.5000000       236.013077    
   63.7500000       226.897232    
   64.0000000       218.186600    
   64.2500000       209.853882    
   64.5000000       201.888718    
   64.7500000       194.285004    
   65.0000000       187.036606    
   65.2500000       180.159882    
   65.5000000       173.761047    
   65.7500000       167.968719    
   66.0000000       162.911591    
   66.2500000       158.676178    
   66.5000000       155.180481    
   66.7500000       152.300323    
   67.0000000       149.911591    
   67.2500000       147.917053    
   67.5000000       146.327225    
   67.7500000       145.179581    
   68.0000000       144.511597    
   68.2500000       144.361511    
   68.5000000       144.770813    
   68.7500000       145.781769    
   69.0000000       147.436600    
   69.2500000       149.747452    
   69.5000000       152.605942    
   69.7500000       155.873505    
   70.0000000       159.411606    
   70.2500000       163.106522    
   70.5000000       166.943771    
   70.7500000       170.933685    
   71.0000000       175.086594    
   71.2500000       179.417145    
   71.5000000       183.957321    
   71.7500000       188.743393    
   72.0000000       193.811600    
   72.2500000       199.188187    
   72.5000000       204.859009    
   72.7500000       210.799881    
   73.0000000       216.986588    
   73.2500000       223.387970    
   73.5000000       229.944962    
   73.7500000       236.591522    
   74.0000000       243.261612    
   74.2500000       249.892014    
   74.5000000       256.430725    
   74.7500000       262.828644    
   75.0000000       269.036591    
   75.2500000       275.003906    
   75.5000000       280.673615    
   75.7500000       285.987335    
   76.0000000       290.886597    
   76.2500000       295.298370    
   76.5000000       299.091278    
   76.7500000       302.119324    
   77.0000000       304.236572    
   77.2500000       305.324127    
   77.5000000       305.371429    
   77.7500000       304.395081    
   78.0000000       302.411591    
   78.2500000       299.470764    
   78.5000000       295.755005    
   78.7500000       291.480072    
   79.0000000       286.861572    
   79.2500000       282.091736    
   79.5000000       277.268707    
   79.7500000       272.467102    
   80.0000000       267.761597    
   80.2500000       263.222412    
   80.5000000       258.902252    
   80.7500000       254.849228    
   81.0000000       251.111588    
   81.2500000       247.743149    
   81.5000000       244.820023    
   81.7500000       242.423920    
   82.0000000       240.636597    
   82.2500000       239.534302    
   82.5000000       239.171616    
   82.7500000       239.597687    
   83.0000000       240.861603    
   83.2500000       242.986115    
   83.5000000       245.888107    
   83.7500000       249.458084    
   84.0000000       253.586594    
   84.2500000       258.173676    
   84.5000000       263.158081    
   84.7500000       268.487946    
   85.0000000       274.111603    
   85.2500000       280.002319    
   85.5000000       286.233551    
   85.7500000       292.903809    
   86.0000000       300.111603    
   86.2500000       307.899902    
   86.5000000       316.089813    
   86.7500000       324.446838    
   87.0000000       332.736572    
   87.2500000       340.726898    
   87.5000000       348.195435    
   87.7500000       354.922028    
   88.0000000       360.686584    
   88.2500000       365.318481    
   88.5000000       368.844788    
   88.7500000       371.342010    
   89.0000000       372.886597    
   89.2500000       373.541687    
   89.5000000       373.316803    
   89.7500000       372.208069    
   90.0000000       370.211609    
   90.2500000       367.311737    
   90.5000000       363.445160    
   90.7500000       358.536804    
   91.0000000       352.511597    
   91.2500000       345.350983    
   91.5000000       337.262817    
   91.7500000       328.511536    
   92.0000000       319.361572    
   92.2500000       310.062897    
   92.5000000       300.807526    
   92.7500000       291.772888    
   93.0000000       283.136566    
   93.2500000       275.011383    
   93.5000000       267.251617    
   93.7500000       259.646790    
   94.0000000       251.986603    
   94.2500000       244.109070    
   94.5000000       236.046204    
   94.7500000       227.878555    
   95.0000000       219.686600    
   95.2500000       211.569992    
   95.5000000       203.705017    
   95.7500000       196.287079    
   96.0000000       189.511612    
   96.2500000       183.520035    
   96.5000000       178.237717    
   96.7500000       173.536102    
   97.0000000       169.286606    
   97.2500000       165.366455    
   97.5000000       161.676254    
   97.7500000       158.122482    
   98.0000000       154.611603    
   98.2500000       151.092422    
   98.5000000       147.683151    
   98.7500000       144.544342    
   99.0000000       141.836594    
   99.2500000       139.699890    
   99.5000000       138.192001    
   99.7500000       137.350174    
   100.000000       137.211594    
   100.250000       137.827194    
   100.500000       139.302750    
   100.750000       141.757721    
   101.000000       145.311600    
   101.250000       150.067917    
   101.500000       156.066559    
   101.750000       163.331451    
   102.000000       171.886597    
   102.250000       181.702759    
   102.500000       192.538116    
   102.750000       204.097733    
   103.000000       216.086594    
   103.250000       228.269516    
   103.500000       240.650497    
   103.750000       253.293274    
   104.000000       266.261597    
   104.250000       279.605530    
   104.500000       293.320099    
   104.750000       307.386658    
   105.000000       321.786591    
   105.250000       336.478394    
   105.500000       351.329376    
   105.750000       366.183929    
   106.000000       380.886597    
   106.250000       395.330566    
   106.500000       409.603943    
   106.750000       423.843628    
   107.000000       438.186584    
   107.250000       452.740479    
   107.500000       467.496368    
   107.750000       482.416077    
   108.000000       497.461578    
   108.250000       512.617737    
   108.500000       527.961426    
   108.750000       543.592712    
   109.000000       559.611572    
   109.250000       576.122986    
   109.500000       593.252380    
   109.750000       611.130127    
   110.000000       629.886597    
   110.250000       649.579285    
   110.500000       669.973572    
   110.750000       690.761841    
   111.000000       711.636536    
   111.250000       732.331665    
   111.500000       752.747742    
   111.750000       772.826965    
   112.000000       792.511536    
   112.250000       811.752075    
   112.500000       830.532898    
   112.750000       848.846802    
   113.000000       866.686523    
   113.250000       884.026550    
   113.500000       900.768005    
   113.750000       916.793762    
   114.000000       931.986572    
   114.250000       946.229736    
   114.500000       959.408142    
   114.750000       971.407043    
   115.000000       982.111633    
   115.250000       991.451721    
   115.500000       999.534729    
   115.750000       1006.51233    
   116.000000       1012.53656    
   116.250000       1017.77515    
   116.500000       1022.46008    
   116.750000       1026.83960    
   117.000000       1031.16162    
   117.250000       1035.59534    
   117.500000       1039.99438    
   117.750000       1044.13318    
   118.000000       1047.78662    
   118.250000       1050.81946    
   118.500000       1053.45740    
   118.750000       1056.01624    
   119.000000       1058.81165    
   119.250000       1062.05164    
   119.500000       1065.51160    
   119.750000       1068.85901    
   120.000000       1071.76160    
   120.250000       1073.84668    
   120.500000       1074.58179    
   120.750000       1073.39429    
   121.000000       1069.71167    
   121.250000       1063.18457    
   121.500000       1054.35632    
   121.750000       1043.99316    
   122.000000       1032.86169    
   122.250000       1021.63641    
   122.500000       1010.62549    
   122.750000       1000.04517    
   123.000000       990.111633    
   123.250000       980.936035    
   123.500000       972.208374    
   123.750000       963.513550    
   124.000000       954.436523    
   124.250000       944.618103    
   124.500000       933.923035    
   124.750000       922.272339    
   125.000000       909.586609    
   125.250000       895.791138    
   125.500000       880.828186    
   125.750000       864.644470    
   126.000000       847.186584    
   126.250000       828.437317    
   126.500000       808.524292    
   126.750000       787.611145    
   127.000000       765.861511    
   127.250000       743.466370    
   127.500000       720.725220    
   127.750000       697.964722    
   128.000000       675.511597    
   128.250000       653.619995    
   128.500000       632.253601    
   128.750000       611.303711    
   129.000000       590.661621    
   129.250000       570.203003    
   129.500000       549.742493    
   129.750000       529.079041    
   130.000000       508.011597    
   130.250000       486.420715    
   130.500000       464.511749    
   130.750000       442.571472    
   131.000000       420.886566    
   131.250000       399.725067    
   131.500000       379.280029    
   131.750000       359.725769    
   132.000000       341.236572    
   132.250000       323.874207    
   132.500000       307.250061    
   132.750000       290.862946    
   133.000000       274.211578    
   133.250000       256.935364    
   133.500000       239.235992    
   133.750000       221.455658    
   134.000000       203.936600    
   134.250000       187.024506    
   134.500000       171.078659    
   134.750000       156.461792    
   135.000000       143.536591    
   135.250000       132.535416    
   135.500000       123.168953    
   135.750000       115.017570    
   136.000000       107.661591    
   136.250000       100.804985    
   136.500000       94.6463242    
   136.750000       89.5077972    
   137.000000       85.7115936    
   137.250000       83.5036469    
   137.500000       82.8246918    
   137.750000       83.5391846    
   138.000000       85.5115967    
   138.250000       88.5050812    
   138.500000       91.8776245    
   138.750000       94.8859024    
   139.000000       96.7865906    
   139.250000       97.0373840    
   139.500000       95.9000015    
   139.750000       93.8371582    

 "IV theory
   40.2500000       325.869476    
   40.5000000       310.147491    
   40.7500000       293.767090    
   41.0000000       276.900055    
   41.2500000       259.717773    
   41.5000000       242.389343    
   41.7500000       225.083496    
   42.0000000       207.968887    
   42.2500000       191.206100    
   42.5000000       174.923431    
   42.7500000       159.241180    
   43.0000000       144.279572    
   43.2500000       130.143997    
   43.5000000       116.880333    
   43.7500000       104.519562    
   44.0000000       93.0926743    
   44.2500000       82.6238785    
   44.5000000       73.1103210    
   44.7500000       64.5423660    
   45.0000000       56.9103737    
   45.2500000       50.2049065    
   45.5000000       44.4172440    
   45.7500000       39.5388527    
   46.0000000       35.5612030    
   46.2500000       32.4756165    
   46.5000000       30.2728291    
   46.7500000       28.9434357    
   47.0000000       28.4780254    
   47.2500000       28.8670197    
   47.5000000       30.1001148    
   47.7500000       32.1668396    
   48.0000000       35.0567131    
   48.2500000       38.7592163    
   48.5000000       43.2636604    
   48.7500000       48.5592995    
   49.0000000       54.6353874    
   49.2500000       61.4810371    
   49.5000000       69.0847321    
   49.7500000       77.4348373    
   50.0000000       86.5196838    
   50.2500000       96.3222122    
   50.5000000       106.803680    
   50.7500000       117.919975    
   51.0000000       129.626953    
   51.2500000       141.870621    
   51.5000000       154.557648    
   51.7500000       167.584793    
   52.0000000       180.848877    
   52.2500000       194.242126    
   52.5000000       207.638443    
   52.7500000       220.907227    
   53.0000000       233.917831    
   53.2500000       246.540009    
   53.5000000       258.645142    
   53.7500000       270.104950    
   54.0000000       280.791321    
   54.2500000       290.585480    
   54.5000000       299.407013    
   54.7500000       307.184967    
   55.0000000       313.848450    
   55.2500000       319.344025    
   55.5000000       323.688202    
   55.7500000       326.914917    
   56.0000000       329.058167    
   56.2500000       330.159943    
   56.5000000       330.294159    
   56.7500000       329.542877    
   57.0000000       327.987946    
   57.2500000       325.711151    
   57.5000000       322.792664    
   57.7500000       319.312622    
   58.0000000       315.350861    
   58.2500000       310.983887    
   58.5000000       306.273254    
   58.7500000       301.277069    
   59.0000000       296.053253    
   59.2500000       290.653137    
   59.5000000       285.100616    
   59.7500000       279.412933    
   60.0000000       273.607330    
   60.2500000       267.697906    
   60.5000000       261.686340    
   60.7500000       255.571182    
   61.0000000       249.351013    
   61.2500000       243.024536    
   61.5000000       236.591019    
   61.7500000       230.049881    
   62.0000000       223.400452    
   62.2500000       216.644012    
   62.5000000       209.788956    
   62.7500000       202.845474    
   63.0000000       195.823853    
   63.2500000       188.737610    
   63.5000000       181.613632    
   63.7500000       174.482147    
   64.0000000       167.373398    
   64.2500000       160.319183    
   64.5000000       153.357285    
   64.7500000       146.527145    
   65.0000000       139.868149    
   65.2500000       133.419617    
   65.5000000       127.220535    
   65.7500000       121.309814    
   66.0000000       115.726433    
   66.2500000       110.508041    
   66.5000000       105.687500    
   66.7500000       101.296387    
   67.0000000       97.3662949    
   67.2500000       93.9265747    
   67.5000000       90.9974899    
   67.7500000       88.5970840    
   68.0000000       86.7433929    
   68.2500000       85.4534225    
   68.5000000       84.7402267    
   68.7500000       84.6158676    
   69.0000000       85.0923691    
   69.2500000       86.1817169    
   69.5000000       87.8955307    
   69.7500000       90.2453308    
   70.0000000       93.2426910    
   70.2500000       96.8951569    
   70.5000000       101.194489    
   70.7500000       106.128479    
   71.0000000       111.684937    
   71.2500000       117.844437    
   71.5000000       124.558838    
   71.7500000       131.772766    
   72.0000000       139.430893    
   72.2500000       147.474533    
   72.5000000       155.831757    
   72.7500000       164.427353    
   73.0000000       173.186020    
   73.2500000       182.032745    
   73.5000000       190.893356    
   73.7500000       199.693787    
   74.0000000       208.360031    
   74.2500000       216.821960    
   74.5000000       225.025040    
   74.7500000       232.918549    
   75.0000000       240.451782    
   75.2500000       247.581253    
   75.5000000       254.291992    
   75.7500000       260.576202    
   76.0000000       266.426086    
   76.2500000       271.837097    
   76.5000000       276.817657    
   76.7500000       281.379333    
   77.0000000       285.533844    
   77.2500000       289.292786    
   77.5000000       292.667542    
   77.7500000       295.669708    
   78.0000000       298.310638    
   78.2500000       300.603912    
   78.5000000       302.571625    
   78.7500000       304.237793    
   79.0000000       305.626587    
   79.2500000       306.765991    
   79.5000000       307.698883    
   79.7500000       308.472290    
   80.0000000       309.133087    
   80.2500000       309.729736    
   80.5000000       310.318085    
   80.7500000       310.955627    
   81.0000000       311.699860    
   81.2500000       312.608063    
   81.5000000       313.736816    
   81.7500000       315.142456    
   82.0000000       316.881348    
   82.2500000       319.004883    
   82.5000000       321.544983    
   82.7500000       324.528320    
   83.0000000       327.981842    
   83.2500000       331.923431    
   83.5000000       336.334930    
   83.7500000       341.189270    
   84.0000000       346.459351    
   84.2500000       352.114014    
   84.5000000       358.105499    
   84.7500000       364.382324    
   85.0000000       370.892731    
   85.2500000       377.585114    
   85.5000000       384.408325    
   85.7500000       391.311310    
   86.0000000       398.242920    
   86.2500000       405.151550    
   86.5000000       411.983063    
   86.7500000       418.683075    
   87.0000000       425.196777    
   87.2500000       431.468750    
   87.5000000       437.439423    
   87.7500000       443.048492    
   88.0000000       448.235291    
   88.2500000       452.938934    
   88.5000000       457.096436    
   88.7500000       460.644073    
   89.0000000       463.518311    
   89.2500000       465.655884    
   89.5000000       466.994324    
   89.7500000       467.471558    
   90.0000000       467.025482    
   90.2500000       465.601898    
   90.5000000       463.178650    
   90.7500000       459.741364    
   91.0000000       455.275787    
   91.2500000       449.782166    
   91.5000000       443.319000    
   91.7500000       435.959167    
   92.0000000       427.775574    
   92.2500000       418.847900    
   92.5000000       409.282410    
   92.7500000       399.192169    
   93.0000000       388.690277    
   93.2500000       377.889313    
   93.5000000       366.900513    
   93.7500000       355.834808    
   94.0000000       344.803009    
   94.2500000       333.910095    
   94.5000000       323.237305    
   94.7500000       312.859711    
   95.0000000       302.852814    
   95.2500000       293.280792    
   95.5000000       284.164276    
   95.7500000       275.512939    
   96.0000000       267.336548    
   96.2500000       259.639740    
   96.5000000       252.407242    
   96.7500000       245.618805    
   97.0000000       239.254120    
   97.2500000       233.293121    
   97.5000000       227.716614    
   97.7500000       222.505463    
   98.0000000       217.640686    
   98.2500000       213.105515    
   98.5000000       208.892426    
   98.7500000       204.996201    
   99.0000000       201.411652    
   99.2500000       198.137772    
   99.5000000       195.190704    
   99.7500000       192.590851    
   100.000000       190.358551    
   100.250000       188.516205    
   100.500000       187.094070    
   100.750000       186.124344    
   101.000000       185.639267    
   101.250000       185.670929    
   101.500000       186.250687    
   101.750000       187.409744    
   102.000000       189.179352    
   102.250000       191.586716    
   102.500000       194.643204    
   102.750000       198.356125    
   103.000000       202.732819    
   103.250000       207.773392    
   103.500000       213.448792    
   103.750000       219.722656    
   104.000000       226.558716    
   104.250000       233.917282    
   104.500000       241.745316    
   104.750000       249.986450    
   105.000000       258.584351    
   105.250000       267.482788    
   105.500000       276.626282    
   105.750000       285.959503    
   106.000000       295.427124    
   106.250000       304.976715    
   106.500000       314.567413    
   106.750000       324.161163    
   107.000000       333.719971    
   107.250000       343.211121    
   107.500000       352.623169    
   107.750000       361.949890    
   108.000000       371.185181    
   108.250000       380.325287    
   108.500000       389.376099    
   108.750000       398.346008    
   109.000000       407.243439    
   109.250000       416.076538    
   109.500000       424.853363    
   109.750000       433.581787    
   110.000000       442.269684    
   110.250000       450.924530    
   110.500000       459.552124    
   110.750000       468.157990    
   111.000000       476.747589    
   111.250000       485.325562    
   111.500000       493.893494    
   111.750000       502.452148    
   112.000000       511.002197    
   112.250000       519.544128    
   112.500000       528.077026    
   112.750000       536.599609    
   113.000000       545.110657    
   113.250000       553.608704    
   113.500000       562.092529    
   113.750000       570.560486    
   114.000000       579.011169    
   114.250000       587.441895    
   114.500000       595.844360    
   114.750000       604.209229    
   115.000000       612.527100    
   115.250000       620.786011    
   115.500000       628.964417    
   115.750000       637.038269    
   116.000000       644.983582    
   116.250000       652.775269    
   116.500000       660.383606    
   116.750000       667.778076    
   117.000000       674.927856    
   117.250000       681.802429    
   117.500000       688.371399    
   117.750000       694.604126    
   118.000000       700.470703    
   118.250000       705.941284    
   118.500000       710.990601    
   118.750000       715.593628    
   119.000000       719.725708    
   119.250000       723.363892    
   119.500000       726.492004    
   119.750000       729.095703    
   120.000000       731.160400    
   120.250000       732.672791    
   120.500000       733.622253    
   120.750000       733.998962    
   121.000000       733.793274    
   121.250000       732.995178    
   121.500000       731.595459    
   121.750000       729.584229    
   122.000000       726.951904    
   122.250000       723.690613    
   122.500000       719.798462    
   122.750000       715.275208    
   123.000000       710.120911    
   123.250000       704.338196    
   123.500000       697.941101    
   123.750000       690.946777    
   124.000000       683.372070    
   124.250000       675.235474    
   124.500000       666.560181    
   124.750000       657.371277    
   125.000000       647.693604    
   125.250000       637.551758    
   125.500000       626.970642    
   125.750000       615.974731    
   126.000000       604.588745    
   126.250000       592.837769    
   126.500000       580.748169    
   126.750000       568.346863    
   127.000000       555.660583    
   127.250000       542.716797    
   127.500000       529.545593    
   127.750000       516.177551    
   128.000000       502.643341    
   128.250000       488.973877    
   128.500000       475.201355    
   128.750000       461.358124    
   129.000000       447.476746    
   129.250000       433.589569    
   129.500000       419.728851    
   129.750000       405.926666    
   130.000000       392.215393    
   130.250000       378.625977    
   130.500000       365.184540    
   130.750000       351.916229    
   131.000000       338.846039    
   131.250000       325.996826    
   131.500000       313.382812    
   131.750000       301.015839    
   132.000000       288.907928    
   132.250000       277.070068    
   132.500000       265.509186    
   132.750000       254.231323    
   133.000000       243.242416    
   133.250000       232.548508    
   133.500000       222.155762    
   133.750000       212.070435    
   134.000000       202.298691    
   134.250000       192.847229    
   134.500000       183.724335    
   134.750000       174.938812    
   135.000000       166.499451    
   135.250000       158.415726    
   135.500000       150.700317    
   135.750000       143.366684    
   136.000000       136.428284    
   136.250000       129.898911    
   136.500000       123.793884    
   136.750000       118.128937    
   137.000000       112.919777    
   137.250000       108.182014    
   137.500000       103.930931    
   137.750000       100.181694    
   138.000000       96.9494858    
   138.250000       94.2467346    
   138.500000       92.0748672    
   138.750000       90.4326096    
   139.000000       89.3186493    
   139.250000       88.7266846    
   139.500000       88.6303940    
   139.750000       88.9984207    

