TitleText: Ni(001)-(5x5)-Li     Beam (4/5,2/5)            Rfac10=0.3504
 "IV exp
   48.2500000       4073.05615    
   48.5000000       4090.01562    
   48.7500000       4116.64600    
   49.0000000       4157.78223    
   49.2500000       4219.16162    
   49.5000000       4310.12061    
   49.7500000       4440.89795    
   50.0000000       4621.73242    
   50.2500000       4864.51904    
   50.5000000       5187.78369    
   50.7500000       5611.71045    
   51.0000000       6156.48193    
   51.2500000       6841.91650    
   51.5000000       7686.36865    
   51.7500000       8707.82812    
   52.0000000       9924.28223    
   52.2500000       11344.3818    
   52.5000000       12939.4102    
   52.7500000       14671.3125    
   53.0000000       16502.0312    
   53.2500000       18395.6543    
   53.5000000       20324.8418    
   53.7500000       22264.3828    
   54.0000000       24189.0801    
   54.2500000       26077.6016    
   54.5000000       27924.1016    
   54.7500000       29726.6016    
   55.0000000       31483.1309    
   55.2500000       33184.8242    
   55.5000000       34795.3086    
   55.7500000       36271.3008    
   56.0000000       37569.5312    
   56.2500000       38648.5234    
   56.5000000       39473.9219    
   56.7500000       40013.1641    
   57.0000000       40233.6836    
   57.2500000       40113.0000    
   57.5000000       39669.0000    
   57.7500000       38929.6719    
   58.0000000       37922.9844    
   58.2500000       36676.4531    
   58.5000000       35215.7070    
   58.7500000       33565.9141    
   59.0000000       31752.2324    
   59.2500000       29796.4297    
   59.5000000       27706.6523    
   59.7500000       25487.6523    
   60.0000000       23144.1816    
   60.2500000       20692.0312    
   60.5000000       18191.1680    
   60.7500000       15712.6162    
   61.0000000       13327.3828    
   61.2500000       11104.9043    
   61.5000000       9108.28418    
   61.7500000       7399.04395    
   62.0000000       6038.70703    
   62.2500000       5067.97266    
   62.5000000       4444.25635    
   62.7500000       4104.15283    
   63.0000000       3984.25732    
   63.2500000       4036.31836    
   63.5000000       4272.70605    
   63.7500000       4720.94385    
   64.0000000       5408.55713    
   64.2500000       6364.42920    
   64.5000000       7622.88232    
   64.7500000       9219.59863    
   65.0000000       11190.2578    
   65.2500000       13547.7861    
   65.5000000       16214.0869    
   65.7500000       19088.3047    
   66.0000000       22069.5820    
   66.2500000       25076.1426    
   66.5000000       28102.4961    
   66.7500000       31162.2324    
   67.0000000       34268.9336    
   67.2500000       37430.6562    
   67.5000000       40633.3672    
   67.7500000       43857.5000    
   68.0000000       47083.4844    
   68.2500000       50280.0039    
   68.5000000       53368.7188    
   68.7500000       56259.5430    
   69.0000000       58862.3828    
   69.2500000       61105.0156    
   69.5000000       62986.6992    
   69.7500000       64524.5469    
   70.0000000       65735.6797    
   70.2500000       66635.8828    
   70.5000000       67235.5234    
   70.7500000       67543.6250    
   71.0000000       67569.2344    
   71.2500000       67315.4453    
   71.5000000       66761.7422    
   71.7500000       65881.6562    
   72.0000000       64648.7617    
   72.2500000       63050.0898    
   72.5000000       61126.6758    
   72.7500000       58933.0547    
   73.0000000       56523.7578    
   73.2500000       53951.5234    
   73.5000000       51261.9453    
   73.7500000       48498.8125    
   74.0000000       45705.9336    
   74.2500000       42915.8320    
   74.5000000       40115.9414    
   74.7500000       37282.4219    
   75.0000000       34391.4336    
   75.2500000       31428.3066    
   75.5000000       28415.0527    
   75.7500000       25382.8457    
   76.0000000       22362.8574    
   76.2500000       19393.6152    
   76.5000000       16543.0215    
   76.7500000       13886.3281    
   77.0000000       11498.7822    
   77.2500000       9446.21777    
   77.5000000       7756.78906    
   77.7500000       6449.23242    
   78.0000000       5542.28223    
   78.2500000       5035.44189    
   78.5000000       4851.28174    
   78.7500000       4893.14062    
   79.0000000       5064.35742    
   79.2500000       5275.92236    
   79.5000000       5469.43701    
   79.7500000       5594.15527    
   80.0000000       5599.33203    
   80.2500000       5453.22510    
   80.5000000       5200.11133    
   80.7500000       4903.27002    
   81.0000000       4625.98242    
   81.2500000       4420.91309    
   81.5000000       4298.26465    
   81.7500000       4257.62549    
   82.0000000       4298.58252    
   82.2500000       4411.37695    
   82.5000000       4548.86768    
   82.7500000       4654.56543    
   83.0000000       4671.98242    
   83.2500000       4560.38281    
   83.5000000       4342.04053    
   83.7500000       4054.98145    
   84.0000000       3737.23242    
   84.2500000       3425.42188    
   84.5000000       3150.58984    
   84.7500000       2942.37891    
   85.0000000       2830.43213    
   85.2500000       2832.00513    
   85.5000000       2914.80640    
   85.7500000       3034.15820    
   86.0000000       3145.38232    
   86.2500000       3213.38281    
   86.5000000       3241.39355    
   86.7500000       3242.22974    
   87.0000000       3228.70728    
   87.2500000       3211.67969    
   87.5000000       3194.15088    
   87.7500000       3177.16260    
   88.0000000       3161.75732    
   88.2500000       3149.78857    
   88.5000000       3146.36206    
   88.7500000       3157.39575    
   89.0000000       3188.80713    
   89.2500000       3254.44702    
   89.5000000       3399.89404    
   89.7500000       3678.66016    
   90.0000000       4144.25732    
   90.2500000       4844.84521    
   90.5000000       5807.17920    
   90.7500000       7052.66504    
   91.0000000       8602.70703    
   91.2500000       10477.1650    
   91.5000000       12689.7217    
   91.7500000       15252.5146    
   92.0000000       18177.6816    
   92.2500000       21475.1855    
   92.5000000       25146.2773    
   92.7500000       29190.0332    
   93.0000000       33605.5312    
   93.2500000       38372.2461    
   93.5000000       43391.2617    
   93.7500000       48544.0547    
   94.0000000       53712.1094    
   94.2500000       58779.6797    
   94.5000000       63642.0898    
   94.7500000       68197.4453    
   95.0000000       72343.8516    
   95.2500000       76012.3750    
   95.5000000       79265.9297    
   95.7500000       82200.4062    
   96.0000000       84911.7109    
   96.2500000       87476.6953    
   96.5000000       89896.1641    
   96.7500000       92151.9062    
   97.0000000       94225.7109    
   97.2500000       96092.2500    
   97.5000000       97697.7891    
   97.7500000       98981.4609    
   98.0000000       99882.4297    
   98.2500000       100358.047    
   98.5000000       100438.516    
   98.7500000       100172.242    
   99.0000000       99607.6484    
   99.2500000       98786.6797    
   99.5000000       97725.5000    
   99.7500000       96433.7734    
   100.000000       94921.2266    
   100.250000       93196.4844    
   100.500000       91264.1016    
   100.750000       89127.5469    
   101.000000       86790.3203    
   101.250000       84251.6953    
   101.500000       81494.0469    
   101.750000       78495.5625    
   102.000000       75234.4297    
   102.250000       71699.2422    
   102.500000       67920.3828    
   102.750000       63938.6641    
   103.000000       59794.8867    
   103.250000       55538.9766    
   103.500000       51257.2578    
   103.750000       47045.1641    
   104.000000       42998.1328    
   104.250000       39192.1875    
   104.500000       35625.7500    
   104.750000       32277.8262    
   105.000000       29127.4316    
   105.250000       26156.5039    
   105.500000       23358.6562    
   105.750000       20730.4336    
   106.000000       18268.3809    
   106.250000       15979.6631    
   106.500000       13913.9600    
   106.750000       12131.5801    
   107.000000       10692.8330    
   107.250000       9634.98828    
   107.500000       8903.17480    
   107.750000       8419.48438    
   108.000000       8106.00732    
   108.250000       7892.38965    
   108.500000       7738.48340    
   108.750000       7611.69531    
   109.000000       7479.43213    
   109.250000       7316.11768    
   109.500000       7124.25146    
   109.750000       6913.35059    

 "IV theory
   48.2500000       36210.8984    
   48.5000000       34823.8008    
   48.7500000       33470.8242    
   49.0000000       32170.0488    
   49.2500000       30939.4922    
   49.5000000       29796.9258    
   49.7500000       28760.0645    
   50.0000000       27846.6172    
   50.2500000       27072.6816    
   50.5000000       26447.9023    
   50.7500000       25980.3164    
   51.0000000       25677.9531    
   51.2500000       25545.8984    
   51.5000000       25577.4395    
   51.7500000       25762.9180    
   52.0000000       26092.6680    
   52.2500000       26555.6816    
   52.5000000       27135.5508    
   52.7500000       27814.5215    
   53.0000000       28574.8457    
   53.2500000       29398.8164    
   53.5000000       30268.9434    
   53.7500000       31167.7852    
   54.0000000       32077.9023    
   54.2500000       32982.3516    
   54.5000000       33866.1680    
   54.7500000       34714.8984    
   55.0000000       35514.0703    
   55.2500000       36250.1602    
   55.5000000       36913.3477    
   55.7500000       37494.7656    
   56.0000000       37985.5273    
   56.2500000       38377.1641    
   56.5000000       38662.8555    
   56.7500000       38836.1680    
   57.0000000       38890.6992    
   57.2500000       38820.0508    
   57.5000000       38617.9531    
   57.7500000       38278.1680    
   58.0000000       37794.4570    
   58.2500000       37162.0156    
   58.5000000       36381.7695    
   58.7500000       35456.1055    
   59.0000000       34387.3789    
   59.2500000       33180.5742    
   59.5000000       31851.0879    
   59.7500000       30416.9316    
   60.0000000       28896.1055    
   60.2500000       27307.8223    
   60.5000000       25676.1094    
   60.7500000       24026.1934    
   61.0000000       22383.3027    
   61.2500000       20772.5879    
   61.5000000       19218.8672    
   61.7500000       17746.8672    
   62.0000000       16381.3291    
   62.2500000       15145.2891    
   62.5000000       14054.9980    
   62.7500000       13125.0117    
   63.0000000       12369.8828    
   63.2500000       11801.0557    
   63.5000000       11417.5186    
   63.7500000       11215.1465    
   64.0000000       11189.8164    
   64.2500000       11335.9854    
   64.5000000       11642.4365    
   64.7500000       12096.5352    
   65.0000000       12685.6455    
   65.2500000       13397.1719    
   65.5000000       14218.6826    
   65.7500000       15137.7881    
   66.0000000       16142.0938    
   66.2500000       17219.2422    
   66.5000000       18356.9980    
   66.7500000       19543.1602    
   67.0000000       20765.5215    
   67.2500000       22011.9668    
   67.5000000       23270.7012    
   67.7500000       24530.0137    
   68.0000000       25778.1992    
   68.2500000       27003.5703    
   68.5000000       28194.5625    
   68.7500000       29339.6270    
   69.0000000       30427.2246    
   69.2500000       31445.8398    
   69.5000000       32384.0469    
   69.7500000       33230.4531    
   70.0000000       33973.6562    
   70.2500000       34603.1133    
   70.5000000       35111.7031    
   70.7500000       35493.1562    
   71.0000000       35741.2031    
   71.2500000       35851.1406    
   71.5000000       35824.4883    
   71.7500000       35664.3477    
   72.0000000       35373.7969    
   72.2500000       34956.6406    
   72.5000000       34419.5234    
   72.7500000       33769.7852    
   73.0000000       33014.7852    
   73.2500000       32161.8516    
   73.5000000       31218.2598    
   73.7500000       30191.2656    
   74.0000000       29088.1191    
   74.2500000       27916.2305    
   74.5000000       26683.6074    
   74.7500000       25398.4062    
   75.0000000       24068.7852    
   75.2500000       22703.1621    
   75.5000000       21310.9941    
   75.7500000       19902.0039    
   76.0000000       18485.9121    
   76.2500000       17072.5605    
   76.5000000       15672.3125    
   76.7500000       14295.6494    
   77.0000000       12953.0537    
   77.2500000       11654.9834    
   77.5000000       10411.7773    
   77.7500000       9233.74707    
   78.0000000       8131.20410    
   78.2500000       7113.58252    
   78.5000000       6186.81494    
   78.7500000       5355.95410    
   79.0000000       4626.05713    
   79.2500000       4000.57861    
   79.5000000       3476.58032    
   79.7500000       3049.52368    
   80.0000000       2714.87158    
   80.2500000       2467.35352    
   80.5000000       2298.76978    
   80.7500000       2200.18799    
   81.0000000       2162.67603    
   81.2500000       2177.33325    
   81.5000000       2235.38574    
   81.7500000       2328.09106    
   82.0000000       2446.70654    
   82.2500000       2582.87378    
   82.5000000       2729.76831    
   82.7500000       2880.94873    
   83.0000000       3029.97437    
   83.2500000       3171.11768    
   83.5000000       3301.50146    
   83.7500000       3418.96216    
   84.0000000       3521.33545    
   84.2500000       3606.77734    
   84.5000000       3674.71826    
   84.7500000       3724.90991    
   85.0000000       3757.10205    
   85.2500000       3771.05298    
   85.5000000       3766.55347    
   85.7500000       3743.40112    
   86.0000000       3701.39453    
   86.2500000       3640.92236    
   86.5000000       3564.73682    
   86.7500000       3476.18140    
   87.0000000       3378.59863    
   87.2500000       3276.40137    
   87.5000000       3178.27856    
   87.7500000       3093.98804    
   88.0000000       3033.28857    
   88.2500000       3006.43604    
   88.5000000       3025.67896    
   88.7500000       3103.76465    
   89.0000000       3253.43872    
   89.2500000       3487.40161    
   89.5000000       3818.16431    
   89.7500000       4258.19043    
   90.0000000       4819.94385    
   90.2500000       5514.73682    
   90.5000000       6349.26758    
   90.7500000       7329.08643    
   91.0000000       8459.73926    
   91.2500000       9744.66602    
   91.5000000       11178.8594    
   91.7500000       12755.2119    
   92.0000000       14466.6064    
   92.2500000       16304.9697    
   92.5000000       18258.3789    
   92.7500000       20313.9473    
   93.0000000       22458.7871    
   93.2500000       24680.0449    
   93.5000000       26964.9707    
   93.7500000       29300.8535    
   94.0000000       31674.9727    
   94.2500000       34074.6523    
   94.5000000       36487.3750    
   94.7500000       38900.6680    
   95.0000000       41302.0430    
   95.2500000       43679.1172    
   95.5000000       46019.8711    
   95.7500000       48312.3672    
   96.0000000       50544.6758    
   96.2500000       52704.8945    
   96.5000000       54781.2422    
   96.7500000       56761.9688    
   97.0000000       58635.3164    
   97.2500000       60389.5781    
   97.5000000       62013.1406    
   97.7500000       63494.4609    
   98.0000000       64822.0000    
   98.2500000       65985.3359    
   98.5000000       66978.7188    
   98.7500000       67797.5391    
   99.0000000       68437.1719    
   99.2500000       68895.1328    
   99.5000000       69177.3828    
   99.7500000       69291.9453    
   100.000000       69246.9219    
   100.250000       69051.3047    
   100.500000       68718.0000    
   100.750000       68260.8672    
   101.000000       67693.7500    
   101.250000       67030.4531    
   101.500000       66284.6641    
   101.750000       65470.0078    
   102.000000       64600.1133    
   102.250000       63688.2656    
   102.500000       62746.3359    
   102.750000       61785.8359    
   103.000000       60818.3008    
   103.250000       59854.5898    
   103.500000       58902.9219    
   103.750000       57970.8828    
   104.000000       57066.0430    
   104.250000       56195.6758    
   104.500000       55365.8945    
   104.750000       54582.5039    
   105.000000       53851.3164    
   105.250000       53178.1367    
   105.500000       52568.7188    
   105.750000       52028.8281    
   106.000000       51564.1992    
   106.250000       51179.9570    
   106.500000       50878.6719    
   106.750000       50662.2695    
   107.000000       50532.6992    
   107.250000       50490.7266    
   107.500000       50532.5195    
   107.750000       50653.0742    
   108.000000       50847.3984    
   108.250000       51109.9609    
   108.500000       51433.1328    
   108.750000       51808.7344    
   109.000000       52228.5938    
   109.250000       52684.5742    
   109.500000       53168.5898    
   109.750000       53672.5977    

