TitleText: Ni(001)-(5x5)-Li     Beam (1,2/5)              Rfac10=0.0765
 "IV exp
   63.2500000       188.820374    
   63.5000000       185.525635    
   63.7500000       182.523880    
   64.0000000       179.961609    
   64.2500000       177.963821    
   64.5000000       176.569534    
   64.7500000       175.796295    
   65.0000000       175.661606    
   65.2500000       176.183044    
   65.5000000       177.378342    
   65.7500000       179.265259    
   66.0000000       181.861603    
   66.2500000       185.186127    
   66.5000000       189.261734    
   66.7500000       194.112289    
   67.0000000       199.761612    
   67.2500000       206.219772    
   67.5000000       213.441223    
   67.7500000       221.366608    
   68.0000000       229.936600    
   68.2500000       239.066162    
   68.5000000       248.568008    
   68.7500000       258.229126    
   69.0000000       267.836609    
   69.2500000       277.205444    
   69.5000000       286.262634    
   69.7500000       294.963013    
   70.0000000       303.261597    
   70.2500000       311.109802    
   70.5000000       318.444946    
   70.7500000       325.200928    
   71.0000000       331.311646    
   71.2500000       336.686401    
   71.5000000       341.136658    
   71.7500000       344.449402    
   72.0000000       346.411621    
   72.2500000       346.845642    
   72.5000000       345.715637    
   72.7500000       343.021118    
   73.0000000       338.761597    
   73.2500000       332.975586    
   73.5000000       325.857849    
   73.7500000       317.641907    
   74.0000000       308.561584    
   74.2500000       298.845764    
   74.5000000       288.703918    
   74.7500000       278.340942    
   75.0000000       267.961609    
   75.2500000       257.737976    
   75.5000000       247.711685    
   75.7500000       237.891586    
   76.0000000       228.286606    
   76.2500000       218.943756    
   76.5000000       210.062653    
   76.7500000       201.881042    
   77.0000000       194.636597    
   77.2500000       188.554214    
   77.5000000       183.807251    
   77.7500000       180.556229    
   78.0000000       178.961609    
   78.2500000       179.128525    
   78.5000000       180.940430    
   78.7500000       184.225418    
   79.0000000       188.811600    
   79.2500000       194.543533    
   79.5000000       201.331940    
   79.7500000       209.103897    
   80.0000000       217.786621    
   80.2500000       227.301682    
   80.5000000       237.548416    
   80.7500000       248.420456    
   81.0000000       259.811584    
   81.2500000       271.601379    
   81.5000000       283.612915    
   81.7500000       295.654968    
   82.0000000       307.536621    
   82.2500000       319.056152    
   82.5000000       329.969727    
   82.7500000       340.023010    
   83.0000000       348.961609    
   83.2500000       356.573792    
   83.5000000       362.818481    
   83.7500000       367.697266    
   84.0000000       371.211609    
   84.2500000       373.390869    
   84.5000000       374.375854    
   84.7500000       374.334900    
   85.0000000       373.436584    
   85.2500000       371.832947    
   85.5000000       369.610168    
   85.7500000       366.838074    
   86.0000000       363.586609    
   86.2500000       359.921204    
   86.5000000       355.890625    
   86.7500000       351.539246    
   87.0000000       346.911621    
   87.2500000       342.033875    
   87.5000000       336.859558    
   87.7500000       331.323730    
   88.0000000       325.361633    
   88.2500000       318.928833    
   88.5000000       312.062744    
   88.7500000       304.821045    
   89.0000000       297.261597    
   89.2500000       289.447449    
   89.5000000       281.462402    
   89.7500000       273.395752    
   90.0000000       265.336609    
   90.2500000       257.375427    
   90.5000000       249.607361    
   90.7500000       242.128937    
   91.0000000       235.036606    
   91.2500000       228.397964    
   91.5000000       222.165298    
   91.7500000       216.262024    
   92.0000000       210.611603    
   92.2500000       205.144943    
   92.5000000       199.822952    
   92.7500000       194.614044    
   93.0000000       189.486603    
   93.2500000       184.472336    
   93.5000000       179.856232    
   93.7500000       175.986572    
   94.0000000       173.211609    
   94.2500000       171.761490    
   94.5000000       171.393600    
   94.7500000       171.747238    

 "IV theory
   63.2500000       106.076973    
   63.5000000       100.815430    
   63.7500000       95.9377899    
   64.0000000       91.5335388    
   64.2500000       87.6938934    
   64.5000000       84.5171280    
   64.7500000       82.1032257    
   65.0000000       80.5521774    
   65.2500000       79.9635315    
   65.5000000       80.4348679    
   65.7500000       82.0633163    
   66.0000000       84.9460068    
   66.2500000       89.1649094    
   66.5000000       94.7417297    
   66.7500000       101.682991    
   67.0000000       109.995262    
   67.2500000       119.657562    
   67.5000000       130.538895    
   67.7500000       142.480743    
   68.0000000       155.324585    
   68.2500000       168.899231    
   68.5000000       182.982788    
   68.7500000       197.340668    
   69.0000000       211.738312    
   69.2500000       225.941910    
   69.5000000       239.720840    
   69.7500000       252.845230    
   70.0000000       265.085205    
   70.2500000       276.225800    
   70.5000000       286.111725    
   70.7500000       294.602631    
   71.0000000       301.557983    
   71.2500000       306.864929    
   71.5000000       310.520081    
   71.7500000       312.547516    
   72.0000000       312.971222    
   72.2500000       311.827759    
   72.5000000       309.203430    
   72.7500000       305.196930    
   73.0000000       299.906952    
   73.2500000       293.431976    
   73.5000000       285.869781    
   73.7500000       277.317780    
   74.0000000       267.873474    
   74.2500000       257.639252    
   74.5000000       246.737579    
   74.7500000       235.295868    
   75.0000000       223.441513    
   75.2500000       211.310745    
   75.5000000       199.075165    
   75.7500000       186.915207    
   76.0000000       175.011261    
   76.2500000       163.548004    
   76.5000000       152.727142    
   76.7500000       142.754532    
   77.0000000       133.836090    
   77.2500000       126.176949    
   77.5000000       119.979095    
   77.7500000       115.443703    
   78.0000000       112.771973    
   78.2500000       112.141830    
   78.5000000       113.638245    
   78.7500000       117.322876    
   79.0000000       123.257401    
   79.2500000       131.461075    
   79.5000000       141.783463    
   79.7500000       154.031662    
   80.0000000       168.012817    
   80.2500000       183.514557    
   80.5000000       200.246567    
   80.7500000       217.899033    
   81.0000000       236.162216    
   81.2500000       254.727249    
   81.5000000       273.289459    
   81.7500000       291.545197    
   82.0000000       309.190613    
   82.2500000       325.938538    
   82.5000000       341.566833    
   82.7500000       355.870056    
   83.0000000       368.642609    
   83.2500000       379.709015    
   83.5000000       389.014374    
   83.7500000       396.533966    
   84.0000000       402.242981    
   84.2500000       406.130463    
   84.5000000       408.239990    
   84.7500000       408.629059    
   85.0000000       407.354889    
   85.2500000       404.474609    
   85.5000000       400.044281    
   85.7500000       394.119812    
   86.0000000       386.756927    
   86.2500000       378.015839    
   86.5000000       367.974091    
   86.7500000       356.713715    
   87.0000000       344.316559    
   87.2500000       330.872375    
   87.5000000       316.501587    
   87.7500000       301.332489    
   88.0000000       285.493317    
   88.2500000       269.115814    
   88.5000000       252.346252    
   88.7500000       235.334320    
   89.0000000       218.229828    
   89.2500000       201.182236    
   89.5000000       184.339966    
   89.7500000       167.851135    
   90.0000000       151.863892    
   90.2500000       136.520477    
   90.5000000       121.939651    
   90.7500000       108.234306    
   91.0000000       95.5173187    
   91.2500000       83.8908005    
   91.5000000       73.4136581    
   91.7500000       64.1340561    
   92.0000000       56.1001167    
   92.2500000       49.3551254    
   92.5000000       43.9229164    
   92.7500000       39.8224602    
   93.0000000       37.0727386    
   93.2500000       35.6926651    
   93.5000000       35.7009773    
   93.7500000       37.1163445    
   94.0000000       39.9574585    
   94.2500000       44.2365646    
   94.5000000       49.9402199    
   94.7500000       57.0485497    

