TitleText: Ni(001)-(5x5)-Li     Beam (1/5,0)              Rfac10=0.4523
 "IV exp
   21.2500000       458.410858    
   21.5000000       464.143372    
   21.7500000       473.599213    
   22.0000000       488.640015    
   22.2500000       511.345825    
   22.5000000       544.670471    
   22.7500000       591.786133    
   23.0000000       655.864990    
   23.2500000       740.082092    
   23.5000000       847.624023    
   23.7500000       981.680237    
   24.0000000       1145.43994    
   24.2500000       1341.50159    
   24.5000000       1570.09839    
   24.7500000       1830.87207    
   25.0000000       2123.46484    
   25.2500000       2446.10498    
   25.5000000       2791.36621    
   25.7500000       3150.40796    
   26.0000000       3514.38989    
   26.2500000       3873.74243    
   26.5000000       4215.97656    
   26.7500000       4527.87402    
   27.0000000       4796.21533    
   27.2500000       5010.23242    
   27.5000000       5168.95508    
   27.7500000       5273.86426    
   28.0000000       5326.43994    
   28.2500000       5329.49121    
   28.5000000       5291.14014    
   28.7500000       5220.83984    
   29.0000000       5128.04004    
   29.2500000       5021.03613    
   29.5000000       4903.49756    
   29.7500000       4777.93652    
   30.0000000       4646.86523    
   30.2500000       4512.55664    
   30.5000000       4376.32471    
   30.7500000       4239.24463    
   31.0000000       4102.39014    
   31.2500000       3967.10010    
   31.5000000       3835.77124    
   31.7500000       3711.06421    
   32.0000000       3595.63989    
   32.2500000       3491.90015    
   32.5000000       3401.21143    
   32.7500000       3324.68042    
   33.0000000       3263.41504    
   33.2500000       3217.25854    
   33.5000000       3181.00146    
   33.7500000       3148.16968    
   34.0000000       3112.28979    
   34.2500000       3066.94824    
   34.5000000       3005.97192    
   34.7500000       2923.24854    
   35.0000000       2812.66479    
   35.2500000       2670.35571    
   35.5000000       2501.44604    
   35.7500000       2313.30835    
   36.0000000       2113.31494    
   36.2500000       1908.99158    
   36.5000000       1708.47400    
   36.7500000       1520.05212    
   37.0000000       1352.01501    
   37.2500000       1210.85889    
   37.5000000       1095.90723    
   37.7500000       1004.69080    
   38.0000000       934.739990    
   38.2500000       883.302246    
   38.5000000       846.493103    
   38.7500000       820.144897    
   39.0000000       800.090027    
   39.2500000       782.691345    
   39.5000000       766.432373    
   39.7500000       750.327271    
   40.0000000       733.390015    
   40.2500000       714.812439    
   40.5000000       694.498657    
   40.7500000       672.530518    
   41.0000000       648.989990    
   41.2500000       624.033997    
   41.5000000       598.119202    
   41.7500000       571.777344    
   42.0000000       545.539978    
   42.2500000       519.892700    
   42.5000000       495.136292    
   42.7500000       471.525513    
   43.0000000       449.315002    
   43.2500000       428.648132    
   43.5000000       409.222473    
   43.7500000       390.624390    

 "IV theory
   21.2500000       2771.94629    
   21.5000000       2909.43018    
   21.7500000       3047.87109    
   22.0000000       3186.81812    
   22.2500000       3325.81372    
   22.5000000       3464.37451    
   22.7500000       3602.01050    
   23.0000000       3738.23193    
   23.2500000       3872.53809    
   23.5000000       4004.38281    
   23.7500000       4133.21045    
   24.0000000       4258.46484    
   24.2500000       4379.58350    
   24.5000000       4495.98340    
   24.7500000       4607.07568    
   25.0000000       4712.27148    
   25.2500000       4810.98340    
   25.5000000       4902.62744    
   25.7500000       4986.62256    
   26.0000000       5062.38525    
   26.2500000       5129.36816    
   26.5000000       5187.15576    
   26.7500000       5235.36475    
   27.0000000       5273.61523    
   27.2500000       5301.58545    
   27.5000000       5319.19873    
   27.7500000       5326.43994    
   28.0000000       5323.29248    
   28.2500000       5309.76953    
   28.5000000       5285.99219    
   28.7500000       5252.11084    
   29.0000000       5208.27295    
   29.2500000       5154.62988    
   29.5000000       5091.33203    
   29.7500000       5018.53320    
   30.0000000       4936.38477    
   30.2500000       4845.08350    
   30.5000000       4745.00439    
   30.7500000       4636.56836    
   31.0000000       4520.19287    
   31.2500000       4396.37939    
   31.5000000       4265.95068    
   31.7500000       4129.80859    
   32.0000000       3988.85767    
   32.2500000       3844.03809    
   32.5000000       3696.43994    
   32.7500000       3547.19019    
   33.0000000       3397.41699    
   33.2500000       3248.24463    
   33.5000000       3100.78564    
   33.7500000       2956.15063    
   34.0000000       2815.44971    
   34.2500000       2679.72852    
   34.5000000       2549.77783    
   34.7500000       2426.32397    
   35.0000000       2310.09277    
   35.2500000       2201.69336    
   35.5000000       2101.26611    
   35.7500000       2008.83398    
   36.0000000       1924.41956    
   36.2500000       1847.99255    
   36.5000000       1779.30847    
   36.7500000       1718.06970    
   37.0000000       1663.97815    
   37.2500000       1616.73779    
   37.5000000       1576.05872    
   37.7500000       1541.65247    
   38.0000000       1513.23083    
   38.2500000       1490.50818    
   38.5000000       1473.21021    
   38.7500000       1461.06543    
   39.0000000       1453.80249    
   39.2500000       1451.15576    
   39.5000000       1452.88354    
   39.7500000       1458.74988    
   40.0000000       1468.51941    
   40.2500000       1481.95886    
   40.5000000       1498.84558    
   40.7500000       1518.95996    
   41.0000000       1542.08240    
   41.2500000       1567.99292    
   41.5000000       1596.47083    
   41.7500000       1627.29529    
   42.0000000       1660.24524    
   42.2500000       1695.09595    
   42.5000000       1731.60559    
   42.7500000       1769.52856    
   43.0000000       1808.61914    
   43.2500000       1848.62390    
   43.5000000       1889.25940    
   43.7500000       1930.23438    

