TitleText: Ni(001)-(5x5)-Li     Beam (2/5,0)              Rfac10=0.2031
 "IV exp
   21.2500000       235.972534    
   21.5000000       255.603912    
   21.7500000       277.235107    
   22.0000000       301.866028    
   22.2500000       330.247467    
   22.5000000       362.133698    
   22.7500000       397.029816    
   23.0000000       434.441040    
   23.2500000       474.231476    
   23.5000000       517.701355    
   23.7500000       566.509766    
   24.0000000       622.316040    
   24.2500000       686.416626    
   24.5000000       758.657288    
   24.7500000       838.521057    
   25.0000000       925.490967    
   25.2500000       1018.51849    
   25.5000000       1114.42822    
   25.7500000       1209.51306    
   26.0000000       1300.06604    
   26.2500000       1383.18909    
   26.5000000       1459.21997    
   26.7500000       1529.30505    
   27.0000000       1594.59106    
   27.2500000       1656.51611    
   27.5000000       1717.68518    
   27.7500000       1780.99463    
   28.0000000       1849.34106    
   28.2500000       1924.28979    
   28.5000000       2002.08252    
   28.7500000       2077.62939    
   29.0000000       2145.84106    
   29.2500000       2201.75732    
   29.5000000       2240.93433    
   29.7500000       2259.05859    
   30.0000000       2251.81592    
   30.2500000       2216.22412    
   30.5000000       2154.62939    
   30.7500000       2070.70898    
   31.0000000       1968.14111    
   31.2500000       1850.89478    
   31.5000000       1724.10388    
   31.7500000       1593.19421    
   32.0000000       1463.59106    
   32.2500000       1340.23340    
   32.5000000       1226.11401    
   32.7500000       1123.73950    
   33.0000000       1035.61609    
   33.2500000       963.473633    
   33.5000000       905.936279    
   33.7500000       860.851257    
   34.0000000       826.066040    
   34.2500000       799.383057    
   34.5000000       778.424561    
   34.7500000       760.768127    
   35.0000000       743.990967    
   35.2500000       726.144653    
   35.5000000       707.177063    
   35.7500000       687.510254    
   36.0000000       667.565979    
   36.2500000       647.827087    
   36.5000000       629.019104    
   36.7500000       611.928284    
   37.0000000       597.341003    
   37.2500000       585.780396    
   37.5000000       576.717468    
   37.7500000       569.360046    
   38.0000000       562.916016    
   38.2500000       556.646606    
   38.5000000       550.026001    
   38.7500000       542.581604    
   39.0000000       533.841064    
   39.2500000       523.432495    
   39.5000000       511.387390    
   39.7500000       497.837860    
   40.0000000       482.916046    
   40.2500000       466.690369    
   40.5000000       448.973907    
   40.7500000       429.516022    
   41.0000000       408.066071    
   41.2500000       384.507477    
   41.5000000       359.260193    
   41.7500000       332.878357    
   42.0000000       305.916046    
   42.2500000       278.932007    
   42.5000000       252.503510    
   42.7500000       227.212555    
   43.0000000       203.641052    
   43.2500000       182.350693    
   43.5000000       163.822052    
   43.7500000       148.515411    
   44.0000000       136.891037    
   44.2500000       129.321655    
   44.5000000       125.829536    
   44.7500000       126.349426    
   45.0000000       130.816040    
   45.2500000       139.227722    
   45.5000000       151.837280    
   45.7500000       168.961243    
   46.0000000       190.916046    
   46.2500000       217.984833    
   46.5000000       250.317535    
   46.7500000       288.030731    
   47.0000000       331.241028    
   47.2500000       379.772522    
   47.5000000       432.279419    
   47.7500000       487.123352    
   48.0000000       542.666016    
   48.2500000       597.406006    
   48.5000000       650.389099    
   48.7500000       700.798279    
   49.0000000       747.815979    
   49.2500000       790.728088    
   49.5000000       829.231873    
   49.7500000       863.127686    
   50.0000000       892.216003    
   50.2500000       916.355469    
   50.5000000       935.638794    
   50.7500000       950.216919    
   51.0000000       960.240967    
   51.2500000       965.901428    
   51.5000000       967.546509    
   51.7500000       965.563782    
   52.0000000       960.341003    
   52.2500000       952.247925    
   52.5000000       941.583679    
   52.7500000       928.629272    
   53.0000000       913.666016    
   53.2500000       897.010986    
   53.5000000       879.124329    
   53.7500000       860.502258    
   54.0000000       841.640991    
   54.2500000       822.977722    
   54.5000000       804.715027    
   54.7500000       786.996582    
   55.0000000       769.966064    
   55.2500000       753.727600    
   55.5000000       738.227234    
   55.7500000       723.371277    
   56.0000000       709.065979    
   56.2500000       695.186768    
   56.5000000       681.484619    
   56.7500000       667.679382    
   57.0000000       653.491028    
   57.2500000       638.699829    
   57.5000000       623.327271    
   57.7500000       607.455383    
   58.0000000       591.166016    
   58.2500000       574.528931    
   58.5000000       557.564941    
   58.7500000       540.282715    
   59.0000000       522.691040    
   59.2500000       504.797150    
   59.5000000       486.602966    
   59.7500000       468.109070    
   60.0000000       449.316040    
   60.2500000       430.278717    
   60.5000000       411.269409    
   60.7500000       392.614685    
   61.0000000       374.641052    
   61.2500000       357.615417    
   61.5000000       341.565613    
   61.7500000       326.459778    
   62.0000000       312.266052    
   62.2500000       298.940674    
   62.5000000       286.392517    
   62.7500000       274.518616    
   63.0000000       263.216034    
   63.2500000       252.451813    
   63.5000000       242.473114    
   63.7500000       233.597137    
   64.0000000       226.141037    
   64.2500000       220.351028    
   64.5000000       216.189362    
   64.7500000       213.547272    
   65.0000000       212.316040    
   65.2500000       212.343384    
   65.5000000       213.303131    
   65.7500000       214.825577    
   66.0000000       216.541046    
   66.2500000       218.174774    
   66.5000000       219.831833    
   66.7500000       221.712250    
   67.0000000       224.016052    
   67.2500000       226.940125    
   67.5000000       230.668915    
   67.7500000       235.383789    
   68.0000000       241.266052    
   68.2500000       248.446991    
   68.5000000       256.857544    
   68.7500000       266.378601    
   69.0000000       276.891052    
   69.2500000       288.367065    
   69.5000000       301.144073    
   69.7500000       315.650848    
   70.0000000       332.316040    
   70.2500000       351.549408    
   70.5000000       373.684296    
   70.7500000       399.035065    
   71.0000000       427.916046    
   71.2500000       460.490204    
   71.5000000       496.315002    
   71.7500000       534.796570    
   72.0000000       575.341003    
   72.2500000       617.380127    
   72.5000000       660.448792    
   72.7500000       704.107239    
   73.0000000       747.916016    
   73.2500000       791.448853    
   73.5000000       834.332886    
   73.7500000       876.208496    
   74.0000000       916.716064    
   74.2500000       955.522095    
   74.5000000       992.397156    
   74.7500000       1027.13794    
   75.0000000       1059.54102    
   75.2500000       1089.43921    
   75.5000000       1116.80920    
   75.7500000       1141.66382    
   76.0000000       1164.01599    
   76.2500000       1183.75195    
   76.5000000       1200.25281    
   76.7500000       1212.77271    
   77.0000000       1220.56592    
   77.2500000       1222.96216    
   77.5000000       1219.59106    
   77.7500000       1210.15735    
   78.0000000       1194.36609    
   78.2500000       1172.08435    
   78.5000000       1143.82910    
   78.7500000       1110.27991    
   79.0000000       1072.11609    
   79.2500000       1029.99170    
   79.5000000       984.457886    
   79.7500000       936.040710    
   80.0000000       885.265991    
   80.2500000       832.667358    
   80.5000000       778.810547    
   80.7500000       724.268982    
   81.0000000       669.616028    
   81.2500000       615.408325    
   81.5000000       562.133545    
   81.7500000       510.262543    
   82.0000000       460.266052    
   82.2500000       412.665222    
   82.5000000       368.182800    
   82.7500000       327.592041    
   83.0000000       291.666046    
   83.2500000       261.152893    
   83.5000000       236.700195    
   83.7500000       218.930420    
   84.0000000       208.466034    
   84.2500000       205.926483    
   84.5000000       211.918900    
   84.7500000       227.047394    
   85.0000000       251.916046    
   85.2500000       287.033478    
   85.5000000       332.526672    
   85.7500000       388.427063    
   86.0000000       454.766052    
   86.2500000       531.424438    
   86.5000000       617.679993    
   86.7500000       712.659912    
   87.0000000       815.491028    
   87.2500000       925.399353    
   87.5000000       1042.00574    
   87.7500000       1165.02979    
   88.0000000       1294.19092    
   88.2500000       1429.08972    
   88.5000000       1568.84912    
   88.7500000       1712.47339    
   89.0000000       1858.96594    
   89.2500000       2007.20776    
   89.5000000       2155.58667    
   89.7500000       2302.36792    
   90.0000000       2445.81592    
   90.2500000       2584.52930    
   90.5000000       2718.44043    
   90.7500000       2847.81421    
   91.0000000       2972.91602    
   91.2500000       3094.05713    
   91.5000000       3211.72900    
   91.7500000       3326.46948    
   92.0000000       3438.81592    
   92.2500000       3549.04395    
   92.5000000       3656.38599    
   92.7500000       3759.81152    
   93.0000000       3858.29102    
   93.2500000       3950.91382    
   93.5000000       4037.24487    
   93.7500000       4116.96777    
   94.0000000       4189.76611    
   94.2500000       4255.33789    
   94.5000000       4313.44189    
   94.7500000       4363.85205    
   95.0000000       4406.34082    
   95.2500000       4440.75391    
   95.5000000       4467.22266    
   95.7500000       4485.95068    
   96.0000000       4497.14111    
   96.2500000       4501.03564    
   96.5000000       4498.02441    
   96.7500000       4488.53369    
   97.0000000       4472.99121    
   97.2500000       4451.66309    
   97.5000000       4424.16943    
   97.7500000       4389.96729    
   98.0000000       4348.51611    
   98.2500000       4299.39746    
   98.5000000       4242.68750    
   98.7500000       4178.58545    
   99.0000000       4107.29150    
   99.2500000       4029.27246    
   99.5000000       3946.06689    
   99.7500000       3859.47925    
   100.000000       3771.31592    
   100.250000       3683.20654    
   100.500000       3596.08252    
   100.750000       3510.70020    
   101.000000       3427.81616    
   101.250000       3347.96167    
   101.500000       3270.77051    
   101.750000       3195.65259    
   102.000000       3122.01611    
   102.250000       3049.34399    
   102.500000       2977.40991    
   102.750000       2906.06006    
   103.000000       2835.14111    
   103.250000       2764.54395    
   103.500000       2694.33643    
   103.750000       2624.63135    
   104.000000       2555.54102    
   104.250000       2487.20605    
   104.500000       2419.88110    
   104.750000       2353.84863    
   105.000000       2289.39111    
   105.250000       2226.76294    
   105.500000       2166.10449    
   105.750000       2107.52661    
   106.000000       2051.14111    
   106.250000       1997.05627    
   106.500000       1945.36682    
   106.750000       1896.16455    
   107.000000       1849.54102    
   107.250000       1805.66589    
   107.500000       1765.02148    
   107.750000       1728.16809    
   108.000000       1695.66602    
   108.250000       1668.01697    
   108.500000       1645.48718    
   108.750000       1628.28430    
   109.000000       1616.61597    
   109.250000       1610.38074    
   109.500000       1608.24146    
   109.750000       1608.55200    
   110.000000       1609.66602    
   110.250000       1610.24695    
   110.500000       1610.19604    
   110.750000       1609.72388    

 "IV theory
   21.2500000       2390.74585    
   21.5000000       2471.48828    
   21.7500000       2552.44287    
   22.0000000       2633.61768    
   22.2500000       2715.00513    
   22.5000000       2796.53076    
   22.7500000       2878.10400    
   23.0000000       2959.63403    
   23.2500000       3041.00024    
   23.5000000       3121.96118    
   23.7500000       3202.24512    
   24.0000000       3281.58105    
   24.2500000       3359.68359    
   24.5000000       3436.21216    
   24.7500000       3510.81201    
   25.0000000       3583.12891    
   25.2500000       3652.80884    
   25.5000000       3719.50122    
   25.7500000       3782.85596    
   26.0000000       3842.52295    
   26.2500000       3898.16382    
   26.5000000       3949.48853    
   26.7500000       3996.21802    
   27.0000000       4038.07397    
   27.2500000       4074.79980    
   27.5000000       4106.22656    
   27.7500000       4132.20898    
   28.0000000       4152.60010    
   28.2500000       4167.26318    
   28.5000000       4176.10107    
   28.7500000       4179.02637    
   29.0000000       4175.95166    
   29.2500000       4166.78906    
   29.5000000       4151.45410    
   29.7500000       4129.86279    
   30.0000000       4101.92822    
   30.2500000       4067.59351    
   30.5000000       4026.90259    
   30.7500000       3979.92554    
   31.0000000       3926.73267    
   31.2500000       3867.44189    
   31.5000000       3802.35791    
   31.7500000       3731.83301    
   32.0000000       3656.21924    
   32.2500000       3575.89038    
   32.5000000       3491.30615    
   32.7500000       3402.94800    
   33.0000000       3311.29761    
   33.2500000       3216.83472    
   33.5000000       3120.03662    
   33.7500000       3021.37817    
   34.0000000       2921.33545    
   34.2500000       2820.37085    
   34.5000000       2718.89624    
   34.7500000       2617.30981    
   35.0000000       2516.01099    
   35.2500000       2415.37451    
   35.5000000       2315.68066    
   35.7500000       2217.18604    
   36.0000000       2120.14697    
   36.2500000       2024.80920    
   36.5000000       1931.37598    
   36.7500000       1840.04028    
   37.0000000       1750.99438    
   37.2500000       1664.43091    
   37.5000000       1580.54163    
   37.7500000       1499.51758    
   38.0000000       1421.55029    
   38.2500000       1346.81409    
   38.5000000       1275.41382    
   38.7500000       1207.43713    
   39.0000000       1142.97168    
   39.2500000       1082.07373    
   39.5000000       1024.67432    
   39.7500000       970.672791    
   40.0000000       919.968933    
   40.2500000       872.447815    
   40.5000000       827.936707    
   40.7500000       786.248657    
   41.0000000       747.196472    
   41.2500000       710.593994    
   41.5000000       676.258362    
   41.7500000       644.007629    
   42.0000000       613.659851    
   42.2500000       585.048645    
   42.5000000       558.070496    
   42.7500000       532.637695    
   43.0000000       508.662506    
   43.2500000       486.085724    
   43.5000000       464.963470    
   43.7500000       445.380463    
   44.0000000       427.421478    
   44.2500000       411.184631    
   44.5000000       396.821533    
   44.7500000       384.496948    
   45.0000000       374.375702    
   45.2500000       366.621521    
   45.5000000       361.393250    
   45.7500000       358.848572    
   46.0000000       359.145111    
   46.2500000       362.411469    
   46.5000000       368.660431    
   46.7500000       377.875580    
   47.0000000       390.040558    
   47.2500000       405.085968    
   47.5000000       422.730530    
   47.7500000       442.639862    
   48.0000000       464.479492    
   48.2500000       487.890778    
   48.5000000       512.417053    
   48.7500000       537.577271    
   49.0000000       562.890442    
   49.2500000       587.877197    
   49.5000000       612.064636    
   49.7500000       634.981628    
   50.0000000       656.156921    
   50.2500000       675.152710    
   50.5000000       691.664185    
   50.7500000       705.419861    
   51.0000000       716.148315    
   51.2500000       723.639160    
   51.5000000       727.926208    
   51.7500000       729.104614    
   52.0000000       727.269226    
   52.2500000       722.542969    
   52.5000000       715.160339    
   52.7500000       705.383423    
   53.0000000       693.474426    
   53.2500000       679.694763    
   53.5000000       664.301880    
   53.7500000       647.552429    
   54.0000000       629.702698    
   54.2500000       611.003357    
   54.5000000       591.680725    
   54.7500000       571.955261    
   55.0000000       552.047241    
   55.2500000       532.165649    
   55.5000000       512.473572    
   55.7500000       493.122406    
   56.0000000       474.263885    
   56.2500000       456.044464    
   56.5000000       438.590332    
   56.7500000       422.022797    
   57.0000000       406.462921    
   57.2500000       392.031677    
   57.5000000       378.848816    
   57.7500000       367.033936    
   58.0000000       356.706573    
   58.2500000       347.971680    
   58.5000000       340.876556    
   58.7500000       335.454010    
   59.0000000       331.736816    
   59.2500000       329.731415    
   59.5000000       329.339355    
   59.7500000       330.435822    
   60.0000000       332.896088    
   60.2500000       336.583252    
   60.5000000       341.312103    
   60.7500000       346.885376    
   61.0000000       353.105743    
   61.2500000       359.776581    
   61.5000000       366.704071    
   61.7500000       373.694916    
   62.0000000       380.555908    
   62.2500000       387.105713    
   62.5000000       393.210297    
   62.7500000       398.747498    
   63.0000000       403.595123    
   63.2500000       407.652863    
   63.5000000       410.907440    
   63.7500000       413.367584    
   64.0000000       415.041901    
   64.2500000       415.948883    
   64.5000000       416.146545    
   64.7500000       415.702881    
   65.0000000       414.685791    
   65.2500000       413.162994    
   65.5000000       411.201904    
   65.7500000       408.869598    
   66.0000000       406.233307    
   66.2500000       403.365540    
   66.5000000       400.360291    
   66.7500000       397.317017    
   67.0000000       394.335083    
   67.2500000       391.523438    
   67.5000000       389.029358    
   67.7500000       387.009766    
   68.0000000       385.621429    
   68.2500000       385.025787    
   68.5000000       385.402527    
   68.7500000       386.935822    
   69.0000000       389.809875    
   69.2500000       394.208160    
   69.5000000       400.311340    
   69.7500000       408.299408    
   70.0000000       418.352325    
   70.2500000       430.630035    
   70.5000000       445.212189    
   70.7500000       462.158569    
   71.0000000       481.528839    
   71.2500000       503.346039    
   71.5000000       527.486633    
   71.7500000       553.790588    
   72.0000000       582.097778    
   72.2500000       612.231323    
   72.5000000       643.947571    
   72.7500000       676.986206    
   73.0000000       711.086914    
   73.2500000       745.989685    
   73.5000000       781.436646    
   73.7500000       817.170349    
   74.0000000       852.933289    
   74.2500000       888.468323    
   74.5000000       923.519165    
   74.7500000       957.830200    
   75.0000000       991.145447    
   75.2500000       1023.21002    
   75.5000000       1053.77258    
   75.7500000       1082.58240    
   76.0000000       1109.38916    
   76.2500000       1133.94226    
   76.5000000       1155.99109    
   76.7500000       1175.28540    
   77.0000000       1191.57495    
   77.2500000       1204.61023    
   77.5000000       1214.14709    
   77.7500000       1219.94214    
   78.0000000       1221.75195    
   78.2500000       1219.37549    
   78.5000000       1212.77844    
   78.7500000       1201.96863    
   79.0000000       1186.95386    
   79.2500000       1167.81787    
   79.5000000       1144.94922    
   79.7500000       1118.81287    
   80.0000000       1089.87366    
   80.2500000       1058.63110    
   80.5000000       1025.72559    
   80.7500000       991.832214    
   81.0000000       957.625977    
   81.2500000       923.780029    
   81.5000000       890.959473    
   81.7500000       859.827209    
   82.0000000       831.046387    
   82.2500000       805.243896    
   82.5000000       782.902832    
   82.7500000       764.470093    
   83.0000000       750.392578    
   83.2500000       741.051086    
   83.5000000       736.561401    
   83.7500000       736.973022    
   84.0000000       742.335510    
   84.2500000       752.668396    
   84.5000000       767.870178    
   84.7500000       787.809814    
   85.0000000       812.355713    
   85.2500000       841.377441    
   85.5000000       874.747803    
   85.7500000       912.340149    
   86.0000000       954.028381    
   86.2500000       999.685364    
   86.5000000       1049.18237    
   86.7500000       1102.39001    
   87.0000000       1159.17920    
   87.2500000       1219.42041    
   87.5000000       1282.98169    
   87.7500000       1349.73157    
   88.0000000       1419.53784    
   88.2500000       1492.26868    
   88.5000000       1567.79126    
   88.7500000       1645.97351    
   89.0000000       1726.68274    
   89.2500000       1809.78589    
   89.5000000       1895.14795    
   89.7500000       1982.63379    
   90.0000000       2072.10791    
   90.2500000       2163.41870    
   90.5000000       2256.34790    
   90.7500000       2350.66162    
   91.0000000       2446.12476    
   91.2500000       2542.47388    
   91.5000000       2639.32373    
   91.7500000       2736.25977    
   92.0000000       2832.86768    
   92.2500000       2928.71875    
   92.5000000       3023.32935    
   92.7500000       3116.20068    
   93.0000000       3206.83521    
   93.2500000       3294.73535    
   93.5000000       3379.40942    
   93.7500000       3460.36548    
   94.0000000       3537.11182    
   94.2500000       3609.18164    
   94.5000000       3676.20483    
   94.7500000       3737.83521    
   95.0000000       3793.72705    
   95.2500000       3843.57935    
   95.5000000       3887.26929    
   95.7500000       3924.71777    
   96.0000000       3955.84692    
   96.2500000       3980.59839    
   96.5000000       3998.99414    
   96.7500000       4011.07690    
   97.0000000       4016.88867    
   97.2500000       4016.47192    
   97.5000000       4009.86914    
   97.7500000       3997.12329    
   98.0000000       3978.27661    
   98.2500000       3953.39404    
   98.5000000       3922.62671    
   98.7500000       3886.14795    
   99.0000000       3844.13062    
   99.2500000       3796.78760    
   99.5000000       3744.48804    
   99.7500000       3687.64111    
   100.000000       3626.65576    
   100.250000       3561.95874    
   100.500000       3494.04956    
   100.750000       3423.44653    
   101.000000       3350.66626    
   101.250000       3276.22607    
   101.500000       3200.63770    
   101.750000       3124.41260    
   102.000000       3048.06226    
   102.250000       2972.07715    
   102.500000       2896.86938    
   102.750000       2822.83032    
   103.000000       2750.35254    
   103.250000       2679.79077    
   103.500000       2611.35376    
   103.750000       2545.21362    
   104.000000       2481.54297    
   104.250000       2420.49731    
   104.500000       2362.16602    
   104.750000       2306.62183    
   105.000000       2253.93750    
   105.250000       2204.18652    
   105.500000       2157.44141    
   105.750000       2113.77710    
   106.000000       2073.26660    
   106.250000       2035.97424    
   106.500000       2001.92407    
   106.750000       1971.13013    
   107.000000       1943.60632    
   107.250000       1919.34924    
   107.500000       1898.28308    
   107.750000       1880.31482    
   108.000000       1865.35071    
   108.250000       1853.28943    
   108.500000       1843.99707    
   108.750000       1837.33130    
   109.000000       1833.14966    
   109.250000       1831.31055    
   109.500000       1831.67163    
   109.750000       1834.09094    
   110.000000       1838.42700    
   110.250000       1844.53088    
   110.500000       1852.22974    
   110.750000       1861.34302    

