TitleText: Ni(001)-(5x5)-Li     Beam (3/5,0)              Rfac10=0.1671
 "IV exp
   35.2500000       499.354889    
   35.5000000       481.596527    
   35.7500000       462.207642    
   36.0000000       440.372986    
   36.2500000       415.562805    
   36.5000000       388.389832    
   36.7500000       359.752136    
   37.0000000       330.547974    
   37.2500000       301.607422    
   37.5000000       273.488312    
   37.7500000       246.680237    
   38.0000000       221.672958    
   38.2500000       198.857346    
   38.5000000       178.229156    
   38.7500000       159.685364    
   39.0000000       143.122955    
   39.2500000       128.448624    
   39.5000000       115.607880    
   39.7500000       104.555916    
   40.0000000       95.2479553    
   40.2500000       87.6058121    
   40.5000000       81.4177094    
   40.7500000       76.4384842    
   41.0000000       72.4229584    
   41.2500000       69.1721115    
   41.5000000       66.6715164    
   41.7500000       64.9528961    
   42.0000000       64.0479584    
   42.2500000       63.9665260    
   42.5000000       64.6308289    
   42.7500000       65.9411926    
   43.0000000       67.7979584    
   43.2500000       70.1292114    
   43.5000000       72.9741516    
   43.7500000       76.3997421    
   44.0000000       80.4729614    
   44.2500000       85.2571106    
   44.5000000       90.8009415    
   44.7500000       97.1495285    
   45.0000000       104.347961    
   45.2500000       112.488678    
   45.5000000       121.853577    
   45.7500000       132.771912    
   46.0000000       145.572952    
   46.2500000       160.601318    
   46.5000000       178.263123    
   46.7500000       198.979843    
   47.0000000       223.172958    
   47.2500000       251.132858    
   47.5000000       282.625458    
   47.7500000       317.285553    
   48.0000000       354.747955    
   48.2500000       394.669861    
   48.5000000       436.797852    
   48.7500000       480.900879    
   49.0000000       526.747925    
   49.2500000       574.052002    
   49.5000000       622.302124    
   49.7500000       670.931396    
   50.0000000       719.372925    
   50.2500000       767.103088    
   50.5000000       813.771851    
   50.7500000       859.072327    
   51.0000000       902.697937    
   51.2500000       944.416199    
   51.5000000       984.291931    
   51.7500000       1022.46448    
   52.0000000       1059.07300    
   52.2500000       1094.22375    
   52.5000000       1127.89185    
   52.7500000       1160.01917    
   53.0000000       1190.54797    
   53.2500000       1219.39258    
   53.5000000       1246.35681    
   53.7500000       1271.21667    
   54.0000000       1293.74805    
   54.2500000       1313.67297    
   54.5000000       1330.49683    
   54.7500000       1343.67139    
   55.0000000       1352.64795    
   55.2500000       1356.84595    
   55.5000000       1355.55615    
   55.7500000       1348.03723    
   56.0000000       1333.54810    
   56.2500000       1311.51758    
   56.5000000       1282.05713    
   56.7500000       1245.44849    
   57.0000000       1201.97302    
   57.2500000       1152.15967    
   57.5000000       1097.52527    
   57.7500000       1039.83337    
   58.0000000       980.847961    
   58.2500000       922.205383    
   58.5000000       865.032959    
   58.7500000       810.330505    
   59.0000000       759.097961    
   59.2500000       712.201477    
   59.5000000       669.971436    
   59.7500000       632.604736    
   60.0000000       600.297974    
   60.2500000       573.164185    
   60.5000000       550.981628    
   60.7500000       533.444702    
   61.0000000       520.247925    
   61.2500000       511.018982    
   61.5000000       505.117950    
   61.7500000       501.838196    
   62.0000000       500.472961    
   62.2500000       500.392914    
   62.5000000       501.278015    
   62.7500000       502.885620    
   63.0000000       504.972961    
   63.2500000       507.311951    
   63.5000000       509.732697    
   63.7500000       512.079834    
   64.0000000       514.197937    
   64.2500000       515.937622    
   64.5000000       517.172729    
   64.7500000       517.782898    
   65.0000000       517.647949    
   65.2500000       516.650574    
   65.5000000       514.685974    
   65.7500000       511.652374    
   66.0000000       507.447968    
   66.2500000       501.956726    
   66.5000000       495.005463    
   66.7500000       486.406677    
   67.0000000       475.972961    
   67.2500000       463.544647    
   67.5000000       449.073730    
   67.7500000       432.539917    
   68.0000000       413.922974    
   68.2500000       393.284027    
   68.5000000       371.009338    
   68.7500000       347.566437    
   69.0000000       323.422974    
   69.2500000       299.048096    
   69.5000000       274.917450    
   69.7500000       251.508301    
   70.0000000       229.297943    
   70.2500000       208.679413    
   70.5000000       189.708694    
   70.7500000       172.357620    
   71.0000000       156.597961    
   71.2500000       142.390778    
   71.5000000       129.654251    
   71.7500000       118.295822    
   72.0000000       108.222961    
   72.2500000       99.3725891    
   72.5000000       91.7995605    
   72.7500000       85.5882416    
   73.0000000       80.8229523    
   73.2500000       77.5238190    
   73.5000000       75.4539795    
   73.7500000       74.3123856    
   74.0000000       73.7979584    
   74.2500000       73.6538696    
   74.5000000       73.8003616    
   74.7500000       74.2018967    
   75.0000000       74.8229523    
   75.2500000       75.6312332    
   75.5000000       76.6072998    
   75.7500000       77.7349396    
   76.0000000       78.9979553    
   76.2500000       80.3366699    
   76.5000000       81.5175629    
   76.7500000       82.2636490    
   77.0000000       82.2979584    
   77.2500000       81.4578705    
   77.5000000       80.0383224    
   77.7500000       78.4485855    
   78.0000000       77.0979614    
   78.2500000       76.3019943    
   78.5000000       76.0012665    
   78.7500000       76.0426483    
   79.0000000       76.2729568    
   79.2500000       76.5515976    
   79.5000000       76.7880859    
   79.7500000       76.9045181    
   80.0000000       76.8229523    
   80.2500000       76.5324936    
   80.5000000       76.2903519    
   80.7500000       76.4207611    
   81.0000000       77.2479553    
   81.2500000       78.9952087    
   81.5000000       81.4819717    
   81.7500000       84.4267273    
   82.0000000       87.5479584    
   82.2500000       90.5915833    
   82.5000000       93.4132385    
   82.7500000       95.8960114    
   83.0000000       97.9229584    
   83.2500000       99.4394836    
   83.5000000       100.640305    
   83.7500000       101.782448    
   84.0000000       103.122955    
   84.2500000       104.946037    
   84.5000000       107.644547    
   84.7500000       111.638504    
   85.0000000       117.347946    
   85.2500000       125.101608    
   85.5000000       134.863007    
   85.7500000       146.504379    
   86.0000000       159.897949    
   86.2500000       174.871948    
   86.5000000       191.078629    
   86.7500000       208.126221    
   87.0000000       225.622955    
   87.2500000       243.254547    
   87.5000000       261.016449    
   87.7500000       278.981598    
   88.0000000       297.222961    
   88.2500000       315.800354    
   88.5000000       334.721466    
   88.7500000       353.980804    
   89.0000000       373.572968    
   89.2500000       393.495819    
   89.5000000       413.760468    
   89.7500000       434.381348    
   90.0000000       455.372955    
   90.2500000       476.752960    
   90.5000000       498.552521    
   90.7500000       520.806030    
   91.0000000       543.547913    
   91.2500000       566.767090    
   91.5000000       590.270203    
   91.7500000       613.818420    
   92.0000000       637.172913    
   92.2500000       660.161560    
   92.5000000       682.879150    
   92.7500000       705.487366    
   93.0000000       728.147888    
   93.2500000       750.984009    
   93.5000000       773.966125    
   93.7500000       797.026733    
   94.0000000       820.097961    
   94.2500000       843.087402    
   94.5000000       865.803162    
   94.7500000       888.028809    
   95.0000000       909.547913    
   95.2500000       930.188232    
   95.5000000       949.955688    
   95.7500000       968.900513    
   96.0000000       987.072937    
   96.2500000       1004.45734    
   96.5000000       1020.77417    
   96.7500000       1035.67786    
   97.0000000       1048.82300    
   97.2500000       1059.91809    
   97.5000000       1068.88855    
   97.7500000       1075.71375    
   98.0000000       1080.37305    
   98.2500000       1082.89111    
   98.5000000       1083.47229    
   98.7500000       1082.36633    
   99.0000000       1079.82300    
   99.2500000       1076.07043    
   99.5000000       1071.25110    
   99.7500000       1065.48645    
   100.000000       1058.89795    
   100.250000       1051.57251    
   100.500000       1043.46130    
   100.750000       1034.48071    
   101.000000       1024.54797    
   101.250000       1013.60785    
   101.500000       1001.71973    
   101.750000       988.970581    
   102.000000       975.447998    
   102.250000       961.259277    
   102.500000       946.591553    
   102.750000       931.652100    
   103.000000       916.647949    
   103.250000       901.779297    
   103.500000       887.217529    
   103.750000       873.127197    
   104.000000       859.672913    
   104.250000       847.010254    
   104.500000       835.260315    
   104.750000       824.535461    
   105.000000       814.947937    
   105.250000       806.555176    
   105.500000       799.194397    
   105.750000       792.647888    
   106.000000       786.697937    
   106.250000       781.167664    
   106.500000       776.043518    
   106.750000       771.352783    
   107.000000       767.122925    
   107.250000       763.395874    
   107.500000       760.272400    
   107.750000       757.867920    
   108.000000       756.297913    
   108.250000       755.587158    
   108.500000       755.398132    
   108.750000       755.302795    
   109.000000       754.872925    
   109.250000       753.692200    
   109.500000       751.391235    
   109.750000       747.612305    
   110.000000       741.997925    
   110.250000       734.283569    
   110.500000       724.577698    
   110.750000       713.081909    
   111.000000       699.997925    
   111.250000       685.544250    
   111.500000       670.007446    
   111.750000       653.690918    
   112.000000       636.897949    
   112.250000       619.827271    
   112.500000       602.258179    
   112.750000       583.865234    
   113.000000       564.322937    
   113.250000       543.424133    
   113.500000       521.434937    
   113.750000       498.739746    
   114.000000       475.722992    
   114.250000       452.743561    
   114.500000       430.058594    
   114.750000       407.899536    
   115.000000       386.497955    
   115.250000       366.087006    
   115.500000       346.906067    
   115.750000       329.196075    
   116.000000       313.197968    
   116.250000       299.211365    
   116.500000       287.770569    
   116.750000       279.468445    
   117.000000       274.897949    
   117.250000       274.223602    
   117.500000       275.896301    
   117.750000       277.938599    
   118.000000       278.372955    
   118.250000       275.601105    
   118.500000       269.541321    
   118.750000       260.491119    
   119.000000       248.747955    
   119.250000       234.905487    
   119.500000       220.741821    
   119.750000       208.331223    
   120.000000       199.747940    
   120.250000       196.361923    
   120.500000       196.725967    
   120.750000       198.688492    
   121.000000       200.097946    
   121.250000       199.113708    
   121.500000       195.138840    
   121.750000       187.887283    
   122.000000       177.072952    
   122.250000       163.029846    
   122.500000       148.571960    
   122.750000       137.133331    
   123.000000       132.147949    
   123.250000       136.305786    
   123.500000       149.320389    
   123.750000       170.161270    
   124.000000       197.797958    
   124.250000       231.066025    
   124.500000       268.265503    
   124.750000       307.562439    
   125.000000       347.122955    
   125.250000       385.691254    
   125.500000       424.324127    
   125.750000       464.656433    
   126.000000       508.322968    
   126.250000       556.667969    
   126.500000       609.872559    
   126.750000       667.827393    
   127.000000       730.422913    
   127.250000       797.405884    
   127.500000       867.948181    
   127.750000       941.077881    
   128.000000       1015.82294    
   128.250000       1091.44495    
   128.500000       1168.13794    
   128.750000       1246.32983    
   129.000000       1326.44800    
   129.250000       1408.84216    
   129.500000       1493.55029    
   129.750000       1580.53235    
   130.000000       1669.74805    
   130.250000       1761.02246    
   130.500000       1853.63965    
   130.750000       1946.74854    
   131.000000       2039.49805    
   131.250000       2130.99658    
   131.500000       2220.18872    
   131.750000       2305.97974    
   132.000000       2387.27319    
   132.250000       2463.14966    
   132.500000       2533.39331    
   132.750000       2597.96436    
   133.000000       2656.82300    
   133.250000       2710.12036    
   133.500000       2758.77295    
   133.750000       2803.88794    
   134.000000       2846.57300    
   134.250000       2887.80151    
   134.500000       2928.01221    
   134.750000       2967.50928    
   135.000000       3006.59814    
   135.250000       3045.48706    
   135.500000       3083.99854    
   135.750000       3121.86035    
   136.000000       3158.79810    
   136.250000       3194.54028    
   136.500000       3228.81934    
   136.750000       3261.36914    
   137.000000       3291.92285    
   137.250000       3320.17700    
   137.500000       3345.67480    
   137.750000       3367.92163    
   138.000000       3386.42310    
   138.250000       3400.82861    
   138.500000       3411.36060    
   138.750000       3418.38647    
   139.000000       3422.27295    
   139.250000       3423.49097    
   139.500000       3422.93018    
   139.750000       3421.58447    
   140.000000       3420.44800    
   140.250000       3419.56738    
   140.500000       3415.20044    
   140.750000       3402.65723    
   141.000000       3377.24805    
   141.250000       3335.14258    
   141.500000       3275.94678    
   141.750000       3200.12671    
   142.000000       3108.14819    
   142.250000       3001.95020    
   142.500000       2889.36646    
   142.750000       2779.70483    
   143.000000       2682.27295    
   143.250000       2604.49512    
   143.500000       2546.26318    
   143.750000       2505.58618    
   144.000000       2480.47290    
   144.250000       2468.51562    
   144.500000       2465.64282    
   144.750000       2467.36646    
   145.000000       2469.19800    
   145.250000       2467.58032    
   145.500000       2462.67798    
   145.750000       2455.58521    

 "IV theory
   35.2500000       1154.50037    
   35.5000000       1113.62842    
   35.7500000       1070.23779    
   36.0000000       1024.59253    
   36.2500000       976.987183    
   36.5000000       927.838745    
   36.7500000       877.594421    
   37.0000000       826.701599    
   37.2500000       775.605835    
   37.5000000       724.747009    
   37.7500000       674.563171    
   38.0000000       625.492432    
   38.2500000       577.949280    
   38.5000000       532.253418    
   38.7500000       488.701080    
   39.0000000       447.588409    
   39.2500000       409.167847    
   39.5000000       373.517395    
   39.7500000       340.671448    
   40.0000000       310.664307    
   40.2500000       283.510406    
   40.5000000       259.144897    
   40.7500000       237.483017    
   41.0000000       218.440094    
   41.2500000       201.931808    
   41.5000000       187.875977    
   41.7500000       176.190903    
   42.0000000       166.794815    
   42.2500000       159.604233    
   42.5000000       154.528656    
   42.7500000       151.475815    
   43.0000000       150.353424    
   43.2500000       151.066299    
   43.5000000       153.507706    
   43.7500000       157.568024    
   44.0000000       163.137619    
   44.2500000       170.105484    
   44.5000000       178.355148    
   44.7500000       187.768677    
   45.0000000       198.228271    
   45.2500000       209.616150    
   45.5000000       221.815048    
   45.7500000       234.707916    
   46.0000000       248.177628    
   46.2500000       262.109985    
   46.5000000       276.402588    
   46.7500000       290.955994    
   47.0000000       305.670776    
   47.2500000       320.452850    
   47.5000000       335.229736    
   47.7500000       349.934296    
   48.0000000       364.499542    
   48.2500000       378.860748    
   48.5000000       392.963135    
   48.7500000       406.754333    
   49.0000000       420.182098    
   49.2500000       433.193909    
   49.5000000       445.737030    
   49.7500000       457.758789    
   50.0000000       469.206543    
   50.2500000       480.027313    
   50.5000000       490.168610    
   50.7500000       499.577515    
   51.0000000       508.201508    
   51.2500000       515.987793    
   51.5000000       522.883728    
   51.7500000       528.836731    
   52.0000000       533.794006    
   52.2500000       537.702881    
   52.5000000       540.510315    
   52.7500000       542.163147    
   53.0000000       542.608032    
   53.2500000       541.792358    
   53.5000000       539.664368    
   53.7500000       536.172791    
   54.0000000       531.266235    
   54.2500000       524.904053    
   54.5000000       517.087952    
   54.7500000       507.830353    
   55.0000000       497.143738    
   55.2500000       485.059753    
   55.5000000       471.687469    
   55.7500000       457.155426    
   56.0000000       441.592010    
   56.2500000       425.134674    
   56.5000000       407.956238    
   56.7500000       390.238678    
   57.0000000       372.163818    
   57.2500000       353.913025    
   57.5000000       335.665619    
   57.7500000       317.600281    
   58.0000000       299.895752    
   58.2500000       282.721405    
   58.5000000       266.208923    
   58.7500000       250.480453    
   59.0000000       235.658249    
   59.2500000       221.847198    
   59.5000000       209.082916    
   59.7500000       197.383560    
   60.0000000       186.767395    
   60.2500000       177.244781    
   60.5000000       168.794678    
   60.7500000       161.388153    
   61.0000000       154.996292    
   61.2500000       149.590286    
   61.5000000       145.141724    
   61.7500000       141.622253    
   62.0000000       139.003525    
   62.2500000       137.252853    
   62.5000000       136.320068    
   62.7500000       136.150635    
   63.0000000       136.690063    
   63.2500000       137.875977    
   63.5000000       139.614914    
   63.7500000       141.805466    
   64.0000000       144.346313    
   64.2500000       147.132462    
   64.5000000       150.044205    
   64.7500000       152.958176    
   65.0000000       155.750992    
   65.2500000       158.299713    
   65.5000000       160.483215    
   65.7500000       162.180786    
   66.0000000       163.271759    
   66.2500000       163.647430    
   66.5000000       163.247086    
   66.7500000       162.022018    
   67.0000000       159.923508    
   67.2500000       156.924774    
   67.5000000       153.086624    
   67.7500000       148.491837    
   68.0000000       143.223129    
   68.2500000       137.373322    
   68.5000000       131.075531    
   68.7500000       124.472939    
   69.0000000       117.708740    
   69.2500000       110.925552    
   69.5000000       104.263725    
   69.7500000       97.8630219    
   70.0000000       91.8632355    
   70.2500000       86.3941574    
   70.5000000       81.5456848    
   70.7500000       77.3977356    
   71.0000000       74.0302277    
   71.2500000       71.5047379    
   71.5000000       69.8094559    
   71.7500000       68.9142380    
   72.0000000       68.7889481    
   72.2500000       69.3950424    
   72.5000000       70.6604919    
   72.7500000       72.5048218    
   73.0000000       74.8476105    
   73.2500000       77.6087570    
   73.5000000       80.7094803    
   73.7500000       84.0713501    
   74.0000000       87.6159439    
   74.2500000       91.2683334    
   74.5000000       94.9676208    
   74.7500000       98.6564560    
   75.0000000       102.277451    
   75.2500000       105.779755    
   75.5000000       109.138710    
   75.7500000       112.336166    
   76.0000000       115.353943    
   76.2500000       118.176888    
   76.5000000       120.801567    
   76.7500000       123.227554    
   77.0000000       125.454391    
   77.2500000       127.481621    
   77.5000000       129.308746    
   77.7500000       130.935165    
   78.0000000       132.360428    
   78.2500000       133.586365    
   78.5000000       134.624222    
   78.7500000       135.487732    
   79.0000000       136.190552    
   79.2500000       136.750626    
   79.5000000       137.202972    
   79.7500000       137.586853    
   80.0000000       137.941528    
   80.2500000       138.308258    
   80.5000000       138.736176    
   80.7500000       139.276428    
   81.0000000       139.980087    
   81.2500000       140.898178    
   81.5000000       142.081085    
   81.7500000       143.579102    
   82.0000000       145.442520    
   82.2500000       147.718628    
   82.5000000       150.442856    
   82.7500000       153.647659    
   83.0000000       157.365479    
   83.2500000       161.623352    
   83.5000000       166.426529    
   83.7500000       171.774796    
   84.0000000       177.668015    
   84.2500000       184.103485    
   84.5000000       191.068497    
   84.7500000       198.547836    
   85.0000000       206.526352    
   85.2500000       214.988937    
   85.5000000       223.921173    
   85.7500000       233.308777    
   86.0000000       243.137451    
   86.2500000       253.395828    
   86.5000000       264.084137    
   86.7500000       275.205566    
   87.0000000       286.763275    
   87.2500000       298.765778    
   87.5000000       311.242798    
   87.7500000       324.229462    
   88.0000000       337.760803    
   88.2500000       351.874420    
   88.5000000       366.617859    
   88.7500000       382.041260    
   89.0000000       398.194794    
   89.2500000       415.128113    
   89.5000000       432.889648    
   89.7500000       451.527405    
   90.0000000       471.089386    
   90.2500000       491.613953    
   90.5000000       513.100769    
   90.7500000       535.539734    
   91.0000000       558.920959    
   91.2500000       583.216553    
   91.5000000       608.328308    
   91.7500000       634.140137    
   92.0000000       660.535950    
   92.2500000       687.391663    
   92.5000000       714.550598    
   92.7500000       741.848206    
   93.0000000       769.119873    
   93.2500000       796.200989    
   93.5000000       822.929138    
   93.7500000       849.141907    
   94.0000000       874.676880    
   94.2500000       899.377380    
   94.5000000       923.108704    
   94.7500000       945.741516    
   95.0000000       967.146912    
   95.2500000       987.205994    
   95.5000000       1005.84076    
   95.7500000       1022.98389    
   96.0000000       1038.56750    
   96.2500000       1052.52905    
   96.5000000       1064.82336    
   96.7500000       1075.41028    
   97.0000000       1084.24988    
   97.2500000       1091.30176    
   97.5000000       1096.52710    
   97.7500000       1099.88721    
   98.0000000       1101.34351    
   98.2500000       1100.86975    
   98.5000000       1098.49365    
   98.7500000       1094.25476    
   99.0000000       1088.19312    
   99.2500000       1080.37292    
   99.5000000       1070.95300    
   99.7500000       1060.11646    
   100.000000       1048.04626    
   100.250000       1034.93640    
   100.500000       1021.02509    
   100.750000       1006.56146    
   101.000000       991.794739    
   101.250000       976.973145    
   101.500000       962.341675    
   101.750000       948.144470    
   102.000000       934.625366    
   102.250000       922.009583    
   102.500000       910.445923    
   102.750000       900.064026    
   103.000000       890.994080    
   103.250000       883.330688    
   103.500000       877.029480    
   103.750000       872.010986    
   104.000000       868.195740    
   104.250000       865.488342    
   104.500000       863.729614    
   104.750000       862.744263    
   105.000000       862.357117    
   105.250000       862.393738    
   105.500000       862.682251    
   105.750000       863.051575    
   106.000000       863.330566    
   106.250000       863.356384    
   106.500000       862.999023    
   106.750000       862.136719    
   107.000000       860.647461    
   107.250000       858.424805    
   107.500000       855.423096    
   107.750000       851.612061    
   108.000000       846.961182    
   108.250000       841.447021    
   108.500000       835.073853    
   108.750000       827.852722    
   109.000000       819.794922    
   109.250000       810.911255    
   109.500000       801.212158    
   109.750000       790.707581    
   110.000000       779.407776    
   110.250000       767.323486    
   110.500000       754.468384    
   110.750000       740.856812    
   111.000000       726.503052    
   111.250000       711.422729    
   111.500000       695.636047    
   111.750000       679.164673    
   112.000000       662.029968    
   112.250000       644.254089    
   112.500000       625.860901    
   112.750000       606.875244    
   113.000000       587.321533    
   113.250000       567.224365    
   113.500000       546.609192    
   113.750000       525.501282    
   114.000000       503.925842    
   114.250000       481.913208    
   114.500000       459.513245    
   114.750000       436.780792    
   115.000000       413.770660    
   115.250000       390.546478    
   115.500000       367.207855    
   115.750000       343.863129    
   116.000000       320.620758    
   116.250000       297.593201    
   116.500000       274.909546    
   116.750000       252.702881    
   117.000000       231.106369    
   117.250000       210.252869    
   117.500000       190.274155    
   117.750000       171.301804    
   118.000000       153.467377    
   118.250000       136.897125    
   118.500000       121.696373    
   118.750000       107.965179    
   119.000000       95.8036118    
   119.250000       85.3020782    
   119.500000       76.5124969    
   119.750000       69.4771271    
   120.000000       64.2382507    
   120.250000       60.8337479    
   120.500000       59.2839050    
   120.750000       59.6046448    
   121.000000       61.8118706    
   121.250000       65.9216461    
   121.500000       71.9505844    
   121.750000       79.9154510    
   122.000000       89.8330383    
   122.250000       101.720917    
   122.500000       115.599884    
   122.750000       131.491531    
   123.000000       149.417450    
   123.250000       169.400803    
   123.500000       191.470612    
   123.750000       215.657471    
   124.000000       241.991959    
   124.250000       270.505432    
   124.500000       301.232452    
   124.750000       334.208405    
   125.000000       369.468597    
   125.250000       407.047974    
   125.500000       446.979767    
   125.750000       489.296783    
   126.000000       534.031799    
   126.250000       581.203613    
   126.500000       630.774719    
   126.750000       682.693420    
   127.000000       736.908203    
   127.250000       793.341858    
   127.500000       851.814575    
   127.750000       912.121033    
   128.000000       974.055847    
   128.250000       1037.40173    
   128.500000       1101.89453    
   128.750000       1167.25830    
   129.000000       1233.21667    
   129.250000       1299.49426    
   129.500000       1365.81836    
   129.750000       1431.91638    
   130.000000       1497.51575    
   130.250000       1562.35413    
   130.500000       1626.20752    
   130.750000       1688.86206    
   131.000000       1750.10364    
   131.250000       1809.73621    
   131.500000       1867.63562    
   131.750000       1923.69519    
   132.000000       1977.80908    
   132.250000       2029.87891    
   132.500000       2079.83862    
   132.750000       2127.63062    
   133.000000       2173.19727    
   133.250000       2216.48047    
   133.500000       2257.42285    
   133.750000       2295.96704    
   134.000000       2332.05566    
   134.250000       2365.63940    
   134.500000       2396.70630    
   134.750000       2425.25293    
   135.000000       2451.27563    
   135.250000       2474.78711    
   135.500000       2495.86548    
   135.750000       2514.60498    
   136.000000       2531.09985    
   136.250000       2545.45190    
   136.500000       2557.79272    
   136.750000       2568.26172    
   137.000000       2576.99829    
   137.250000       2584.14136    
   137.500000       2589.82788    
   137.750000       2594.19458    
   138.000000       2597.37793    
   138.250000       2599.50684    
   138.500000       2600.67627    
   138.750000       2600.97412    
   139.000000       2600.48901    
   139.250000       2599.29224    
   139.500000       2597.39697    
   139.750000       2594.80078    
   140.000000       2591.50122    
   140.250000       2587.48926    
   140.500000       2582.72778    
   140.750000       2577.17310    
   141.000000       2570.78149    
   141.250000       2563.50952    
   141.500000       2555.31592    
   141.750000       2546.15894    
   142.000000       2535.99707    
   142.250000       2524.79688    
   142.500000       2512.55176    
   142.750000       2499.26465    
   143.000000       2484.93701    
   143.250000       2469.58398    
   143.500000       2453.27344    
   143.750000       2436.08667    
   144.000000       2418.10522    
   144.250000       2399.41577    
   144.500000       2380.13013    
   144.750000       2360.36597    
   145.000000       2340.23975    
   145.250000       2319.86938    
   145.500000       2299.37134    
   145.750000       2278.86182    

