TitleText: Ni(001)-(5x5)-Li     Beam (2/5,2/5)            Rfac10=0.4791
 "IV exp
   40.2500000       93.0688248    
   40.5000000       88.1054688    
   40.7500000       83.3765869    
   41.0000000       78.9993973    
   41.2500000       75.0660858    
   41.5000000       71.5686646    
   41.7500000       68.4741211    
   42.0000000       65.7494049    
   42.2500000       63.3628426    
   42.5000000       61.2881317    
   42.7500000       59.5003014    
   43.0000000       57.9743996    
   43.2500000       56.6891060    
   43.5000000       55.6377182    
   43.7500000       54.8171692    
   44.0000000       54.2244034    
   44.2500000       53.8415871    
   44.5000000       53.5917892    
   44.7500000       53.3832970    
   45.0000000       53.1244011    
   45.2500000       52.7741547    
   45.5000000       52.4946594    
   45.7500000       52.4987869    
   46.0000000       52.9994011    
   46.2500000       54.1929665    
   46.5000000       56.2103462    
   46.7500000       59.1660042    
   47.0000000       63.1744003    
   47.2500000       68.2902298    
   47.5000000       74.3291016    
   47.7500000       81.0468826    
   48.0000000       88.1994019    
   48.2500000       95.5698776    
   48.5000000       103.050888    
   48.7500000       110.562408    
   49.0000000       118.024399    
   49.2500000       125.368881    
   49.5000000       132.576248    
   49.7500000       139.638916    
   50.0000000       146.549408    
   50.2500000       153.297119    
   50.5000000       159.859329    
   50.7500000       166.210327    
   51.0000000       172.324402    
   51.2500000       178.168030    
   51.5000000       183.676651    
   51.7500000       188.777878    
   52.0000000       193.399399    
   52.2500000       197.473663    
   52.5000000       200.952423    
   52.7500000       203.792130    
   53.0000000       205.949402    
   53.2500000       207.419220    
   53.5000000       208.350769    
   53.7500000       208.931610    
   54.0000000       209.349411    
   54.2500000       209.762238    
   54.5000000       210.209763    
   54.7500000       210.702103    
   55.0000000       211.249405    
   55.2500000       211.850174    
   55.5000000       212.456650    
   55.7500000       213.009506    
   56.0000000       213.449402    
   56.2500000       213.721390    
   56.5000000       213.788162    
   56.7500000       213.616806    
   57.0000000       213.174408    
   57.2500000       212.432175    
   57.5000000       211.377747    
   57.7500000       210.002899    
   58.0000000       208.299408    
   58.2500000       206.297928    
   58.5000000       204.184784    
   58.7500000       202.185211    
   59.0000000       200.524399    
   59.2500000       199.363556    
   59.5000000       198.607635    
   59.7500000       198.097610    
   60.0000000       197.674408    
   60.2500000       197.170471    
   60.5000000       196.384216    
   60.7500000       195.105545    
   61.0000000       193.124405    
   61.2500000       190.329941    
   61.5000000       187.008224    
   61.7500000       183.544601    
   62.0000000       180.324402    
   62.2500000       177.665970    
   62.5000000       175.619934    
   62.7500000       174.169876    
   63.0000000       173.299408    
   63.2500000       172.954514    
   63.5000000       172.930359    
   63.7500000       172.984497    
   64.0000000       172.874420    
   64.2500000       172.419098    
   64.5000000       171.683228    
   64.7500000       170.792953    
   65.0000000       169.874420    
   65.2500000       169.025787    
   65.5000000       168.233261    
   65.7500000       167.455048    
   66.0000000       166.649414    
   66.2500000       165.739899    
   66.5000000       164.511490    
   66.7500000       162.714539    
   67.0000000       160.099411    
   67.2500000       156.477921    
   67.5000000       151.907898    
   67.7500000       146.508621    
   68.0000000       140.399414    
   68.2500000       133.735886    
   68.5000000       126.819023    
   68.7500000       119.986099    
   69.0000000       113.574409    
   69.2500000       107.842537    
   69.5000000       102.734329    
   69.7500000       98.1149139    
   70.0000000       93.8494034    
   70.2500000       89.8290558    
   70.5000000       86.0494690    
   70.7500000       82.5323410    
   71.0000000       79.2994003    
   71.2500000       76.3274994    
   71.5000000       73.4142151    
   71.7500000       70.3122711    
   72.0000000       66.7744064    
   72.2500000       62.6042252    
   72.5000000       57.8088493    
   72.7500000       52.4462471    
   73.0000000       46.5743980    
   73.2500000       40.3570709    
   73.5000000       34.3811722    
   73.7500000       29.3393841    
   74.0000000       25.9244022    
   74.2500000       24.6275539    
   74.5000000       25.1347427    
   74.7500000       26.9305115    
   75.0000000       29.4994030    
   75.2500000       32.3416214    
   75.5000000       35.0200195    
   75.7500000       37.1131096    
   76.0000000       38.1994019    
   76.2500000       37.9797134    
   76.5000000       36.6440887    
   76.7500000       34.5048676    
   77.0000000       31.8744011    
   77.2500000       29.0437412    
   77.5000000       26.2187824    
   77.7500000       23.5841331    
   78.0000000       21.3244019    
   78.2500000       19.6011066    
   78.5000000       18.4834404    
   78.7500000       18.0175037    
   79.0000000       18.2494011    
   79.2500000       19.1748009    
   79.5000000       20.5876179    
   79.7500000       22.2313251    
   80.0000000       23.8494015    
   80.2500000       25.2292995    
   80.5000000       26.3343773    
   80.7500000       27.1719666    
   81.0000000       27.7494030    
   81.2500000       28.1063652    
   81.5000000       28.4119129    
   81.7500000       28.8674564    
   82.0000000       29.6744022    
   82.2500000       30.9815006    
   82.5000000       32.7268829    
   82.7500000       34.7960243    
   83.0000000       37.0744019    
   83.2500000       39.4378738    
   83.5000000       41.7238426    
   83.7500000       43.7600899    
   84.0000000       45.3743973    
   84.2500000       46.4419250    
   84.5000000       47.0272751    
   84.7500000       47.2424393    
   85.0000000       47.1994019    
   85.2500000       46.9771614    
   85.5000000       46.5228310    
   85.7500000       45.7505341    
   86.0000000       44.5743980    
   86.2500000       42.9317703    
   86.5000000       40.8528099    
   86.7500000       38.3908958    
   87.0000000       35.5993996    
   87.2500000       32.5730133    
   87.5000000       29.5716972    
   87.7500000       26.8967323    
   88.0000000       24.8494015    
   88.2500000       23.6382084    
   88.5000000       23.1005573    
   88.7500000       22.9810791    
   89.0000000       23.0244026    
   89.2500000       23.0111923    
   89.5000000       22.8662395    
   89.7500000       22.5503674    
   90.0000000       22.0244007    
   90.2500000       21.3282814    
   90.5000000       20.8184032    
   90.7500000       20.9302731    
   91.0000000       22.0994015    
   91.2500000       24.6220932    
   91.5000000       28.2378120    
   91.7500000       32.5468292    
   92.0000000       37.1493988    
   92.2500000       41.7129593    
   92.5000000       46.1736298    
   92.7500000       50.5346832    
   93.0000000       54.7994003    
   93.2500000       59.0857391    
   93.5000000       63.9703255    
   93.7500000       70.1444473    
   94.0000000       78.2994003    
   94.2500000       88.9217300    
   94.5000000       101.678978    
   94.7500000       116.033936    
   95.0000000       131.449402    
   95.2500000       147.440140    
   95.5000000       163.728912    
   95.7500000       180.090424    
   96.0000000       196.299408    
   96.2500000       212.153168    
   96.5000000       227.539307    
   96.7500000       242.367996    
   97.0000000       256.549408    
   97.2500000       269.977966    
   97.5000000       282.485291    
   97.7500000       293.887177    
   98.0000000       303.999420    
   98.2500000       312.647736    
   98.5000000       319.697235    
   98.7500000       325.022827    
   99.0000000       328.499420    
   99.2500000       330.052551    
   99.5000000       329.809784    
   99.7500000       327.949341    
   100.000000       324.649414    
   100.250000       320.168304    
   100.500000       315.085144    
   100.750000       310.059113    
   101.000000       305.749420    
   101.250000       302.632385    
   101.500000       300.452423    
   101.750000       298.770905    
   102.000000       297.149414    
   102.250000       295.218994    
   102.500000       292.889252    
   102.750000       290.139618    
   103.000000       286.949402    
   103.250000       283.324554    
   103.500000       279.377625    
   103.750000       275.247833    
   104.000000       271.074402    
   104.250000       266.957397    
   104.500000       262.840454    
   104.750000       258.627960    
   105.000000       254.224411    
   105.250000       249.584839    
   105.500000       244.866455    
   105.750000       240.277054    
   106.000000       236.024414    
   106.250000       232.266525    
   106.500000       228.962097    
   106.750000       226.020081    
   107.000000       223.349411    
   107.250000       220.866684    
   107.500000       218.519135    
   107.750000       216.261734    

 "IV theory
   40.2500000       40.0896797    
   40.5000000       38.0793457    
   40.7500000       36.1921921    
   41.0000000       34.4263268    
   41.2500000       32.7798424    
   41.5000000       31.2509003    
   41.7500000       29.8376522    
   42.0000000       28.5382481    
   42.2500000       27.3504295    
   42.5000000       26.2702312    
   42.7500000       25.2932758    
   43.0000000       24.4151859    
   43.2500000       23.6308193    
   43.5000000       22.9320221    
   43.7500000       22.3098698    
   44.0000000       21.7554531    
   44.2500000       21.2594967    
   44.5000000       20.8113098    
   44.7500000       20.3998413    
   45.0000000       20.0140476    
   45.2500000       19.6429195    
   45.5000000       19.2756119    
   45.7500000       18.9013290    
   46.0000000       18.5092716    
   46.2500000       18.0897217    
   46.5000000       17.6373138    
   46.7500000       17.1477661    
   47.0000000       16.6167946    
   47.2500000       16.0421085    
   47.5000000       15.4293594    
   47.7500000       14.7861891    
   48.0000000       14.1202374    
   48.2500000       13.4400539    
   48.5000000       12.7578077    
   48.7500000       12.0865841    
   49.0000000       11.4394608    
   49.2500000       10.8294897    
   49.5000000       10.2696133    
   49.7500000       9.77274227    
   50.0000000       9.35179043    
   50.2500000       9.01959229    
   50.5000000       8.78866577    
   50.7500000       8.67145061    
   51.0000000       8.68038845    
   51.2500000       8.82775497    
   51.5000000       9.12516880    
   51.7500000       9.58409023    
   52.0000000       10.2159710    
   52.2500000       11.0322151    
   52.5000000       12.0439987    
   52.7500000       13.2624426    
   53.0000000       14.6986647    
   53.2500000       16.3637333    
   53.5000000       18.2684822    
   53.7500000       20.4236908    
   54.0000000       22.8401375    
   54.2500000       25.5265656    
   54.5000000       28.4835644    
   54.7500000       31.7096825    
   55.0000000       35.2034760    
   55.2500000       38.9597778    
   55.5000000       42.9585800    
   55.7500000       47.1761551    
   56.0000000       51.5887794    
   56.2500000       56.1710281    
   56.5000000       60.8906441    
   56.7500000       65.7137070    
   57.0000000       70.6062317    
   57.2500000       75.5343781    
   57.5000000       80.4645996    
   57.7500000       85.3634491    
   58.0000000       90.1974716    
   58.2500000       94.9343643    
   58.5000000       99.5465927    
   58.7500000       104.007736    
   59.0000000       108.291451    
   59.2500000       112.373489    
   59.5000000       116.238403    
   59.7500000       119.872871    
   60.0000000       123.263557    
   60.2500000       126.398163    
   60.5000000       129.268280    
   60.7500000       131.866470    
   61.0000000       134.185333    
   61.2500000       136.217438    
   61.5000000       137.955444    
   61.7500000       139.391922    
   62.0000000       140.519562    
   62.2500000       141.332214    
   62.5000000       141.828857    
   62.7500000       142.009750    
   63.0000000       141.875092    
   63.2500000       141.427444    
   63.5000000       140.678482    
   63.7500000       139.642227    
   64.0000000       138.332672    
   64.2500000       136.764847    
   64.5000000       134.958054    
   64.7500000       132.932556    
   65.0000000       130.708664    
   65.2500000       128.306641    
   65.5000000       125.746605    
   65.7500000       123.048645    
   66.0000000       120.232819    
   66.2500000       117.318977    
   66.5000000       114.325867    
   66.7500000       111.272018    
   67.0000000       108.175941    
   67.2500000       105.055664    
   67.5000000       101.927200    
   67.7500000       98.8061142    
   68.0000000       95.7079315    
   68.2500000       92.6479874    
   68.5000000       89.6407623    
   68.7500000       86.7005005    
   69.0000000       83.8414841    
   69.2500000       81.0779266    
   69.5000000       78.4239426    
   69.7500000       75.8935852    
   70.0000000       73.5009079    
   70.2500000       71.2586288    
   70.5000000       69.1739960    
   70.7500000       67.2528763    
   71.0000000       65.5011673    
   71.2500000       63.9222755    
   71.5000000       62.5096779    
   71.7500000       61.2543907    
   72.0000000       60.1474075    
   72.2500000       59.1785927    
   72.5000000       58.3332596    
   72.7500000       57.5955734    
   73.0000000       56.9496918    
   73.2500000       56.3798561    
   73.5000000       55.8705177    
   73.7500000       55.4062004    
   74.0000000       54.9714203    
   74.2500000       54.5516510    
   74.5000000       54.1361046    
   74.7500000       53.7149734    
   75.0000000       53.2784309    
   75.2500000       52.8183746    
   75.5000000       52.3336716    
   75.7500000       51.8248940    
   76.0000000       51.2926254    
   76.2500000       50.7382545    
   76.5000000       50.1663246    
   76.7500000       49.5821915    
   77.0000000       48.9912033    
   77.2500000       48.3986702    
   77.5000000       47.8097572    
   77.7500000       47.2296066    
   78.0000000       46.6633492    
   78.2500000       46.1156693    
   78.5000000       45.5893784    
   78.7500000       45.0868378    
   79.0000000       44.6104240    
   79.2500000       44.1616325    
   79.5000000       43.7385597    
   79.7500000       43.3384361    
   80.0000000       42.9585114    
   80.2500000       42.5956230    
   80.5000000       42.2450523    
   80.7500000       41.9016647    
   81.0000000       41.5603447    
   81.2500000       41.2159996    
   81.5000000       40.8636436    
   81.7500000       40.4983215    
   82.0000000       40.1150818    
   82.2500000       39.7095566    
   82.5000000       39.2797699    
   82.7500000       38.8243141    
   83.0000000       38.3417892    
   83.2500000       37.8318863    
   83.5000000       37.2986412    
   83.7500000       36.7471809    
   84.0000000       36.1826172    
   84.2500000       35.6105690    
   84.5000000       35.0386505    
   84.7500000       34.4749603    
   85.0000000       33.9276085    
   85.2500000       33.4046783    
   85.5000000       32.9141617    
   85.7500000       32.4640427    
   86.0000000       32.0622902    
   86.2500000       31.7166195    
   86.5000000       31.4336853    
   86.7500000       31.2198811    
   87.0000000       31.0815964    
   87.2500000       31.0247326    
   87.5000000       31.0532379    
   87.7500000       31.1705647    
   88.0000000       31.3801689    
   88.2500000       31.6852875    
   88.5000000       32.0882530    
   88.7500000       32.5911942    
   89.0000000       33.1962204    
   89.2500000       33.9054604    
   89.5000000       34.7210732    
   89.7500000       35.6452179    
   90.0000000       36.6800690    
   90.2500000       37.8278618    
   90.5000000       39.0911293    
   90.7500000       40.4725075    
   91.0000000       41.9746094    
   91.2500000       43.6001740    
   91.5000000       45.3524971    
   91.7500000       47.2349930    
   92.0000000       49.2510719    
   92.2500000       51.4042397    
   92.5000000       53.6983223    
   92.7500000       56.1372185    
   93.0000000       58.7248497    
   93.2500000       61.4650383    
   93.5000000       64.3613281    
   93.7500000       67.4172058    
   94.0000000       70.6361160    
   94.2500000       74.0190659    
   94.5000000       77.5571289    
   94.7500000       81.2389145    
   95.0000000       85.0530090    
   95.2500000       88.9835205    
   95.5000000       92.9964981    
   95.7500000       97.0534897    
   96.0000000       101.116058    
   96.2500000       105.143654    
   96.5000000       109.087341    
   96.7500000       112.896126    
   97.0000000       116.518997    
   97.2500000       119.905106    
   97.5000000       123.004379    
   97.7500000       125.766907    
   98.0000000       128.142807    
   98.2500000       130.086578    
   98.5000000       131.570450    
   98.7500000       132.571075    
   99.0000000       133.065109    
   99.2500000       133.037277    
   99.5000000       132.504745    
   99.7500000       131.492737    
   100.000000       130.026474    
   100.250000       128.134903    
   100.500000       125.861809    
   100.750000       123.254646    
   101.000000       120.360878    
   101.250000       117.227829    
   101.500000       113.902214    
   101.750000       110.430534    
   102.000000       106.859398    
   102.250000       103.233566    
   102.500000       99.5908203    
   102.750000       95.9672165    
   103.000000       92.3987732    
   103.250000       88.9182739    
   103.500000       85.5454865    
   103.750000       82.2969131    
   104.000000       79.1890259    
   104.250000       76.2368851    
   104.500000       73.4496384    
   104.750000       70.8349609    
   105.000000       68.4005280    
   105.250000       66.1540298    
   105.500000       64.1031952    
   105.750000       62.2557526    
   106.000000       60.6194649    
   106.250000       59.2009926    
   106.500000       58.0027962    
   106.750000       57.0262451    
   107.000000       56.2727203    
   107.250000       55.7417030    
   107.500000       55.4250298    
   107.750000       55.3126183    

