TitleText: Ni(001)-(5x5)-Li     Beam (3/5,3/5)            Rfac10=0.4868
 "IV exp
   66.2500000       56.2602005    
   66.5000000       56.6372299    
   66.7500000       57.1115532    
   67.0000000       57.7318115    
   67.2500000       58.5581627    
   67.5000000       59.6968079    
   67.7500000       61.2654572    
   68.0000000       63.3818130    
   68.2500000       66.1034927    
   68.5000000       69.2476654    
   68.7500000       72.5714111    
   69.0000000       75.8318100    
   69.2500000       78.8152313    
   69.5000000       81.4252777    
   69.7500000       83.5948410    
   70.0000000       85.2568130    
   70.2500000       86.3760529    
   70.5000000       87.0452194    
   70.7500000       87.3889389    
   71.0000000       87.5318146    
   71.2500000       87.5819855    
   71.5000000       87.5816040    
   71.7500000       87.5563278    
   72.0000000       87.5318146    
   72.2500000       87.5404053    
   72.5000000       87.6411285    
   72.7500000       87.8996964    
   73.0000000       88.3818130    
   73.2500000       89.1297073    
   73.5000000       90.0916367    
   73.7500000       91.1924133    
   74.0000000       92.3568115    
   74.2500000       93.5066605    
   74.5000000       94.5519409    
   74.7500000       95.3996429    
   75.0000000       95.9568100    
   75.2500000       96.1618652    
   75.5000000       96.0789871    
   75.7500000       95.8037720    
   76.0000000       95.4318161    
   76.2500000       95.0390778    
   76.5000000       94.6229858    
   76.7500000       94.1613083    
   77.0000000       93.6318130    
   77.2500000       92.9750366    
   77.5000000       91.9824524    
   77.7500000       90.4083023    
   78.0000000       88.0068130    
   78.2500000       84.6137772    
   78.5000000       80.3911972    
   78.7500000       75.5826874    
   79.0000000       70.4318085    
   79.2500000       65.1744385    
   79.5000000       60.0154991    
   79.7500000       55.1522179    
   80.0000000       50.7818108    
   80.2500000       47.0383415    
   80.5000000       43.8032990    
   80.7500000       40.8950081    
   81.0000000       38.1318130    
   81.2500000       35.3712616    
   81.5000000       32.6278038    
   81.7500000       29.9550991    
   82.0000000       27.4068127    
   82.2500000       25.0303688    
   82.5000000       22.8482361    
   82.7500000       20.8766422    
   83.0000000       19.1318130    
   83.2500000       17.6235237    
   83.5000000       16.3357506    
   83.7500000       15.2460060    
   84.0000000       14.3318138    
   84.2500000       13.5753918    
   84.5000000       12.9777660    
   84.7500000       12.5446644    
   85.0000000       12.2818127    
   85.2500000       12.1935225    
   85.5000000       12.2784386    
   85.7500000       12.5337925    
   86.0000000       12.9568119    
   86.2500000       13.5417862    
   86.5000000       14.2712288    
   86.7500000       15.1247139    
   87.0000000       16.0818138    
   87.2500000       17.1153679    
   87.5000000       18.1712742    
   87.7500000       19.1886997    
   88.0000000       20.1068134    
   88.2500000       20.8852825    
   88.5000000       21.5658054    
   88.7500000       22.2105827    
   89.0000000       22.8818150    
   89.2500000       23.6347752    
   89.5000000       24.4970150    
   89.7500000       25.4891529    
   90.0000000       26.6318130    
   90.2500000       27.9469700    
   90.5000000       29.4620247    
   90.7500000       31.2057209    
   91.0000000       33.2068100    
   91.2500000       35.4877472    
   91.5000000       38.0457649    
   91.7500000       40.8718071    
   92.0000000       43.9568100    
   92.2500000       47.2843132    
   92.5000000       50.8082771    
   92.7500000       54.4752579    
   93.0000000       58.2318115    
   93.2500000       62.0287514    
   93.5000000       65.8338699    
   93.7500000       69.6192093    
   94.0000000       73.3568115    
   94.2500000       77.0060043    
   94.5000000       80.4752502    
   94.7500000       83.6602631    
   95.0000000       86.4568100    
   95.2500000       88.8099670    
   95.5000000       90.8622742    
   95.7500000       92.8055954    
   96.0000000       94.8318176    
   96.2500000       97.0906906    
   96.5000000       99.5634232    
   96.7500000       102.189110    
   97.0000000       104.906815    
   97.2500000       107.627937    
   97.5000000       110.153053    
   97.7500000       112.255051    
   98.0000000       113.706818    
   98.2500000       114.360344    
   98.5000000       114.384018    
   98.7500000       114.025345    
   99.0000000       113.531807    
   99.2500000       113.102829    
   99.5000000       112.745483    
   99.7500000       112.418808    
   100.000000       112.081810    
   100.250000       111.693436    
   100.500000       111.212387    
   100.750000       110.597298    
   101.000000       109.806808    
   101.250000       108.832649    
   101.500000       107.798943    
   101.750000       106.862923    
   102.000000       106.181808    
   102.250000       105.882843    
   102.500000       105.973328    
   102.750000       106.430550    
   103.000000       107.231812    
   103.250000       108.355728    
   103.500000       109.786110    
   103.750000       111.508095    
   104.000000       113.506805    
   104.250000       115.758934    
   104.500000       118.207458    
   104.750000       120.786896    

 "IV theory
   66.2500000       10.2742472    
   66.5000000       10.6458654    
   66.7500000       11.0640898    
   67.0000000       11.5312881    
   67.2500000       12.0492210    
   67.5000000       12.6172228    
   67.7500000       13.2340155    
   68.0000000       13.8983269    
   68.2500000       14.6086102    
   68.5000000       15.3622122    
   68.7500000       16.1562138    
   69.0000000       16.9876938    
   69.2500000       17.8537312    
   69.5000000       18.7514114    
   69.7500000       19.6778202    
   70.0000000       20.6300335    
   70.2500000       21.6049099    
   70.5000000       22.5983696    
   70.7500000       23.6060905    
   71.0000000       24.6237602    
   71.2500000       25.6466465    
   71.5000000       26.6683407    
   71.7500000       27.6820087    
   72.0000000       28.6808262    
   72.2500000       29.6577663    
   72.5000000       30.6050053    
   72.7500000       31.5145283    
   73.0000000       32.3783112    
   73.2500000       33.1883659    
   73.5000000       33.9368172    
   73.7500000       34.6158218    
   74.0000000       35.2175331    
   74.2500000       35.7349205    
   74.5000000       36.1641998    
   74.7500000       36.5024033    
   75.0000000       36.7465630    
   75.2500000       36.8952026    
   75.5000000       36.9527779    
   75.7500000       36.9252319    
   76.0000000       36.8185043    
   76.2500000       36.6392250    
   76.5000000       36.3967285    
   76.7500000       36.1010437    
   77.0000000       35.7621918    
   77.2500000       35.3901672    
   77.5000000       34.9948540    
   77.7500000       34.5860977    
   78.0000000       34.1737595    
   78.2500000       33.7673683    
   78.5000000       33.3751755    
   78.7500000       33.0051079    
   79.0000000       32.6651001    
   79.2500000       32.3624878    
   79.5000000       32.1022224    
   79.7500000       31.8886604    
   80.0000000       31.7261562    
   80.2500000       31.6188030    
   80.5000000       31.5696106    
   80.7500000       31.5813236    
   81.0000000       31.6566887    
   81.2500000       31.7984467    
   81.5000000       32.0093460    
   81.7500000       32.2921410    
   82.0000000       32.6495819    
   82.2500000       33.0841751    
   82.5000000       33.5975189    
   82.7500000       34.1909676    
   83.0000000       34.8658791    
   83.2500000       35.6231918    
   83.5000000       36.4621582    
   83.7500000       37.3816338    
   84.0000000       38.3804626    
   84.2500000       39.4572868    
   84.5000000       40.6100006    
   84.7500000       41.8362923    
   85.0000000       43.1338501    
   85.2500000       44.5003853    
   85.5000000       45.9336090    
   85.7500000       47.4312553    
   86.0000000       48.9910660    
   86.2500000       50.6107979    
   86.5000000       52.2883339    
   86.7500000       54.0216370    
   87.0000000       55.8086166    
   87.2500000       57.6472702    
   87.5000000       59.5358582    
   87.7500000       61.4726830    
   88.0000000       63.4560661    
   88.2500000       65.4843597    
   88.5000000       67.5560150    
   88.7500000       69.6695099    
   89.0000000       71.8233566    
   89.2500000       74.0160217    
   89.5000000       76.2460022    
   89.7500000       78.5117798    
   90.0000000       80.8118439    
   90.2500000       83.1446915    
   90.5000000       85.5088806    
   90.7500000       87.9030304    
   91.0000000       90.3256760    
   91.2500000       92.7754745    
   91.5000000       95.2511215    
   91.7500000       97.7513809    
   92.0000000       100.275002    
   92.2500000       102.820747    
   92.5000000       105.387466    
   92.7500000       107.974014    
   93.0000000       110.579269    
   93.2500000       113.202072    
   93.5000000       115.841164    
   93.7500000       118.495262    
   94.0000000       121.163109    
   94.2500000       123.842598    
   94.5000000       126.528336    
   94.7500000       129.214096    
   95.0000000       131.893692    
   95.2500000       134.559402    
   95.5000000       137.197540    
   95.7500000       139.792877    
   96.0000000       142.330261    
   96.2500000       144.793777    
   96.5000000       147.164810    
   96.7500000       149.423965    
   97.0000000       151.551910    
   97.2500000       153.529343    
   97.5000000       155.337204    
   97.7500000       156.956421    
   98.0000000       158.367950    
   98.2500000       159.553864    
   98.5000000       160.500595    
   98.7500000       161.195724    
   99.0000000       161.626785    
   99.2500000       161.783356    
   99.5000000       161.663025    
   99.7500000       161.265472    
   100.000000       160.590347    
   100.250000       159.638199    
   100.500000       158.413254    
   100.750000       156.920624    
   101.000000       155.165466    
   101.250000       153.152863    
   101.500000       150.887909    
   101.750000       148.375687    
   102.000000       145.621338    
   102.250000       142.630524    
   102.500000       139.411697    
   102.750000       135.973862    
   103.000000       132.326050    
   103.250000       128.478516    
   103.500000       124.446205    
   103.750000       120.245293    
   104.000000       115.891937    
   104.250000       111.402847    
   104.500000       106.796875    
   104.750000       102.093475    

