
          COORDINATES AFTER SORTING

        -2.01670003       0.00000000       0.00000000
        -1.76150000      -3.12479997       0.00000000
        -1.76150000       3.12479997       0.00000000
        -1.76150000       0.00000000      -3.12479997
        -1.76150000       0.00000000       3.12479997
        -1.62969995      -3.01040006      -3.01040006
        -1.62969995      -3.01040006       3.01040006
        -1.62969995       3.01040006      -3.01040006
        -1.62969995       3.01040006       3.01040006
        -0.49800000       6.22499990      -1.31920004
        -0.49800000       6.22499990       1.31920004
        -0.49800000      -1.31920004       6.22499990
        -0.49800000       1.31920004       6.22499990
        -0.19080000       6.22499990      -4.04370022
        -0.19080000       6.22499990       4.04370022
        -0.19080000      -4.04370022       6.22499990
        -0.19080000       4.04370022       6.22499990
        -0.02060000      -3.82470012      -1.03740001
        -0.02060000      -3.82470012       1.03740001
        -0.02060000       3.82470012      -1.03740001
        -0.02060000       3.82470012       1.03740001
        -0.02060000      -1.03740001      -3.82470012
        -0.02060000      -1.03740001       3.82470012
        -0.02060000       1.03740001      -3.82470012
        -0.02060000       1.03740001       3.82470012
         0.08089999      -1.39690006      -1.39690006
         0.08089999      -1.39690006       1.39690006
         0.08089999       1.39690006      -1.39690006
         0.08089999       1.39690006       1.39690006
         0.20090000      -3.64689994      -3.64689994
         0.20090000      -3.64689994       3.64689994
         0.20090000       3.64689994      -3.64689994
         0.20090000       3.64689994       3.64689994
         1.61870003       0.00000000       0.00000000
         1.69729996      -4.87169981       0.00000000
         1.69729996       4.87169981       0.00000000
         1.69729996       0.00000000      -4.87169981
         1.69729996       0.00000000       4.87169981
         1.71809995      -2.39350009      -2.39350009
         1.71809995      -2.39350009       2.39350009
         1.71809995       2.39350009      -2.39350009
         1.71809995       2.39350009       2.39350009
         1.74520004      -5.04110003      -2.50300002
         1.74520004      -5.04110003       2.50300002
         1.74520004       5.04110003      -2.50300002
         1.74520004       5.04110003       2.50300002
         1.74520004      -2.50300002      -5.04110003
         1.74520004      -2.50300002       5.04110003
         1.74520004       2.50300002      -5.04110003
         1.74520004       2.50300002       5.04110003
         1.82869995      -2.62820005       0.00000000
         1.82869995       2.62820005       0.00000000
         1.82869995       0.00000000      -2.62820005
         1.82869995       0.00000000       2.62820005
         1.85619998      -5.09170008      -5.09170008
         1.85619998      -5.09170008       5.09170008
         1.85619998       5.09170008      -5.09170008
         1.85619998       5.09170008       5.09170008

 DIRECTION SET SEARCH COMPLETE 
 ======================= 
 RFAC10

 CONVERGENCE TOLERANCE ACHIEVED =.001036
 DIMENSIONALITY OF SEARCH=   29
 ISMOTH=    1

 COORDINATES AT MINIMUM;  LSFLAG

 -0.00385535  0.00000000  0.00000000   1
 -0.00174693  0.01453306  0.00000000   2
 -0.00174693 -0.01453306  0.00000000   2
 -0.00174693  0.00000000  0.01453306   2
 -0.00174693  0.00000000 -0.01453306   2
  0.00000000 -0.00000282 -0.00000282   3
  0.00000000 -0.00000282  0.00000282   3
  0.00000000  0.00000282 -0.00000282   3
  0.00000000  0.00000282  0.00000282   3
  0.00000000  0.00000000 -0.00063143   4
  0.00000000  0.00000000  0.00063143   4
  0.00000000 -0.00063143  0.00000000   4
  0.00000000  0.00063143  0.00000000   4
 -0.00082820  0.00000000 -0.00258225   5
 -0.00082820  0.00000000  0.00258225   5
 -0.00082820 -0.00258225  0.00000000   5
 -0.00082820  0.00258225  0.00000000   5
  0.00000000 -0.00174543  0.00020873   6
  0.00000000 -0.00174543 -0.00020873   6
  0.00000000  0.00174543  0.00020873   6
  0.00000000  0.00174543 -0.00020873   6
  0.00000000  0.00020873 -0.00174543   6
  0.00000000  0.00020873  0.00174543   6
  0.00000000 -0.00020873 -0.00174543   6
  0.00000000 -0.00020873  0.00174543   6
  0.00036584 -0.00003882 -0.00003882   7
  0.00036584 -0.00003882  0.00003882   7
  0.00036584  0.00003882 -0.00003882   7
  0.00036584  0.00003882  0.00003882   7
  0.00000000 -0.00153534 -0.00153534   8
  0.00000000 -0.00153534  0.00153534   8
  0.00000000  0.00153534 -0.00153534   8
  0.00000000  0.00153534  0.00153534   8
  0.00000000  0.00000000  0.00000000   9
  0.00000000  0.16854511  0.00000000  10
  0.00000000 -0.16854511  0.00000000  10
  0.00000000  0.00000000  0.16854511  10
  0.00000000  0.00000000 -0.16854511  10
 -0.00154859  0.00192409  0.00192409  11
 -0.00154859  0.00192409 -0.00192409  11
 -0.00154859 -0.00192409  0.00192409  11
 -0.00154859 -0.00192409 -0.00192409  11
  0.00000000  0.00669413 -0.00100731  12
  0.00000000  0.00669413  0.00100731  12
  0.00000000 -0.00669413 -0.00100731  12
  0.00000000 -0.00669413  0.00100731  12
  0.00000000 -0.00100731  0.00669413  12
  0.00000000 -0.00100731 -0.00669413  12
  0.00000000  0.00100731  0.00669413  12
  0.00000000  0.00100731 -0.00669413  12
  0.00000000  0.00000000  0.00000000  13
  0.00000000  0.00000000  0.00000000  13
  0.00000000  0.00000000  0.00000000  13
  0.00000000  0.00000000  0.00000000  13
  0.00007102 -0.00026516 -0.00026516  14
  0.00007102 -0.00026516  0.00026516  14
  0.00007102  0.00026516 -0.00026516  14
  0.00007102  0.00026516  0.00026516  14

 NUMBER OF ITERATIONS =  3
 NUMBER OF FUNCTIONAL EVALUATIONS =  538

 OPTIMUM R-FACTOR = 0.2365
 OPTIMUM VALUE OF INNER POTENTIAL = 8.7060
