#TitleText:Ni(001)-(5x5)-Li     Beam (1/5,0)              Rfac10=       0.7288
 #"IV exp
   21.25000       458.4108    
   21.50000       464.1433    
   21.75000       473.5991    
   22.00000       488.6400    
   22.25000       511.3458    
   22.50000       544.6705    
   22.75000       591.7861    
   23.00000       655.8649    
   23.25000       740.0820    
   23.50000       847.6240    
   23.75000       981.6802    
   24.00000       1145.440    
   24.25000       1341.502    
   24.50000       1570.098    
   24.75000       1830.872    
   25.00000       2123.465    
   25.25000       2446.105    
   25.50000       2791.366    
   25.75000       3150.408    
   26.00000       3514.390    
   26.25000       3873.742    
   26.50000       4215.976    
   26.75000       4527.873    
   27.00000       4796.214    
   27.25000       5010.231    
   27.50000       5168.954    
   27.75000       5273.864    
   28.00000       5326.439    
   28.25000       5329.491    
   28.50000       5291.140    
   28.75000       5220.839    
   29.00000       5128.040    
   29.25000       5021.036    
   29.50000       4903.497    
   29.75000       4777.936    
   30.00000       4646.865    
   30.25000       4512.556    
   30.50000       4376.325    
   30.75000       4239.244    
   31.00000       4102.390    
   31.25000       3967.099    
   31.50000       3835.771    
   31.75000       3711.064    
   32.00000       3595.640    
   32.25000       3491.900    
   32.50000       3401.211    
   32.75000       3324.680    
   33.00000       3263.415    
   33.25000       3217.258    
   33.50000       3181.001    
   33.75000       3148.170    
   34.00000       3112.290    
   34.25000       3066.948    
   34.50000       3005.972    
   34.75000       2923.248    
   35.00000       2812.665    
   35.25000       2670.355    
   35.50000       2501.446    
   35.75000       2313.308    
   36.00000       2113.315    
   36.25000       1908.991    
   36.50000       1708.474    
   36.75000       1520.052    
   37.00000       1352.015    
   37.25000       1210.859    
   37.50000       1095.907    
   37.75000       1004.691    
   38.00000       934.7399    
   38.25000       883.3021    
   38.50000       846.4929    
   38.75000       820.1447    
   39.00000       800.0899    
   39.25000       782.6912    
   39.50000       766.4323    
   39.75000       750.3272    
   40.00000       733.3900    
   40.25000       714.8124    
   40.50000       694.4986    
   40.75000       672.5305    
   41.00000       648.9899    
   41.25000       624.0339    
   41.50000       598.1191    
   41.75000       571.7773    
   42.00000       545.5399    
   42.25000       519.8926    
   42.50000       495.1362    
   42.75000       471.5255    
   43.00000       449.3149    
   43.25000       428.6481    
   43.50000       409.2224    
   43.75000       390.6243    
 
