#TitleText:Ni(001)-(5x5)-Li     Beam (3/5,2/5)            Rfac10=       1.0000
 #"IV exp
   40.25000       3386.091    
   40.50000       2995.863    
   40.75000       2632.948    
   41.00000       2311.001    
   41.25000       2040.665    
   41.50000       1820.531    
   41.75000       1646.176    
   42.00000       1513.176    
   42.25000       1416.569    
   42.50000       1349.233    
   42.75000       1303.505    
   43.00000       1271.726    
   43.25000       1247.755    
   43.50000       1231.549    
   43.75000       1224.588    
   44.00000       1228.351    
   44.25000       1243.447    
   44.50000       1267.005    
   44.75000       1295.287    
   45.00000       1324.551    
   45.25000       1350.902    
   45.50000       1369.825    
   45.75000       1376.648    
   46.00000       1366.701    
   46.25000       1338.948    
   46.50000       1306.903    
   46.75000       1287.713    
   47.00000       1298.526    
   47.25000       1356.531    
   47.50000       1479.080    
   47.75000       1683.564    
   48.00000       1987.376    
   48.25000       2402.518    
   48.50000       2919.435    
   48.75000       3523.186    
   49.00000       4198.825    
   49.25000       4937.542    
   49.50000       5755.042    
   49.75000       6673.165    
   50.00000       7713.750    
   50.25000       8894.861    
   50.50000       10219.46    
   50.75000       11686.75    
   51.00000       13295.90    
   51.25000       15039.02    
   51.50000       16879.81    
   51.75000       18774.88    
   52.00000       20680.85    
   52.25000       22562.93    
   52.50000       24420.83    
   52.75000       26262.85    
   53.00000       28097.30    
   53.25000       29928.63    
   53.50000       31745.85    
   53.75000       33534.12    
   54.00000       35278.57    
   54.25000       36961.45    
   54.50000       38553.24    
   54.75000       40021.55    
   55.00000       41333.95    
   55.25000       42461.14    
   55.50000       43386.33    
   55.75000       44095.80    
   56.00000       44575.88    
   56.25000       44813.02    
   56.50000       44794.35    
   56.75000       44507.12    
   57.00000       43938.62    
   57.25000       43082.30    
   57.50000       41956.37    
   57.75000       40585.21    
   58.00000       38993.23    
   58.25000       37210.14    
   58.50000       35286.99    
   58.75000       33280.18    
   59.00000       31246.07    
   59.25000       29236.13    
   59.50000       27282.02    
   59.75000       25410.51    
   60.00000       23648.32    
   60.25000       22014.09    
   60.50000       20493.87    
   60.75000       19065.62    
   61.00000       17707.25    
   61.25000       16398.31    
   61.50000       15124.68    
   61.75000       13873.86    
   62.00000       12633.32    
   62.25000       11398.45    
   62.50000       10196.15    
   62.75000       9061.246    
   63.00000       8028.550    
   63.25000       7125.535    
   63.50000       6350.333    
   63.75000       5693.740    
   64.00000       5146.550    
   64.25000       4694.223    
   64.50000       4300.860    
   64.75000       3925.231    
   65.00000       3526.101    
   65.25000       3076.352    
   65.50000       2605.334    
   65.75000       2156.512    
   66.00000       1773.351    
   66.25000       1492.239    
   66.50000       1321.264    
   66.75000       1261.439    
   67.00000       1313.776    
   67.25000       1471.109    
   67.50000       1693.571    
   67.75000       1933.117    
   68.00000       2141.701    
   68.25000       2282.583    
   68.50000       2364.242    
   68.75000       2406.462    
   69.00000       2429.026    
   69.25000       2446.933    
   69.50000       2456.049    
   69.75000       2447.453    
   70.00000       2412.226    
   70.25000       2344.070    
   70.50000       2247.177    
   70.75000       2128.358    
   71.00000       1994.426    
   71.25000       1854.766    
   71.50000       1729.052    
   71.75000       1639.531    
   72.00000       1608.451    
   72.25000       1652.397    
   72.50000       1765.322    
   72.75000       1935.518    
   73.00000       2151.276    
   73.25000       2399.666    
   73.50000       2662.867    
   73.75000       2921.835    
   74.00000       3157.526    
   74.25000       3355.662    
   74.50000       3521.033    
   74.75000       3663.195    
   75.00000       3791.701    
   75.25000       3916.438    
   75.50000       4048.618    
   75.75000       4199.784    
   76.00000       4381.476    
   76.25000       4595.717    
   76.50000       4806.450    
   76.75000       4968.095    
   77.00000       5035.075    
   77.25000       4972.344    
   77.50000       4786.983    
   77.75000       4496.605    
   78.00000       4118.826    
   78.25000       3671.229    
   78.50000       3171.290    
   78.75000       2636.456    
 
