#TitleText:Ni(001)-(5x5)-Li     Beam (4/5,4/5)            Rfac10=       1.1362
 #"IV exp
   72.25000       35.71863    
   72.50000       38.53889    
   72.75000       41.68214    
   73.00000       45.30986    
   73.25000       49.55138    
   73.50000       54.40717    
   73.75000       59.84556    
   74.00000       65.83486    
   74.25000       72.31944    
   74.50000       79.14787    
   74.75000       86.14479    
   75.00000       93.13486    
   75.25000       99.94880    
   75.50000       106.4418    
   75.75000       112.4751    
   76.00000       117.9099    
   76.25000       122.6008    
   76.50000       126.3754    
   76.75000       129.0548    
   77.00000       130.4599    
   77.25000       130.4464    
   77.50000       129.0095    
   77.75000       126.1790    
   78.00000       121.9849    
   78.25000       116.5298    
   78.50000       110.2083    
   78.75000       103.4875    
   79.00000       96.83486    
   79.25000       90.66652    
   79.50000       85.19466    
   79.75000       80.58040    
   80.00000       76.98486    
   80.25000       74.55349    
   80.50000       73.36911    
   80.75000       73.49886    
   81.00000       75.00986    
   81.25000       77.97163    
   81.50000       82.46304    
   81.75000       88.56537    
   82.00000       96.35986    
   82.25000       105.9168    
   82.50000       117.2629    
   82.75000       130.4137    
   83.00000       145.3849    
   83.25000       162.1511    
   83.50000       180.5228    
   83.75000       200.2692    
   84.00000       221.1599    
   84.25000       242.9117    
   84.50000       265.0333    
   84.75000       286.9806    
   85.00000       308.2098    
   85.25000       328.2083    
   85.50000       346.5876    
   85.75000       362.9905    
   86.00000       377.0598    
   86.25000       388.4751    
   86.50000       397.0630    
   86.75000       402.6867    
   87.00000       405.2098    
   87.25000       404.5620    
   87.50000       400.9383    
   87.75000       394.6004    
   88.00000       385.8098    
   88.25000       374.8693    
   88.50000       362.2459    
   88.75000       348.4483    
   89.00000       333.9848    
   89.25000       319.3400    
   89.50000       304.9026    
   89.75000       291.0376    
   90.00000       278.1098    
   90.25000       266.4282    
   90.50000       256.0776    
   90.75000       247.0869    
   91.00000       239.4848    
   91.25000       233.2647    
   91.50000       228.2772    
   91.75000       224.3372    
   92.00000       221.2599    
   92.25000       218.8775    
   92.50000       217.0916    
   92.75000       215.8211    
   93.00000       214.9848    
   93.25000       214.5197    
   93.50000       214.4344    
   93.75000       214.7556    
   94.00000       215.5099    
   94.25000       216.6918    
   94.50000       218.1674    
   94.75000       219.7705    
   95.00000       221.3348    
   95.25000       222.6939    
   95.50000       223.6799    
   95.75000       224.1246    
   96.00000       223.8598    
   96.25000       222.7748    
   96.50000       220.9877    
   96.75000       218.6742    
   97.00000       216.0098    
   97.25000       213.1539    
   97.50000       210.2002    
   97.75000       207.2263    
   98.00000       204.3098    
   98.25000       201.5305    
   98.50000       198.9768    
   98.75000       196.7397    
   99.00000       194.9099    
   99.25000       193.6001    
   99.50000       193.0111    
   99.75000       193.3651    
   100.0000       194.8849    
   100.2500       197.7429    
   100.5000       201.9131    
   100.7500       207.3191    
   101.0000       213.8848    
   101.2500       221.5185    
   101.5000       230.0646    
   101.7500       239.3521    
   102.0000       249.2098    
   102.2500       259.4700    
   102.5000       269.9782    
   102.7500       280.5835    
   103.0000       291.1348    
   103.2500       301.4786    
   103.5000       311.4503    
   103.7500       320.8831    
   104.0000       329.6099    
   104.2500       337.4803    
   104.5000       344.4108    
   104.7500       350.3346    
   105.0000       355.1848    
   105.2500       358.8875    
   105.5000       361.3405    
   105.7500       362.4344    
   106.0000       362.0598    
   106.2500       360.1265    
   106.5000       356.6204    
   106.7500       351.5464    
   107.0000       344.9098    
   107.2500       336.7868    
   107.5000       327.5399    
   107.7500       317.6030    
   108.0000       307.4098    
   108.2500       297.2967    
   108.5000       287.2098    
   108.7500       276.9980    
   109.0000       266.5099    
   109.2500       255.6088    
   109.5000       244.2172    
   109.7500       232.2719    
   110.0000       219.7098    
   110.2500       206.6224    
   110.5000       193.7181    
   110.7500       181.8596    
   111.0000       171.9099    
   111.2500       164.4723    
   111.5000       159.1134    
   111.7500       155.1402    
 
