#TitleText:Ni(001)-(5x5)-Li     Beam (4/5,2/5)            Rfac10=       1.2324
 #"IV exp
   48.25000       4073.056    
   48.50000       4090.015    
   48.75000       4116.645    
   49.00000       4157.782    
   49.25000       4219.161    
   49.50000       4310.120    
   49.75000       4440.898    
   50.00000       4621.732    
   50.25000       4864.519    
   50.50000       5187.784    
   50.75000       5611.710    
   51.00000       6156.481    
   51.25000       6841.916    
   51.50000       7686.368    
   51.75000       8707.827    
   52.00000       9924.282    
   52.25000       11344.38    
   52.50000       12939.41    
   52.75000       14671.31    
   53.00000       16502.03    
   53.25000       18395.66    
   53.50000       20324.84    
   53.75000       22264.38    
   54.00000       24189.08    
   54.25000       26077.60    
   54.50000       27924.10    
   54.75000       29726.60    
   55.00000       31483.13    
   55.25000       33184.82    
   55.50000       34795.30    
   55.75000       36271.30    
   56.00000       37569.53    
   56.25000       38648.52    
   56.50000       39473.92    
   56.75000       40013.16    
   57.00000       40233.68    
   57.25000       40113.00    
   57.50000       39669.00    
   57.75000       38929.67    
   58.00000       37922.98    
   58.25000       36676.45    
   58.50000       35215.70    
   58.75000       33565.91    
   59.00000       31752.23    
   59.25000       29796.43    
   59.50000       27706.65    
   59.75000       25487.65    
   60.00000       23144.18    
   60.25000       20692.03    
   60.50000       18191.17    
   60.75000       15712.61    
   61.00000       13327.38    
   61.25000       11104.90    
   61.50000       9108.283    
   61.75000       7399.044    
   62.00000       6038.707    
   62.25000       5067.972    
   62.50000       4444.256    
   62.75000       4104.153    
   63.00000       3984.257    
   63.25000       4036.318    
   63.50000       4272.706    
   63.75000       4720.943    
   64.00000       5408.557    
   64.25000       6364.429    
   64.50000       7622.882    
   64.75000       9219.598    
   65.00000       11190.26    
   65.25000       13547.79    
   65.50000       16214.08    
   65.75000       19088.30    
   66.00000       22069.58    
   66.25000       25076.14    
   66.50000       28102.50    
   66.75000       31162.23    
   67.00000       34268.93    
   67.25000       37430.65    
   67.50000       40633.37    
   67.75000       43857.50    
   68.00000       47083.48    
   68.25000       50280.00    
   68.50000       53368.71    
   68.75000       56259.54    
   69.00000       58862.38    
   69.25000       61105.02    
   69.50000       62986.70    
   69.75000       64524.54    
   70.00000       65735.68    
   70.25000       66635.88    
   70.50000       67235.52    
   70.75000       67543.62    
   71.00000       67569.23    
   71.25000       67315.45    
   71.50000       66761.73    
   71.75000       65881.66    
   72.00000       64648.76    
   72.25000       63050.09    
   72.50000       61126.68    
   72.75000       58933.05    
   73.00000       56523.76    
   73.25000       53951.52    
   73.50000       51261.94    
   73.75000       48498.81    
   74.00000       45705.93    
   74.25000       42915.83    
   74.50000       40115.94    
   74.75000       37282.42    
   75.00000       34391.43    
   75.25000       31428.30    
   75.50000       28415.05    
   75.75000       25382.84    
   76.00000       22362.85    
   76.25000       19393.61    
   76.50000       16543.02    
   76.75000       13886.33    
   77.00000       11498.78    
   77.25000       9446.219    
   77.50000       7756.790    
   77.75000       6449.232    
   78.00000       5542.282    
   78.25000       5035.441    
   78.50000       4851.281    
   78.75000       4893.141    
   79.00000       5064.357    
   79.25000       5275.922    
   79.50000       5469.437    
   79.75000       5594.155    
   80.00000       5599.332    
   80.25000       5453.225    
   80.50000       5200.111    
   80.75000       4903.270    
   81.00000       4625.982    
   81.25000       4420.913    
   81.50000       4298.264    
   81.75000       4257.625    
   82.00000       4298.582    
   82.25000       4411.377    
   82.50000       4548.867    
   82.75000       4654.565    
   83.00000       4671.982    
   83.25000       4560.382    
   83.50000       4342.040    
   83.75000       4054.981    
   84.00000       3737.232    
   84.25000       3425.422    
   84.50000       3150.590    
   84.75000       2942.379    
   85.00000       2830.432    
   85.25000       2832.005    
   85.50000       2914.806    
   85.75000       3034.158    
   86.00000       3145.382    
   86.25000       3213.383    
   86.50000       3241.393    
   86.75000       3242.229    
   87.00000       3228.707    
   87.25000       3211.679    
   87.50000       3194.151    
   87.75000       3177.163    
   88.00000       3161.757    
   88.25000       3149.789    
   88.50000       3146.362    
   88.75000       3157.396    
   89.00000       3188.807    
   89.25000       3254.447    
   89.50000       3399.894    
   89.75000       3678.660    
   90.00000       4144.257    
   90.25000       4844.845    
   90.50000       5807.180    
   90.75000       7052.665    
   91.00000       8602.707    
   91.25000       10477.16    
   91.50000       12689.72    
   91.75000       15252.51    
   92.00000       18177.68    
   92.25000       21475.18    
   92.50000       25146.27    
   92.75000       29190.03    
   93.00000       33605.53    
   93.25000       38372.25    
   93.50000       43391.26    
   93.75000       48544.05    
   94.00000       53712.11    
   94.25000       58779.68    
   94.50000       63642.09    
   94.75000       68197.45    
   95.00000       72343.84    
   95.25000       76012.36    
   95.50000       79265.92    
   95.75000       82200.40    
   96.00000       84911.70    
   96.25000       87476.68    
   96.50000       89896.15    
   96.75000       92151.89    
   97.00000       94225.70    
   97.25000       96092.24    
   97.50000       97697.78    
   97.75000       98981.45    
   98.00000       99882.42    
   98.25000       100358.0    
   98.50000       100438.5    
   98.75000       100172.2    
   99.00000       99607.64    
   99.25000       98786.67    
   99.50000       97725.49    
   99.75000       96433.77    
   100.0000       94921.22    
   100.2500       93196.48    
   100.5000       91264.10    
   100.7500       89127.55    
   101.0000       86790.32    
   101.2500       84251.70    
   101.5000       81494.05    
   101.7500       78495.56    
   102.0000       75234.43    
   102.2500       71699.24    
   102.5000       67920.38    
   102.7500       63938.66    
   103.0000       59794.88    
   103.2500       55538.97    
   103.5000       51257.25    
   103.7500       47045.16    
   104.0000       42998.13    
   104.2500       39192.19    
   104.5000       35625.75    
   104.7500       32277.82    
   105.0000       29127.43    
   105.2500       26156.50    
   105.5000       23358.65    
   105.7500       20730.43    
   106.0000       18268.38    
   106.2500       15979.66    
   106.5000       13913.96    
   106.7500       12131.58    
   107.0000       10692.83    
   107.2500       9634.986    
   107.5000       8903.174    
   107.7500       8419.483    
   108.0000       8106.007    
   108.2500       7892.389    
   108.5000       7738.483    
   108.7500       7611.695    
   109.0000       7479.432    
   109.2500       7316.118    
   109.5000       7124.251    
   109.7500       6913.351    
 
