#TitleText:Ni(001)-(5x5)-Li     Beam (1,3/5)              Rfac10=       1.0823
 #"IV exp
   64.25000       133.1775    
   64.50000       138.8265    
   64.75000       145.0768    
   65.00000       152.2291    
   65.25000       160.5108    
   65.50000       169.8558    
   65.75000       180.1250    
   66.00000       191.1792    
   66.25000       202.8739    
   66.50000       215.0440    
   66.75000       227.5192    
   67.00000       240.1291    
   67.25000       252.6893    
   67.50000       264.9587    
   67.75000       276.6821    
   68.00000       287.6042    
   68.25000       297.4866    
   68.50000       306.1585    
   68.75000       313.4657    
   69.00000       319.2542    
   69.25000       323.4251    
   69.50000       326.1011    
   69.75000       327.4598    
   70.00000       327.6791    
   70.25000       326.9518    
   70.50000       325.5308    
   70.75000       323.6839    
   71.00000       321.6792    
   71.25000       319.7601    
   71.50000       318.0726    
   71.75000       316.7385    
   72.00000       315.8792    
   72.25000       315.6012    
   72.50000       315.9505    
   72.75000       316.9579    
   73.00000       318.6541    
   73.25000       321.0312    
   73.50000       323.9253    
   73.75000       327.1338    
   74.00000       330.4541    
   74.25000       333.6871    
   74.50000       336.6481    
   74.75000       339.1558    
   75.00000       341.0291    
   75.25000       342.1088    
   75.50000       342.3229    
   75.75000       341.6213    
   76.00000       339.9541    
   76.25000       337.2533    
   76.50000       333.3790    
   76.75000       328.1736    
   77.00000       321.4792    
   77.25000       313.2076    
   77.50000       303.5484    
   77.75000       292.7609    
   78.00000       281.1042    
   78.25000       268.8578    
   78.50000       256.3835    
   78.75000       244.0633    
   79.00000       232.2791    
   79.25000       221.3309    
   79.50000       211.1892    
   79.75000       201.7425    
   80.00000       192.8792    
   80.25000       184.5098    
   80.50000       176.6344    
   80.75000       169.2752    
   81.00000       162.4541    
   81.25000       156.2023    
   81.50000       150.5854    
   81.75000       145.6778    
   82.00000       141.5541    
   82.25000       138.2433    
   82.50000       135.5927    
   82.75000       133.4040    
   83.00000       131.4792    
   83.25000       129.6442    
   83.50000       127.8221    
   83.75000       125.9597    
   84.00000       124.0042    
   84.25000       121.9176    
   84.50000       119.7222    
   84.75000       117.4553    
   85.00000       115.1542    
   85.25000       112.8456    
   85.50000       110.5142    
   85.75000       108.1340    
   86.00000       105.6792    
   86.25000       103.1290    
   86.50000       100.4836    
   86.75000       97.74854    
   87.00000       94.92915    
   87.25000       92.04318    
   87.50000       89.15755    
   87.75000       86.35147    
   88.00000       83.70415    
   88.25000       81.28611    
   88.50000       79.13298    
   88.75000       77.27169    
   89.00000       75.72915    
   89.25000       74.53886    
   89.50000       73.76044    
   89.75000       73.46014    
   90.00000       73.70415    
   90.25000       74.52636    
   90.50000       75.83139    
   90.75000       77.49155    
   91.00000       79.37916    
   91.25000       81.33767    
   91.50000       83.09518    
   91.75000       84.35093    
   92.00000       84.80416    
   92.25000       84.24986    
   92.50000       82.86598    
   92.75000       80.92619    
   93.00000       78.70415    
   93.25000       76.45267    
   93.50000       74.34085    
   93.75000       72.51694    
   94.00000       71.12915    
   94.25000       70.27689    
   94.50000       69.86429    
   94.75000       69.74661    
   95.00000       69.77915    
   95.25000       69.82560    
   95.50000       69.78317    
   95.75000       69.55749    
   96.00000       69.05415    
   96.25000       68.21359    
   96.50000       67.11544    
   96.75000       65.87415    
   97.00000       64.60416    
   97.25000       63.44731    
   97.50000       62.65500    
   97.75000       62.50602    
   98.00000       63.27916    
   98.25000       65.18109    
   98.50000       68.13012    
   98.75000       71.97240    
   99.00000       76.55415    
   99.25000       81.72981    
   99.50000       87.38696    
   99.75000       93.42146    
   100.0000       99.72915    
   100.2500       106.2152    
   100.5000       112.8220    
   100.7500       119.5011    
   101.0000       126.2041    
   101.2500       132.8772    
   101.5000       139.4439    
   101.7500       145.8219    
   102.0000       151.9291    
   102.2500       157.6745    
   102.5000       162.9306    
   102.7500       167.5609    
   103.0000       171.4291    
   103.2500       174.4180    
   103.5000       176.4868    
   103.7500       177.6143    
   104.0000       177.7791    
   104.2500       177.0117    
   104.5000       175.5501    
   104.7500       173.6843    
   105.0000       171.7041    
   105.2500       169.8502    
   105.5000       168.1656    
   105.7500       166.6440    
   106.0000       165.2791    
   106.2500       164.0486    
   106.5000       162.8654    
   106.7500       161.6266    
   107.0000       160.2291    
   107.2500       158.5857    
   107.5000       156.6724    
   107.7500       154.4813    
   108.0000       152.0041    
   108.2500       149.2373    
   108.5000       146.1947    
   108.7500       142.8942    
   109.0000       139.3541    
   109.2500       135.5862    
   109.5000       131.5769    
   109.7500       127.3061    
   110.0000       122.7541    
   110.2500       117.9079    
   110.5000       112.7821    
   110.7500       107.3986    
   111.0000       101.7792    
   111.2500       95.97554    
   111.5000       90.16016    
   111.7500       84.53554    
   112.0000       79.30416    
   112.2500       74.60123    
   112.5000       70.29278    
   112.7500       66.17751    
   113.0000       62.05416    
   113.2500       57.77299    
   113.5000       53.39054    
   113.7500       49.01490    
   114.0000       44.75416    
   114.2500       40.71769    
   114.5000       37.02001    
   114.7500       33.77691    
   115.0000       31.10416    
   115.2500       29.07650    
   115.5000       27.60436    
   115.7500       26.55713    
   116.0000       25.80416    
   116.2500       25.30283    
   116.5000       25.36249    
   116.7500       26.38049    
   117.0000       28.75416    
   117.2500       32.76955    
   117.5000       38.26749    
   117.7500       44.97752    
   118.0000       52.62916    
   118.2500       60.93377    
   118.5000       69.52999    
   118.7500       78.03829    
   119.0000       86.07915    
   119.2500       93.37619    
   119.5000       100.0656    
   119.7500       106.3868    
   120.0000       112.5792    
   120.2500       118.8645    
   120.5000       125.3950    
   120.7500       132.3050    
   121.0000       139.7291    
   121.2500       147.7265    
   121.5000       156.0544    
   121.7500       164.3946    
   122.0000       172.4292    
   122.2500       179.8247    
   122.5000       186.1875    
   122.7500       191.1086    
   123.0000       194.1792    
   123.2500       195.1376    
   123.5000       194.3114    
   123.7500       192.1753    
   124.0000       189.2041    
   124.2500       185.8304    
   124.5000       182.3170    
   124.7500       178.8847    
   125.0000       175.7541    
   125.2500       173.0377    
   125.5000       170.4143    
   125.7500       167.4546    
   126.0000       163.7291    
   126.2500       158.9500    
   126.5000       153.3944    
   126.7500       147.4812    
   127.0000       141.6292    
   127.2500       136.2077    
   127.5000       131.3892    
   127.7500       127.2970    
   128.0000       124.0542    
   128.2500       121.7532    
   128.5000       120.3642    
   128.7500       119.8264    
   129.0000       120.0792    
   129.2500       121.1477    
   129.5000       123.4008    
   129.7500       127.2931    
   130.0000       133.2791    
   130.2500       141.6812    
   130.5000       152.2919    
   130.7500       164.7711    
   131.0000       178.7791    
   131.2500       193.9733    
   131.5000       210.0004    
   131.7500       226.5043    
   132.0000       243.1291    
   132.2500       259.6359    
   132.5000       276.2534    
   132.7500       293.3275    
   133.0000       311.2041    
   133.2500       330.1873    
   133.5000       350.4140    
   133.7500       371.9795    
   134.0000       394.9791    
   134.2500       419.4008    
   134.5000       444.8031    
   134.7500       470.6371    
   135.0000       496.3542    
   135.2500       521.4788    
   135.5000       545.8298    
   135.7500       569.2991    
   136.0000       591.7791    
   136.2500       613.1664    
   136.5000       633.3775    
   136.7500       652.3331    
   137.0000       669.9541    
   137.2500       686.1603    
   137.5000       700.8660    
   137.7500       713.9846    
   138.0000       725.4291    
   138.2500       735.1545    
   138.5000       743.2830    
   138.7500       749.9782    
   139.0000       755.4041    
   139.2500       759.7750    
   139.5000       763.5078    
   139.7500       767.0700    
   140.0000       770.9291    
   140.2500       775.1949    
   140.5000       778.5477    
   140.7500       779.3099    
   141.0000       775.8041    
   141.2500       766.5453    
   141.5000       750.8195    
   141.7500       728.1046    
   142.0000       697.8791    
   142.2500       660.2715    
   142.5000       618.0114    
   142.7500       574.4790    
   143.0000       533.0541    
   143.2500       496.3884    
   143.5000       464.2189    
   143.7500       435.5546    
   144.0000       409.4041    
   144.2500       384.8781    
   144.5000       361.4940    
   144.7500       338.8712    
 
