#TitleText:Ni(001)-(5x5)-Li     Beam (1,1)                Rfac10=       0.6856
 #"IV exp
   86.25000       962.7167    
   86.50000       978.2909    
   86.75000       994.4162    
   87.00000       1011.368    
   87.25000       1029.382    
   87.50000       1048.533    
   87.75000       1068.859    
   88.00000       1090.393    
   88.25000       1113.078    
   88.50000       1136.476    
   88.75000       1160.059    
   89.00000       1183.293    
   89.25000       1205.659    
   89.50000       1226.678    
   89.75000       1245.879    
   90.00000       1262.793    
   90.25000       1277.031    
   90.50000       1288.530    
   90.75000       1297.303    
   91.00000       1303.368    
   91.25000       1306.773    
   91.50000       1307.699    
   91.75000       1306.360    
   92.00000       1302.968    
   92.25000       1297.726    
   92.50000       1290.791    
   92.75000       1282.306    
   93.00000       1272.418    
   93.25000       1261.256    
   93.50000       1248.893    
   93.75000       1235.386    
   94.00000       1220.793    
   94.25000       1205.213    
   94.50000       1188.919    
   94.75000       1172.224    
   95.00000       1155.443    
   95.25000       1138.854    
   95.50000       1122.600    
   95.75000       1106.785    
   96.00000       1091.518    
   96.25000       1076.908    
   96.50000       1063.084    
   96.75000       1050.176    
   97.00000       1038.318    
   97.25000       1027.609    
   97.50000       1018.026    
   97.75000       1009.514    
   98.00000       1002.018    
   98.25000       995.4211    
   98.50000       989.3575    
   98.75000       983.3992    
   99.00000       977.1180    
   99.25000       970.1521    
   99.50000       962.4047    
   99.75000       953.8452    
   100.0000       944.4430    
   100.2500       934.1323    
   100.5000       922.7067    
   100.7500       909.9242    
   101.0000       895.5430    
   101.2500       879.3881    
   101.5000       861.5515    
   101.7500       842.1919    
   102.0000       821.4680    
   102.2500       799.5806    
   102.5000       776.8984    
   102.7500       753.8323    
   103.0000       730.7930    
   103.2500       708.1369    
   103.5000       686.0033    
   103.7500       664.4771    
   104.0000       643.6430    
   104.2500       623.6727    
   104.5000       605.0839    
   104.7500       588.4809    
   105.0000       574.4680    
   105.2500       563.5584    
   105.5000       555.9004    
   105.7500       551.5512    
   106.0000       550.5680    
   106.2500       553.0052    
   106.5000       558.9068    
   106.7500       568.3140    
   107.0000       581.2680    
   107.2500       597.7881    
   107.5000       617.8054    
   107.7500       641.2290    
   108.0000       667.9680    
   108.2500       697.9714    
   108.5000       731.3483    
   108.7500       768.2476    
   109.0000       808.8180    
   109.2500       853.2391    
   109.5000       901.8123    
   109.7500       954.8696    
   110.0000       1012.743    
   110.2500       1075.568    
   110.5000       1142.698    
   110.7500       1213.287    
   111.0000       1286.493    
   111.2500       1361.598    
   111.5000       1438.395    
   111.7500       1516.803    
   112.0000       1596.743    
   112.2500       1678.202    
   112.5000       1761.440    
   112.7500       1846.786    
   113.0000       1934.568    
   113.2500       2025.063    
   113.5000       2118.352    
   113.7500       2214.460    
   114.0000       2313.418    
   114.2500       2415.241    
   114.5000       2519.899    
   114.7500       2627.347    
   115.0000       2737.543    
   115.2500       2850.412    
   115.5000       2965.755    
   115.7500       3083.342    
   116.0000       3202.943    
   116.2500       3324.342    
   116.5000       3447.387    
   116.7500       3571.941    
   117.0000       3697.868    
   117.2500       3825.041    
   117.5000       3953.381    
   117.7500       4082.821    
   118.0000       4213.293    
   118.2500       4344.589    
   118.5000       4475.940    
   118.7500       4606.436    
   119.0000       4735.167    
   119.2500       4861.166    
   119.5000       4983.230    
   119.7500       5100.101    
   120.0000       5210.518    
   120.2500       5313.275    
   120.5000       5407.384    
   120.7500       5491.910    
   121.0000       5565.917    
   121.2500       5628.526    
   121.5000       5679.070    
   121.7500       5716.938    
   122.0000       5741.518    
   122.2500       5752.484    
   122.5000       5750.660    
   122.7500       5737.152    
   123.0000       5713.068    
   123.2500       5679.516    
   123.5000       5637.607    
   123.7500       5588.454    
   124.0000       5533.167    
   124.2500       5472.727    
   124.5000       5407.579    
   124.7500       5338.038    
   125.0000       5264.417    
   125.2500       5187.114    
   125.5000       5106.853    
   125.7500       5024.443    
   126.0000       4940.693    
   126.2500       4856.348    
   126.5000       4771.903    
   126.7500       4687.791    
   127.0000       4604.443    
   127.2500       4522.192    
   127.5000       4440.972    
   127.7500       4360.620    
   128.0000       4280.968    
   128.2500       4201.905    
   128.5000       4123.529    
   128.7500       4045.991    
   129.0000       3969.443    
   129.2500       3894.186    
   129.5000       3821.138    
   129.7500       3751.367    
   130.0000       3685.943    
   130.2500       3625.863    
   130.5000       3571.846    
   130.7500       3524.540    
   131.0000       3484.593    
   131.2500       3452.492    
   131.5000       3428.087    
   131.7500       3411.065    
   132.0000       3401.118    
   132.2500       3398.001    
   132.5000       3401.748    
   132.7500       3412.462    
   133.0000       3430.243    
   133.2500       3455.123    
   133.5000       3486.846    
   133.7500       3525.086    
   134.0000       3569.518    
   134.2500       3619.550    
   134.5000       3673.540    
   134.7500       3729.581    
   135.0000       3785.768    
   135.2500       3840.346    
   135.5000       3892.184    
   135.7500       3940.302    
   136.0000       3983.718    
   136.2500       4021.751    
   136.5000       4054.910    
   136.7500       4083.997    
   137.0000       4109.818    
   137.2500       4133.093    
   137.5000       4154.206    
   137.7500       4173.456    
   138.0000       4191.143    
   138.2500       4207.531    
   138.5000       4222.749    
   138.7500       4236.889    
   139.0000       4250.042    
   139.2500       4262.432    
   139.5000       4274.789    
   139.7500       4287.973    
   140.0000       4302.843    
   140.2500       4319.717    
   140.5000       4336.750    
   140.7500       4351.555    
   141.0000       4361.743    
   141.2500       4365.181    
   141.5000       4360.747    
   141.7500       4347.574    
   142.0000       4324.793    
   142.2500       4292.353    
   142.5000       4253.475    
   142.7500       4212.192    
   143.0000       4172.542    
   143.2500       4137.865    
   143.5000       4108.706    
   143.7500       4084.915    
   144.0000       4066.343    
   144.2500       4052.229    
   144.5000       4039.380    
   144.7500       4023.994    
   145.0000       4002.268    
   145.2500       3971.361    
   145.5000       3932.288    
   145.7500       3887.023    
   146.0000       3837.543    
   146.2500       3786.096    
   146.5000       3736.028    
   146.7500       3690.954    
   147.0000       3654.493    
   147.2500       3628.995    
   147.5000       3611.746    
   147.7500       3598.764    
   148.0000       3586.068    
   148.2500       3570.175    
   148.5000       3549.603    
   148.7500       3523.370    
   149.0000       3490.493    
   149.2500       3450.580    
   149.5000       3405.604    
   149.7500       3358.129    
   150.0000       3310.718    
   150.2500       3265.486    
   150.5000       3222.757    
   150.7500       3182.409    
   151.0000       3144.318    
   151.2500       3108.394    
   151.5000       3074.682    
   151.7500       3043.264    
   152.0000       3014.218    
   152.2500       2987.562    
   152.5000       2963.056    
   152.7500       2940.401    
   153.0000       2919.293    
   153.2500       2899.393    
   153.5000       2880.207    
   153.7500       2861.201    
   154.0000       2841.843    
   154.2500       2821.628    
   154.5000       2800.166    
   154.7500       2777.092    
   155.0000       2752.043    
   155.2500       2724.844    
   155.5000       2696.070    
   155.7500       2666.482    
   156.0000       2636.843    
   156.2500       2607.842    
   156.5000       2579.882    
   156.7500       2553.289    
   157.0000       2528.393    
   157.2500       2505.265    
   157.5000       2482.948    
   157.7500       2460.229    
   158.0000       2435.893    
   158.2500       2408.923    
   158.5000       2379.084    
   158.7500       2346.337    
   159.0000       2310.643    
   159.2500       2272.097    
   159.5000       2231.327    
   159.7500       2189.097    
   160.0000       2146.168    
   160.2500       2103.190    
   160.5000       2060.361    
   160.7500       2017.767    
   161.0000       1975.493    
   161.2500       1933.651    
   161.5000       1892.463    
   161.7500       1852.177    
   162.0000       1813.043    
   162.2500       1775.310    
   162.5000       1739.232    
   162.7500       1705.066    
   163.0000       1673.068    
   163.2500       1643.473    
   163.5000       1616.438    
   163.7500       1592.099    
   164.0000       1570.593    
   164.2500       1551.954    
   164.5000       1535.813    
   164.7500       1521.699    
   165.0000       1509.143    
   165.2500       1497.702    
   165.5000       1487.050    
   165.7500       1476.888    
   166.0000       1466.918    
   166.2500       1456.945    
   166.5000       1447.184    
   166.7500       1437.952    
   167.0000       1429.568    
   167.2500       1422.247    
   167.5000       1415.803    
   167.7500       1409.948    
   168.0000       1404.393    
   168.2500       1398.877    
   168.5000       1393.251    
   168.7500       1387.389    
   169.0000       1381.168    
   169.2500       1374.580    
   169.5000       1368.077    
   169.7500       1362.225    
   170.0000       1357.593    
   170.2500       1354.607    
   170.5000       1353.141    
   170.7500       1352.925    
   171.0000       1353.693    
   171.2500       1355.226    
   171.5000       1357.503    
   171.7500       1360.549    
   172.0000       1364.393    
   172.2500       1369.158    
   172.5000       1375.362    
   172.7500       1383.618    
   173.0000       1394.543    
   173.2500       1408.620    
   173.5000       1425.814    
   173.7500       1445.960    
   174.0000       1468.893    
   174.2500       1494.557    
   174.5000       1523.331    
   174.7500       1555.705    
   175.0000       1592.168    
   175.2500       1633.049    
   175.5000       1678.042    
   175.7500       1726.678    
   176.0000       1778.493    
   176.2500       1833.073    
   176.5000       1890.223    
   176.7500       1949.802    
   177.0000       2011.668    
   177.2500       2075.826    
   177.5000       2142.863    
   177.7500       2213.508    
   178.0000       2288.493    
   178.2500       2368.359    
   178.5000       2452.888    
   178.7500       2541.669    
   179.0000       2634.293    
   179.2500       2730.354    
   179.5000       2829.464    
   179.7500       2931.239    
   180.0000       3035.293    
   180.2500       3141.379    
   180.5000       3249.799    
   180.7500       3360.990    
   181.0000       3475.393    
   181.2500       3593.349    
   181.5000       3714.822    
   181.7500       3839.680    
   182.0000       3967.793    
   182.2500       4099.086    
   182.5000       4233.721    
   182.7500       4371.917    
   183.0000       4513.893    
   183.2500       4660.304    
   183.5000       4813.545    
   183.7500       4976.449    
   184.0000       5151.843    
   184.2500       5342.598    
   184.5000       5551.737    
   184.7500       5782.323    
   185.0000       6037.417    
   185.2500       6319.312    
   185.5000       6627.214    
   185.7500       6959.562    
   186.0000       7314.792    
   186.2500       7691.488    
   186.5000       8088.804    
   186.7500       8506.046    
   187.0000       8942.517    
   187.2500       9398.221    
   187.5000       9875.980    
   187.7500       10379.32    
   188.0000       10911.77    
   188.2500       11475.91    
   188.5000       12070.59    
   188.7500       12693.74    
   189.0000       13343.27    
   189.2500       14016.76    
   189.5000       14710.57    
   189.7500       15420.70    
   190.0000       16143.17    
   190.2500       16874.25    
   190.5000       17611.26    
   190.7500       18351.78    
   191.0000       19093.37    
   191.2500       19833.99    
   191.5000       20573.13    
   191.7500       21310.66    
   192.0000       22046.44    
   192.2500       22780.47    
   192.5000       23513.25    
   192.7500       24245.41    
   193.0000       24977.56    
   193.2500       25709.27    
   193.5000       26435.77    
   193.7500       27151.24    
   194.0000       27849.84    
   194.2500       28524.80    
   194.5000       29165.54    
   194.7500       29760.51    
   195.0000       30298.19    
   195.2500       30769.22    
   195.5000       31172.98    
   195.7500       31511.04    
   196.0000       31784.94    
   196.2500       31997.38    
   196.5000       32155.58    
   196.7500       32267.87    
   197.0000       32342.59    
   197.2500       32386.51    
   197.5000       32400.10    
   197.7500       32382.26    
   198.0000       32331.87    
   198.2500       32249.08    
   198.5000       32139.09    
   198.7500       32008.32    
   199.0000       31863.22    
   199.2500       31709.48    
   199.5000       31549.81    
   199.7500       31386.20    
 
