#TitleText:Ni(001)-(5x5)-Li     Beam (4/5,1/5)            Rfac10=       0.8646
 #"IV exp
   40.25000       230.5260    
   40.50000       227.5547    
   40.75000       224.4118    
   41.00000       221.0116    
   41.25000       217.2861    
   41.50000       213.2386    
   41.75000       208.8900    
   42.00000       204.2616    
   42.25000       199.3972    
   42.50000       194.4325    
   42.75000       189.5261    
   43.00000       184.8366    
   43.25000       180.5014    
   43.50000       176.5729    
   43.75000       173.0826    
   44.00000       170.0616    
   44.25000       167.5313    
   44.50000       165.4734    
   44.75000       163.8596    
   45.00000       162.6616    
   45.25000       161.8600    
   45.50000       161.4716    
   45.75000       161.5219    
   46.00000       162.0366    
   46.25000       163.0488    
   46.50000       164.6221    
   46.75000       166.8277    
   47.00000       169.7366    
   47.25000       173.4212    
   47.50000       177.9593    
   47.75000       183.4297    
   48.00000       189.9116    
   48.25000       197.4569    
   48.50000       206.0102    
   48.75000       215.4892    
   49.00000       225.8116    
   49.25000       236.9106    
   49.50000       248.7820    
   49.75000       261.4369    
   50.00000       274.8866    
   50.25000       289.1528    
   50.50000       304.3000    
   50.75000       320.4029    
   51.00000       337.5366    
   51.25000       355.7662    
   51.50000       375.1187    
   51.75000       395.6114    
   52.00000       417.2615    
   52.25000       440.0481    
   52.50000       463.7975    
   52.75000       488.2976    
   53.00000       513.3365    
   53.25000       538.6484    
   53.50000       563.7511    
   53.75000       588.1091    
   54.00000       611.1865    
   54.25000       632.4832    
   54.50000       651.6423    
   54.75000       668.3421    
   55.00000       682.2615    
   55.25000       693.0457    
   55.50000       700.2054    
   55.75000       703.2182    
   56.00000       701.5615    
   56.25000       694.8858    
   56.50000       683.5334    
   56.75000       668.0202    
   57.00000       648.8615    
   57.25000       626.6921    
   57.50000       602.6235    
   57.75000       577.8865    
   58.00000       553.7115    
   58.25000       531.0985    
   58.50000       510.1229    
   58.75000       490.6290    
   59.00000       472.4615    
   59.25000       455.4459    
   59.50000       439.3324    
   59.75000       423.8522    
   60.00000       408.7366    
   60.25000       393.7823    
   60.50000       379.0480    
   60.75000       364.6580    
   61.00000       350.7366    
   61.25000       337.3749    
   61.50000       324.5326    
   61.75000       312.1360    
   62.00000       300.1115    
   62.25000       288.4065    
   62.50000       277.0504    
   62.75000       266.0937    
   63.00000       255.5865    
   63.25000       245.5656    
   63.50000       236.0130    
   63.75000       226.8972    
   64.00000       218.1866    
   64.25000       209.8539    
   64.50000       201.8887    
   64.75000       194.2850    
   65.00000       187.0366    
   65.25000       180.1599    
   65.50000       173.7610    
   65.75000       167.9687    
   66.00000       162.9116    
   66.25000       158.6761    
   66.50000       155.1805    
   66.75000       152.3003    
   67.00000       149.9116    
   67.25000       147.9170    
   67.50000       146.3272    
   67.75000       145.1796    
   68.00000       144.5116    
   68.25000       144.3615    
   68.50000       144.7708    
   68.75000       145.7817    
   69.00000       147.4366    
   69.25000       149.7474    
   69.50000       152.6059    
   69.75000       155.8735    
   70.00000       159.4116    
   70.25000       163.1065    
   70.50000       166.9438    
   70.75000       170.9337    
   71.00000       175.0866    
   71.25000       179.4171    
   71.50000       183.9573    
   71.75000       188.7433    
   72.00000       193.8116    
   72.25000       199.1882    
   72.50000       204.8590    
   72.75000       210.7999    
   73.00000       216.9866    
   73.25000       223.3880    
   73.50000       229.9449    
   73.75000       236.5915    
   74.00000       243.2616    
   74.25000       249.8920    
   74.50000       256.4307    
   74.75000       262.8286    
   75.00000       269.0366    
   75.25000       275.0038    
   75.50000       280.6736    
   75.75000       285.9873    
   76.00000       290.8866    
   76.25000       295.2983    
   76.50000       299.0912    
   76.75000       302.1193    
   77.00000       304.2365    
   77.25000       305.3241    
   77.50000       305.3714    
   77.75000       304.3950    
   78.00000       302.4116    
   78.25000       299.4707    
   78.50000       295.7550    
   78.75000       291.4801    
   79.00000       286.8616    
   79.25000       282.0917    
   79.50000       277.2687    
   79.75000       272.4671    
   80.00000       267.7616    
   80.25000       263.2224    
   80.50000       258.9022    
   80.75000       254.8492    
   81.00000       251.1116    
   81.25000       247.7431    
   81.50000       244.8200    
   81.75000       242.4239    
   82.00000       240.6366    
   82.25000       239.5343    
   82.50000       239.1716    
   82.75000       239.5977    
   83.00000       240.8616    
   83.25000       242.9861    
   83.50000       245.8881    
   83.75000       249.4581    
   84.00000       253.5866    
   84.25000       258.1737    
   84.50000       263.1581    
   84.75000       268.4879    
   85.00000       274.1116    
   85.25000       280.0023    
   85.50000       286.2335    
   85.75000       292.9038    
   86.00000       300.1116    
   86.25000       307.8999    
   86.50000       316.0898    
   86.75000       324.4468    
   87.00000       332.7366    
   87.25000       340.7269    
   87.50000       348.1954    
   87.75000       354.9220    
   88.00000       360.6866    
   88.25000       365.3185    
   88.50000       368.8448    
   88.75000       371.3420    
   89.00000       372.8866    
   89.25000       373.5417    
   89.50000       373.3168    
   89.75000       372.2080    
   90.00000       370.2116    
   90.25000       367.3117    
   90.50000       363.4451    
   90.75000       358.5368    
   91.00000       352.5116    
   91.25000       345.3510    
   91.50000       337.2628    
   91.75000       328.5115    
   92.00000       319.3616    
   92.25000       310.0629    
   92.50000       300.8075    
   92.75000       291.7729    
   93.00000       283.1366    
   93.25000       275.0114    
   93.50000       267.2516    
   93.75000       259.6468    
   94.00000       251.9866    
   94.25000       244.1090    
   94.50000       236.0462    
   94.75000       227.8785    
   95.00000       219.6866    
   95.25000       211.5699    
   95.50000       203.7050    
   95.75000       196.2870    
   96.00000       189.5116    
   96.25000       183.5200    
   96.50000       178.2377    
   96.75000       173.5361    
   97.00000       169.2866    
   97.25000       165.3664    
   97.50000       161.6762    
   97.75000       158.1225    
   98.00000       154.6116    
   98.25000       151.0924    
   98.50000       147.6831    
   98.75000       144.5443    
   99.00000       141.8366    
   99.25000       139.6999    
   99.50000       138.1920    
   99.75000       137.3502    
   100.0000       137.2116    
   100.2500       137.8272    
   100.5000       139.3027    
   100.7500       141.7577    
   101.0000       145.3116    
   101.2500       150.0679    
   101.5000       156.0665    
   101.7500       163.3314    
   102.0000       171.8866    
   102.2500       181.7027    
   102.5000       192.5381    
   102.7500       204.0977    
   103.0000       216.0866    
   103.2500       228.2695    
   103.5000       240.6505    
   103.7500       253.2933    
   104.0000       266.2616    
   104.2500       279.6055    
   104.5000       293.3200    
   104.7500       307.3866    
   105.0000       321.7866    
   105.2500       336.4784    
   105.5000       351.3293    
   105.7500       366.1839    
   106.0000       380.8865    
   106.2500       395.3305    
   106.5000       409.6039    
   106.7500       423.8436    
   107.0000       438.1866    
   107.2500       452.7404    
   107.5000       467.4963    
   107.7500       482.4161    
   108.0000       497.4615    
   108.2500       512.6177    
   108.5000       527.9614    
   108.7500       543.5927    
   109.0000       559.6116    
   109.2500       576.1230    
   109.5000       593.2524    
   109.7500       611.1301    
   110.0000       629.8865    
   110.2500       649.5792    
   110.5000       669.9736    
   110.7500       690.7618    
   111.0000       711.6365    
   111.2500       732.3317    
   111.5000       752.7477    
   111.7500       772.8269    
   112.0000       792.5115    
   112.2500       811.7520    
   112.5000       830.5328    
   112.7500       848.8468    
   113.0000       866.6865    
   113.2500       884.0266    
   113.5000       900.7679    
   113.7500       916.7938    
   114.0000       931.9865    
   114.2500       946.2297    
   114.5000       959.4080    
   114.7500       971.4069    
   115.0000       982.1115    
   115.2500       991.4517    
   115.5000       999.5346    
   115.7500       1006.512    
   116.0000       1012.536    
   116.2500       1017.775    
   116.5000       1022.460    
   116.7500       1026.840    
   117.0000       1031.162    
   117.2500       1035.595    
   117.5000       1039.994    
   117.7500       1044.133    
   118.0000       1047.786    
   118.2500       1050.819    
   118.5000       1053.457    
   118.7500       1056.016    
   119.0000       1058.812    
   119.2500       1062.052    
   119.5000       1065.512    
   119.7500       1068.859    
   120.0000       1071.762    
   120.2500       1073.847    
   120.5000       1074.582    
   120.7500       1073.394    
   121.0000       1069.712    
   121.2500       1063.184    
   121.5000       1054.356    
   121.7500       1043.993    
   122.0000       1032.862    
   122.2500       1021.636    
   122.5000       1010.625    
   122.7500       1000.045    
   123.0000       990.1115    
   123.2500       980.9360    
   123.5000       972.2083    
   123.7500       963.5135    
   124.0000       954.4365    
   124.2500       944.6180    
   124.5000       933.9230    
   124.7500       922.2722    
   125.0000       909.5865    
   125.2500       895.7910    
   125.5000       880.8281    
   125.7500       864.6443    
   126.0000       847.1865    
   126.2500       828.4372    
   126.5000       808.5242    
   126.7500       787.6111    
   127.0000       765.8615    
   127.2500       743.4664    
   127.5000       720.7252    
   127.7500       697.9647    
   128.0000       675.5115    
   128.2500       653.6199    
   128.5000       632.2535    
   128.7500       611.3037    
   129.0000       590.6616    
   129.2500       570.2030    
   129.5000       549.7424    
   129.7500       529.0790    
   130.0000       508.0116    
   130.2500       486.4207    
   130.5000       464.5117    
   130.7500       442.5714    
   131.0000       420.8866    
   131.2500       399.7251    
   131.5000       379.2800    
   131.7500       359.7258    
   132.0000       341.2366    
   132.2500       323.8742    
   132.5000       307.2501    
   132.7500       290.8629    
   133.0000       274.2116    
   133.2500       256.9354    
   133.5000       239.2360    
   133.7500       221.4556    
   134.0000       203.9366    
   134.2500       187.0245    
   134.5000       171.0786    
   134.7500       156.4618    
   135.0000       143.5366    
   135.2500       132.5354    
   135.5000       123.1689    
   135.7500       115.0176    
   136.0000       107.6616    
   136.2500       100.8050    
   136.5000       94.64632    
   136.7500       89.50779    
   137.0000       85.71159    
   137.2500       83.50363    
   137.5000       82.82468    
   137.7500       83.53918    
   138.0000       85.51159    
   138.2500       88.50507    
   138.5000       91.87762    
   138.7500       94.88589    
   139.0000       96.78658    
   139.2500       97.03738    
   139.5000       95.89999    
   139.7500       93.83715    
 
