#TitleText:Ni(001)-(5x5)-Li     Beam (1/5,1/5)            Rfac10=       0.9771
 #"IV exp
   60.25000       349.4364    
   60.50000       383.8241    
   60.75000       418.5365    
   61.00000       453.7362    
   61.25000       489.6177    
   61.50000       526.5040    
   61.75000       564.7501    
   62.00000       604.7112    
   62.25000       646.6494    
   62.50000       690.4554    
   62.75000       735.9267    
   63.00000       782.8612    
   63.25000       831.0031    
   63.50000       879.8826    
   63.75000       928.9763    
   64.00000       977.7612    
   64.25000       1025.843    
   64.50000       1073.341    
   64.75000       1120.506    
   65.00000       1167.586    
   65.25000       1214.774    
   65.50000       1262.036    
   65.75000       1309.278    
   66.00000       1356.411    
   66.25000       1403.406    
   66.50000       1450.490    
   66.75000       1497.953    
   67.00000       1546.086    
   67.25000       1595.137    
   67.50000       1645.176    
   67.75000       1696.233    
   68.00000       1748.336    
   68.25000       1801.349    
   68.50000       1854.487    
   68.75000       1906.799    
   69.00000       1957.336    
   69.25000       2005.360    
   69.50000       2050.977    
   69.75000       2094.504    
   70.00000       2136.261    
   70.25000       2176.533    
   70.50000       2215.480    
   70.75000       2253.230    
   71.00000       2289.911    
   71.25000       2325.514    
   71.50000       2359.481    
   71.75000       2391.120    
   72.00000       2419.736    
   72.25000       2444.581    
   72.50000       2464.691    
   72.75000       2479.048    
   73.00000       2486.636    
   73.25000       2486.555    
   73.50000       2478.381    
   73.75000       2461.810    
   74.00000       2436.536    
   74.25000       2402.547    
   74.50000       2361.003    
   74.75000       2313.357    
   75.00000       2261.061    
   75.25000       2205.337    
   75.50000       2146.484    
   75.75000       2084.569    
   76.00000       2019.661    
   76.25000       1951.936    
   76.50000       1882.006    
   76.75000       1810.591    
   77.00000       1738.411    
   77.25000       1666.430    
   77.50000       1596.591    
   77.75000       1531.081    
   78.00000       1472.086    
   78.25000       1421.237    
   78.50000       1377.937    
   78.75000       1341.030    
   79.00000       1309.361    
   79.25000       1281.732    
   79.50000       1256.763    
   79.75000       1233.031    
   80.00000       1209.111    
   80.25000       1183.990    
   80.50000       1158.288    
   80.75000       1133.036    
   81.00000       1109.261    
   81.25000       1087.852    
   81.50000       1069.125    
   81.75000       1053.254    
   82.00000       1040.411    
   82.25000       1030.609    
   82.50000       1023.209    
   82.75000       1017.410    
 
