#TitleText:Ni(001)-(5x5)-Li     Beam (1,2/5)              Rfac10=       1.0000
 #"IV exp
   63.25000       188.8204    
   63.50000       185.5256    
   63.75000       182.5239    
   64.00000       179.9616    
   64.25000       177.9638    
   64.50000       176.5695    
   64.75000       175.7963    
   65.00000       175.6616    
   65.25000       176.1830    
   65.50000       177.3783    
   65.75000       179.2652    
   66.00000       181.8616    
   66.25000       185.1861    
   66.50000       189.2617    
   66.75000       194.1123    
   67.00000       199.7616    
   67.25000       206.2197    
   67.50000       213.4412    
   67.75000       221.3666    
   68.00000       229.9366    
   68.25000       239.0662    
   68.50000       248.5680    
   68.75000       258.2291    
   69.00000       267.8366    
   69.25000       277.2054    
   69.50000       286.2626    
   69.75000       294.9630    
   70.00000       303.2616    
   70.25000       311.1098    
   70.50000       318.4449    
   70.75000       325.2009    
   71.00000       331.3116    
   71.25000       336.6863    
   71.50000       341.1366    
   71.75000       344.4493    
   72.00000       346.4115    
   72.25000       346.8456    
   72.50000       345.7156    
   72.75000       343.0211    
   73.00000       338.7616    
   73.25000       332.9756    
   73.50000       325.8578    
   73.75000       317.6418    
   74.00000       308.5616    
   74.25000       298.8457    
   74.50000       288.7039    
   74.75000       278.3409    
   75.00000       267.9616    
   75.25000       257.7380    
   75.50000       247.7117    
   75.75000       237.8916    
   76.00000       228.2866    
   76.25000       218.9437    
   76.50000       210.0627    
   76.75000       201.8810    
   77.00000       194.6366    
   77.25000       188.5542    
   77.50000       183.8072    
   77.75000       180.5562    
   78.00000       178.9616    
   78.25000       179.1285    
   78.50000       180.9404    
   78.75000       184.2254    
   79.00000       188.8116    
   79.25000       194.5435    
   79.50000       201.3319    
   79.75000       209.1039    
   80.00000       217.7866    
   80.25000       227.3017    
   80.50000       237.5484    
   80.75000       248.4205    
   81.00000       259.8116    
   81.25000       271.6014    
   81.50000       283.6129    
   81.75000       295.6549    
   82.00000       307.5366    
   82.25000       319.0561    
   82.50000       329.9697    
   82.75000       340.0229    
   83.00000       348.9616    
   83.25000       356.5738    
   83.50000       362.8185    
   83.75000       367.6972    
   84.00000       371.2115    
   84.25000       373.3908    
   84.50000       374.3758    
   84.75000       374.3349    
   85.00000       373.4366    
   85.25000       371.8329    
   85.50000       369.6101    
   85.75000       366.8380    
   86.00000       363.5865    
   86.25000       359.9212    
   86.50000       355.8906    
   86.75000       351.5392    
   87.00000       346.9116    
   87.25000       342.0338    
   87.50000       336.8595    
   87.75000       331.3237    
   88.00000       325.3616    
   88.25000       318.9288    
   88.50000       312.0627    
   88.75000       304.8210    
   89.00000       297.2616    
   89.25000       289.4474    
   89.50000       281.4623    
   89.75000       273.3957    
   90.00000       265.3365    
   90.25000       257.3754    
   90.50000       249.6073    
   90.75000       242.1289    
   91.00000       235.0366    
   91.25000       228.3980    
   91.50000       222.1653    
   91.75000       216.2620    
   92.00000       210.6116    
   92.25000       205.1449    
   92.50000       199.8229    
   92.75000       194.6140    
   93.00000       189.4866    
   93.25000       184.4723    
   93.50000       179.8562    
   93.75000       175.9866    
   94.00000       173.2116    
   94.25000       171.7615    
   94.50000       171.3936    
   94.75000       171.7472    
 
