#TitleText:Ni(001)-(5x5)-Li     Beam (1,4/5)              Rfac10=       0.8777
 #"IV exp
   72.25000       681.7271    
   72.50000       678.9995    
   72.75000       676.3420    
   73.00000       673.7900    
   73.25000       671.4324    
   73.50000       669.5740    
   73.75000       668.5737    
   74.00000       668.7900    
   74.25000       670.5745    
   74.50000       674.2504    
   74.75000       680.1336    
   75.00000       688.5400    
   75.25000       699.6933    
   75.50000       713.4484    
   75.75000       729.5681    
   76.00000       747.8149    
   76.25000       767.9432    
   76.50000       789.6738    
   76.75000       812.7186    
   77.00000       836.7899    
   77.25000       861.5697    
   77.50000       886.6180    
   77.75000       911.4648    
   78.00000       935.6399    
   78.25000       958.6718    
   78.50000       980.0842    
   78.75000       999.3995    
   79.00000       1016.140    
   79.25000       1029.930    
   79.50000       1040.801    
   79.75000       1048.885    
   80.00000       1054.315    
   80.25000       1057.216    
   80.50000       1057.679    
   80.75000       1055.785    
   81.00000       1051.615    
   81.25000       1045.168    
   81.50000       1036.108    
   81.75000       1024.014    
   82.00000       1008.465    
   82.25000       989.3578    
   82.50000       967.8560    
   82.75000       945.4399    
   83.00000       923.5900    
   83.25000       903.5085    
   83.50000       885.2858    
   83.75000       868.7338    
   84.00000       853.6650    
   84.25000       839.5812    
   84.50000       824.7441    
   84.75000       807.1049    
   85.00000       784.6149    
   85.25000       755.9337    
   85.50000       722.5527    
   85.75000       686.6715    
   86.00000       650.4899    
   86.25000       615.9506    
   86.50000       583.9692    
   86.75000       555.2045    
   87.00000       530.3150    
   87.25000       509.6421    
   87.50000       492.2570    
   87.75000       476.9134    
   88.00000       462.3650    
   88.25000       447.6740    
   88.50000       433.1365    
   88.75000       419.3569    
   89.00000       406.9400    
   89.25000       396.4023    
   89.50000       387.9090    
   89.75000       381.5374    
   90.00000       377.3650    
   90.25000       375.4034    
   90.50000       375.4021    
   90.75000       377.0447    
   91.00000       380.0150    
   91.25000       384.0490    
   91.50000       389.0916    
   91.75000       395.1396    
   92.00000       402.1900    
   92.25000       410.2725    
   92.50000       419.5467    
   92.75000       430.2051    
   93.00000       442.4400    
   93.25000       456.3942    
   93.50000       472.0117    
   93.75000       489.1872    
   94.00000       507.8150    
   94.25000       527.7807    
   94.50000       548.9340    
   94.75000       571.1151    
   95.00000       594.1650    
   95.25000       617.9310    
   95.50000       642.2893    
   95.75000       667.1230    
   96.00000       692.3150    
   96.25000       717.7651    
   96.50000       743.4393    
   96.75000       769.3200    
   97.00000       795.3899    
   97.25000       821.6518    
   97.50000       848.1901    
   97.75000       875.1095    
   98.00000       902.5149    
   98.25000       930.4133    
   98.50000       958.4211    
   98.75000       986.0571    
   99.00000       1012.840    
   99.25000       1038.268    
   99.50000       1061.756    
   99.75000       1082.698    
   100.0000       1100.490    
   100.2500       1114.630    
   100.5000       1125.040    
   100.7500       1131.743    
   101.0000       1134.765    
   101.2500       1134.187    
   101.5000       1130.316    
   101.7500       1123.512    
   102.0000       1114.140    
   102.2500       1102.536    
   102.5000       1088.935    
   102.7500       1073.549    
   103.0000       1056.590    
   103.2500       1038.296    
   103.5000       1019.016    
   103.7500       999.1301    
   104.0000       979.0150    
   104.2500       959.0450    
   104.5000       939.5802    
   104.7500       920.9764    
   105.0000       903.5899    
   105.2500       887.6912    
   105.5000       873.2087    
   105.7500       859.9857    
   106.0000       847.8649    
   106.2500       836.6915    
   106.5000       826.3181    
   106.7500       816.5994    
   107.0000       807.3900    
   107.2500       798.5895    
   107.5000       790.2772    
   107.7500       782.5776    
   108.0000       775.6149    
   108.2500       769.4896    
   108.5000       764.2065    
   108.7500       759.7463    
   109.0000       756.0900    
   109.2500       753.1511    
   109.5000       750.5741    
   109.7500       747.9362    
   110.0000       744.8149    
   110.2500       740.8395    
   110.5000       735.8492    
   110.7500       729.7355    
   111.0000       722.3900    
   111.2500       713.7858    
   111.5000       704.2246    
   111.7500       694.0898    
   112.0000       683.7650    
   112.2500       673.6108    
   112.5000       663.8982    
   112.7500       654.8752    
   113.0000       646.7899    
   113.2500       639.7823    
   113.5000       633.5597    
   113.7500       627.7208    
   114.0000       621.8649    
   114.2500       615.6127    
   114.5000       608.6716    
   114.7500       600.7709    
   115.0000       591.6400    
   115.2500       581.1159    
   115.5000       569.4660    
   115.7500       557.0656    
 
