#TitleText:Ni(001)-(5x5)-Li     Beam (4/5,0)              Rfac10=       0.9213
 #"IV exp
   40.25000       181.3970    
   40.50000       203.0409    
   40.75000       225.9596    
   41.00000       250.7904    
   41.25000       277.9531    
   41.50000       306.9981    
   41.75000       337.2579    
   42.00000       368.0653    
   42.25000       398.7642    
   42.50000       428.7432    
   42.75000       457.4020    
   43.00000       484.1404    
   43.25000       508.3375    
   43.50000       529.2900    
   43.75000       546.2739    
   44.00000       558.5653    
   44.25000       565.5869    
   44.50000       567.3481    
   44.75000       564.0056    
   45.00000       555.7153    
   45.25000       542.7898    
   45.50000       526.1655    
   45.75000       506.9348    
   46.00000       486.1903    
   46.25000       464.9744    
   46.50000       444.1288    
   46.75000       424.4452    
   47.00000       406.7154    
   47.25000       391.6961    
   47.50000       380.0052    
   47.75000       372.2257    
   48.00000       368.9403    
   48.25000       370.6594    
   48.50000       377.6016    
   48.75000       389.9133    
   49.00000       407.7404    
   49.25000       431.2534    
   49.50000       460.7209    
   49.75000       496.4355    
   50.00000       538.6904    
   50.25000       587.7700    
   50.50000       643.9259    
   50.75000       707.4016    
   51.00000       778.4403    
   51.25000       857.2936    
   51.50000       944.2457    
   51.75000       1039.589    
   52.00000       1143.615    
   52.25000       1256.512    
   52.50000       1378.042    
   52.75000       1507.866    
   53.00000       1645.640    
   53.25000       1791.152    
   53.50000       1944.701    
   53.75000       2106.713    
   54.00000       2277.615    
   54.25000       2457.906    
   54.50000       2648.375    
   54.75000       2849.883    
   55.00000       3063.290    
   55.25000       3288.881    
   55.50000       3524.629    
   55.75000       3767.933    
   56.00000       4016.190    
   56.25000       4266.301    
   56.50000       4513.181    
   56.75000       4751.246    
   57.00000       4974.915    
   57.25000       5178.583    
   57.50000       5356.560    
   57.75000       5503.133    
   58.00000       5612.590    
   58.25000       5680.420    
   58.50000       5706.922    
   58.75000       5693.595    
   59.00000       5641.940    
   59.25000       5554.057    
   59.50000       5434.447    
   59.75000       5288.216    
   60.00000       5120.465    
   60.25000       4935.991    
   60.50000       4738.365    
   60.75000       4530.851    
   61.00000       4316.715    
   61.25000       4099.031    
   61.50000       3880.117    
   61.75000       3662.102    
   62.00000       3447.115    
   62.25000       3236.943    
   62.50000       3032.010    
   62.75000       2832.398    
   63.00000       2638.190    
   63.25000       2449.595    
   63.50000       2267.329    
   63.75000       2092.238    
   64.00000       1925.165    
   64.25000       1766.869    
   64.50000       1617.767    
   64.75000       1478.188    
   65.00000       1348.465    
   65.25000       1228.732    
   65.50000       1118.340    
   65.75000       1016.441    
   66.00000       922.1903    
   66.25000       834.8286    
   66.50000       753.9449    
   66.75000       679.2151    
   67.00000       610.3153    
   67.25000       547.0399    
   67.50000       489.6570    
   67.75000       438.5533    
   68.00000       394.1154    
   68.25000       356.7186    
   68.50000       326.6939    
   68.75000       304.3613    
   69.00000       290.0403    
   69.25000       283.9103    
   69.50000       285.5874    
   69.75000       294.5472    
   70.00000       310.2654    
   70.25000       332.1256    
   70.50000       359.1453    
   70.75000       390.2501    
   71.00000       424.3654    
   71.25000       460.4977    
   71.50000       497.9765    
   71.75000       536.2123    
   72.00000       574.6154    
   72.25000       612.6528    
   72.50000       650.0188    
   72.75000       686.4644    
   73.00000       721.7403    
   73.25000       755.6042    
   73.50000       787.8401    
   73.75000       818.2386    
   74.00000       846.5903    
   74.25000       872.7047    
   74.50000       896.4659    
   74.75000       917.7768    
   75.00000       936.5403    
   75.25000       952.6470    
   75.50000       965.9382    
   75.75000       976.2429    
   76.00000       983.3903    
   76.25000       987.3442    
   76.50000       988.6076    
   76.75000       987.8187    
   77.00000       985.6154    
   77.25000       982.5754    
   77.50000       979.0359    
   77.75000       975.2736    
   78.00000       971.5653    
   78.25000       968.1191    
   78.50000       964.8687    
   78.75000       961.6791    
   79.00000       958.4153    
   79.25000       954.9872    
   79.50000       951.4843    
   79.75000       948.0405    
   80.00000       944.7903    
   80.25000       941.8245    
   80.50000       939.0611    
   80.75000       936.3748    
   81.00000       933.6403    
   81.25000       930.7616    
   81.50000       927.7600    
   81.75000       924.6860    
   82.00000       921.5903    
   82.25000       918.4919    
   82.50000       915.2845    
   82.75000       911.8300    
   83.00000       907.9903    
   83.25000       903.6378    
   83.50000       898.6845    
   83.75000       893.0529    
   84.00000       886.6653    
   84.25000       879.5059    
   84.50000       871.8068    
   84.75000       863.8619    
   85.00000       855.9653    
   85.25000       848.3260    
   85.50000       840.8143    
   85.75000       833.2156    
   86.00000       825.3153    
   86.25000       816.8892    
   86.50000       807.6747    
   86.75000       797.3992    
   87.00000       785.7903    
   87.25000       772.6686    
   87.50000       758.2258    
   87.75000       742.7465    
   88.00000       726.5153    
   88.25000       709.8142    
   88.50000       692.9141    
   88.75000       676.0834    
   89.00000       659.5903    
   89.25000       643.6984    
   89.50000       628.6532    
   89.75000       614.6952    
   90.00000       602.0653    
   90.25000       590.9952    
   90.50000       581.6807    
   90.75000       574.3084    
   91.00000       569.0653    
   91.25000       566.0803    
   91.50000       565.2507    
   91.75000       566.4159    
   92.00000       569.4153    
   92.25000       574.0811    
   92.50000       580.2151    
   92.75000       587.6117    
   93.00000       596.0654    
   93.25000       605.3757    
   93.50000       615.3625    
   93.75000       625.8508    
   94.00000       636.6653    
   94.25000       647.6260    
   94.50000       658.5331    
   94.75000       669.1812    
   95.00000       679.3653    
   95.25000       688.8786    
   95.50000       697.5065    
   95.75000       705.0325    
   96.00000       711.2403    
   96.25000       715.9017    
   96.50000       718.7422    
   96.75000       719.4756    
   97.00000       717.8153    
   97.25000       713.4897    
   97.50000       706.2850    
   97.75000       696.0017    
   98.00000       682.4403    
   98.25000       665.4540    
   98.50000       645.1063    
   98.75000       621.5131    
   99.00000       594.7903    
   99.25000       565.1339    
   99.50000       533.0597    
   99.75000       499.1632    
   100.0000       464.0403    
   100.2500       428.2803    
   100.5000       392.4470    
   100.7500       357.0978    
   101.0000       322.7903    
   101.2500       290.0732    
   101.5000       259.4601    
   101.7500       231.4559    
   102.0000       206.5654    
   102.2500       185.2126    
   102.5000       167.4983    
   102.7500       153.4426    
   103.0000       143.0654    
   103.2500       136.2659    
   103.5000       132.4606    
   103.7500       130.9452    
   104.0000       131.0154    
   104.2500       132.0739    
   104.5000       133.9516    
   104.7500       136.5861    
   105.0000       139.9154    
   105.2500       143.8897    
   105.5000       148.5097    
   105.7500       153.7889    
   106.0000       159.7404    
   106.2500       166.3663    
   106.5000       173.6236    
   106.7500       181.4580    
   107.0000       189.8154    
   107.2500       198.6851    
   107.5000       208.2319    
   107.7500       218.6642    
   108.0000       230.1904    
   108.2500       243.0222    
   108.5000       257.3847    
   108.7500       273.5063    
   109.0000       291.6154    
   109.2500       311.9386    
   109.5000       334.6964    
   109.7500       360.1074    
   110.0000       388.3904    
   110.2500       419.6709    
   110.5000       453.7030    
   110.7500       490.1475    
   111.0000       528.6653    
   111.2500       568.9491    
   111.5000       610.8180    
   111.7500       654.1230    
   112.0000       698.7153    
   112.2500       744.4988    
   112.5000       791.5891    
   112.7500       840.1550    
   113.0000       890.3653    
   113.2500       942.3203    
   113.5000       995.8459    
   113.7500       1050.700    
   114.0000       1106.640    
   114.2500       1163.520    
   114.5000       1221.575    
   114.7500       1281.138    
   115.0000       1342.540    
   115.2500       1406.104    
   115.5000       1472.117    
   115.7500       1540.853    
   116.0000       1612.590    
   116.2500       1687.528    
   116.5000       1765.564    
   116.7500       1846.520    
   117.0000       1930.215    
   117.2500       2016.484    
   117.5000       2105.207    
   117.7500       2196.278    
   118.0000       2289.590    
   118.2500       2384.852    
   118.5000       2481.032    
   118.7500       2576.917    
   119.0000       2671.290    
   119.2500       2763.252    
   119.5000       2853.169    
   119.7500       2941.722    
   120.0000       3029.590    
   120.2500       3117.385    
   120.5000       3205.434    
   120.7500       3293.991    
   121.0000       3383.315    
   121.2500       3473.256    
   121.5000       3562.058    
   121.7500       3647.556    
   122.0000       3727.590    
   122.2500       3800.434    
   122.5000       3866.110    
   122.7500       3925.076    
   123.0000       3977.790    
   123.2500       4024.706    
   123.5000       4066.255    
   123.7500       4102.866    
   124.0000       4134.965    
   124.2500       4162.798    
   124.5000       4185.882    
   124.7500       4203.551    
   125.0000       4215.140    
   125.2500       4220.130    
   125.5000       4218.594    
   125.7500       4210.749    
   126.0000       4196.815    
   126.2500       4177.026    
   126.5000       4151.682    
   126.7500       4121.098    
   127.0000       4085.590    
   127.2500       4045.433    
   127.5000       4000.741    
   127.7500       3951.586    
   128.0000       3898.040    
   128.2500       3840.338    
   128.5000       3779.363    
   128.7500       3716.157    
   129.0000       3651.765    
   129.2500       3587.016    
   129.5000       3521.881    
   129.7500       3456.120    
   130.0000       3389.490    
   130.2500       3321.653    
   130.5000       3251.884    
   130.7500       3179.362    
   131.0000       3103.265    
   131.2500       3022.975    
   131.5000       2938.677    
   131.7500       2850.762    
   132.0000       2759.615    
   132.2500       2665.807    
   132.5000       2570.628    
   132.7500       2475.549    
   133.0000       2382.040    
   133.2500       2291.450    
   133.5000       2204.635    
   133.7500       2122.328    
   134.0000       2045.265    
   134.2500       1973.695    
   134.5000       1905.931    
   134.7500       1839.803    
   135.0000       1773.140    
   135.2500       1704.265    
   135.5000       1633.474    
   135.7500       1561.552    
   136.0000       1489.290    
   136.2500       1417.462    
   136.5000       1346.788    
   136.7500       1277.979    
   137.0000       1211.740    
   137.2500       1148.643    
   137.5000       1088.693    
   137.7500       1031.762    
   138.0000       977.7153    
   138.2500       926.2926    
   138.5000       876.7081    
   138.7500       828.0460    
   139.0000       779.3903    
   139.2500       729.6428    
   139.5000       676.9755    
   139.7500       619.3782    
   140.0000       554.8403    
   140.2500       482.0598    
   140.5000       402.5661    
   140.7500       318.5971    
 
