#TitleText:Ni(001)-(5x5)-Li     Beam (3/5,0)              Rfac10=       1.1510
 #"IV theory
   35.25000       2985.394    
   35.50000       2933.187    
   35.75000       2879.854    
   36.00000       2825.525    
   36.25000       2770.328    
   36.50000       2714.385    
   36.75000       2657.815    
   37.00000       2600.738    
   37.25000       2543.275    
   37.50000       2485.543    
   37.75000       2427.664    
   38.00000       2369.757    
   38.25000       2311.938    
   38.50000       2254.308    
   38.75000       2196.965    
   39.00000       2140.006    
   39.25000       2083.522    
   39.50000       2027.573    
   39.75000       1972.213    
   40.00000       1917.495    
   40.25000       1863.469    
   40.50000       1810.169    
   40.75000       1757.627    
   41.00000       1705.874    
   41.25000       1654.941    
   41.50000       1604.860    
   41.75000       1555.661    
   42.00000       1507.377    
   42.25000       1460.035    
   42.50000       1413.658    
   42.75000       1368.266    
   43.00000       1323.877    
   43.25000       1280.507    
   43.50000       1238.156    
   43.75000       1196.821    
   44.00000       1156.497    
   44.25000       1117.179    
   44.50000       1078.852    
   44.75000       1041.502    
   45.00000       1005.113    
   45.25000       969.6681    
   45.50000       935.1528    
   45.75000       901.5511    
   46.00000       868.8477    
   46.25000       837.0268    
   46.50000       806.0734    
   46.75000       775.9726    
   47.00000       746.7098    
   47.25000       718.2701    
   47.50000       690.6398    
   47.75000       663.8057    
   48.00000       637.7543    
   48.25000       612.4722    
   48.50000       587.9468    
   48.75000       564.1655    
   49.00000       541.1154    
   49.25000       518.7841    
   49.50000       497.1587    
   49.75000       476.2267    
   50.00000       455.9754    
   50.25000       436.3928    
   50.50000       417.4695    
   50.75000       399.1966    
   51.00000       381.5653    
   51.25000       364.5682    
   51.50000       348.2029    
   51.75000       332.4683    
   52.00000       317.3633    
   52.25000       302.8874    
   52.50000       289.0428    
   52.75000       275.8323    
   53.00000       263.2586    
   53.25000       251.3246    
   53.50000       240.0329    
   53.75000       229.3864    
   54.00000       219.3878    
   54.25000       210.0398    
   54.50000       201.3443    
   54.75000       193.3033    
   55.00000       185.9187    
   55.25000       179.1920    
   55.50000       173.1235    
   55.75000       167.7134    
   56.00000       162.9618    
   56.25000       158.8685    
   56.50000       155.4330    
   56.75000       152.6543    
   57.00000       150.5317    
   57.25000       149.0643    
   57.50000       148.2514    
   57.75000       148.0921    
   58.00000       148.5855    
   58.25000       149.7303    
   58.50000       151.5221    
   58.75000       153.9560    
   59.00000       157.0272    
   59.25000       160.7294    
   59.50000       165.0508    
   59.75000       169.9784    
   60.00000       175.4991    
   60.25000       181.5991    
   60.50000       188.2620    
   60.75000       195.4705    
   61.00000       203.2076    
   61.25000       211.4559    
   61.50000       220.1985    
   61.75000       229.4181    
   62.00000       239.0975    
   62.25000       249.2192    
   62.50000       259.7644    
   62.75000       270.7137    
   63.00000       282.0479    
   63.25000       293.7470    
   63.50000       305.7884    
   63.75000       318.1486    
   64.00000       330.8040    
   64.25000       343.7311    
   64.50000       356.9047    
   64.75000       370.2990    
   65.00000       383.8889    
   65.25000       397.6485    
   65.50000       411.5525    
   65.75000       425.5753    
   66.00000       439.6915    
   66.25000       453.8757    
   66.50000       468.1039    
   66.75000       482.3519    
   67.00000       496.5960    
   67.25000       510.8127    
   67.50000       524.9807    
   67.75000       539.0792    
   68.00000       553.0877    
   68.25000       566.9854    
   68.50000       580.7531    
   68.75000       594.3716    
   69.00000       607.8215    
   69.25000       621.0839    
   69.50000       634.1395    
   69.75000       646.9691    
   70.00000       659.5537    
   70.25000       671.8748    
   70.50000       683.9175    
   70.75000       695.6671    
   71.00000       707.1097    
   71.25000       718.2324    
   71.50000       729.0291    
   71.75000       739.4951    
   72.00000       749.6261    
   72.25000       759.4179    
   72.50000       768.8706    
   72.75000       777.9838    
   73.00000       786.7583    
   73.25000       795.1942    
   73.50000       803.2919    
   73.75000       811.0515    
   74.00000       818.4735    
   74.25000       825.5587    
   74.50000       832.3096    
   74.75000       838.7294    
   75.00000       844.8214    
   75.25000       850.5896    
   75.50000       856.0419    
   75.75000       861.1874    
   76.00000       866.0347    
   76.25000       870.5934    
   76.50000       874.8748    
   76.75000       878.8904    
   77.00000       882.6523    
   77.25000       886.1719    
   77.50000       889.4612    
   77.75000       892.5321    
   78.00000       895.3961    
   78.25000       898.0651    
   78.50000       900.5507    
   78.75000       902.8645    
   79.00000       905.0186    
   79.25000       907.0244    
   79.50000       908.8937    
   79.75000       910.6382    
   80.00000       912.2695    
   80.25000       913.7990    
   80.50000       915.2386    
   80.75000       916.5999    
   81.00000       917.8942    
   81.25000       919.1335    
   81.50000       920.3291    
   81.75000       921.4927    
   82.00000       922.6361    
   82.25000       923.7702    
   82.50000       924.9053    
   82.75000       926.0508    
   83.00000       927.2164    
   83.25000       928.4110    
   83.50000       929.6411    
   83.75000       930.9122    
   84.00000       932.2299    
   84.25000       933.5995    
   84.50000       935.0252    
   84.75000       936.5106    
   85.00000       938.0593    
   85.25000       939.6751    
   85.50000       941.3615    
   85.75000       943.1222    
   86.00000       944.9609    
   86.25000       946.8809    
   86.50000       948.8840    
   86.75000       950.9713    
   87.00000       953.1443    
   87.25000       955.4038    
   87.50000       957.7469    
   87.75000       960.1704    
   88.00000       962.6711    
   88.25000       965.2450    
   88.50000       967.8872    
   88.75000       970.5920    
   89.00000       973.3533    
   89.25000       976.1660    
   89.50000       979.0244    
   89.75000       981.9224    
   90.00000       984.8547    
   90.25000       987.8157    
   90.50000       990.7988    
   90.75000       993.7979    
   91.00000       996.8065    
   91.25000       999.8181    
   91.50000       1002.825    
   91.75000       1005.820    
   92.00000       1008.794    
   92.25000       1011.741    
   92.50000       1014.652    
   92.75000       1017.517    
   93.00000       1020.330    
   93.25000       1023.080    
   93.50000       1025.761    
   93.75000       1028.363    
   94.00000       1030.877    
   94.25000       1033.297    
   94.50000       1035.613    
   94.75000       1037.820    
   95.00000       1039.909    
   95.25000       1041.874    
   95.50000       1043.710    
   95.75000       1045.411    
   96.00000       1046.974    
   96.25000       1048.394    
   96.50000       1049.666    
   96.75000       1050.788    
   97.00000       1051.755    
   97.25000       1052.565    
   97.50000       1053.214    
   97.75000       1053.698    
   98.00000       1054.013    
   98.25000       1054.157    
   98.50000       1054.128    
   98.75000       1053.923    
   99.00000       1053.543    
   99.25000       1052.986    
   99.50000       1052.254    
   99.75000       1051.350    
   100.0000       1050.276    
   100.2500       1049.036    
   100.5000       1047.635    
   100.7500       1046.076    
   101.0000       1044.366    
   101.2500       1042.508    
   101.5000       1040.507    
   101.7500       1038.369    
   102.0000       1036.099    
   102.2500       1033.700    
   102.5000       1031.180    
   102.7500       1028.546    
   103.0000       1025.803    
   103.2500       1022.960    
   103.5000       1020.024    
   103.7500       1017.007    
   104.0000       1013.919    
   104.2500       1010.769    
   104.5000       1007.570    
   104.7500       1004.333    
   105.0000       1001.070    
   105.2500       997.7924    
   105.5000       994.5123    
   105.7500       991.2413    
   106.0000       987.9913    
   106.2500       984.7742    
   106.5000       981.6021    
   106.7500       978.4873    
   107.0000       975.4418    
   107.2500       972.4783    
   107.5000       969.6095    
   107.7500       966.8489    
   108.0000       964.2094    
   108.2500       961.7045    
   108.5000       959.3475    
   108.7500       957.1520    
   109.0000       955.1319    
   109.2500       953.3007    
   109.5000       951.6719    
   109.7500       950.2593    
   110.0000       949.0763    
   110.2500       948.1367    
   110.5000       947.4531    
   110.7500       947.0386    
   111.0000       946.9060    
   111.2500       947.0675    
   111.5000       947.5349    
   111.7500       948.3192    
   112.0000       949.4313    
   112.2500       950.8827    
   112.5000       952.6835    
   112.7500       954.8442    
   113.0000       957.3749    
   113.2500       960.2863    
   113.5000       963.5883    
   113.7500       967.2916    
   114.0000       971.4061    
   114.2500       975.9423    
   114.5000       980.9091    
   114.7500       986.3152    
   115.0000       992.1696    
   115.2500       998.4805    
   115.5000       1005.254    
   115.7500       1012.497    
   116.0000       1020.214    
   116.2500       1028.411    
   116.5000       1037.093    
   116.7500       1046.264    
   117.0000       1055.929    
   117.2500       1066.090    
   117.5000       1076.754    
   117.7500       1087.924    
   118.0000       1099.605    
   118.2500       1111.800    
   118.5000       1124.513    
   118.7500       1137.746    
   119.0000       1151.501    
   119.2500       1165.781    
   119.5000       1180.586    
   119.7500       1195.913    
   120.0000       1211.763    
   120.2500       1228.135    
   120.5000       1245.024    
   120.7500       1262.430    
   121.0000       1280.350    
   121.2500       1298.780    
   121.5000       1317.718    
   121.7500       1337.161    
   122.0000       1357.107    
   122.2500       1377.553    
   122.5000       1398.494    
   122.7500       1419.927    
   123.0000       1441.847    
   123.2500       1464.249    
   123.5000       1487.127    
   123.7500       1510.473    
   124.0000       1534.280    
   124.2500       1558.540    
   124.5000       1583.245    
   124.7500       1608.385    
   125.0000       1633.952    
   125.2500       1659.937    
   125.5000       1686.330    
   125.7500       1713.123    
   126.0000       1740.307    
   126.2500       1767.874    
   126.5000       1795.812    
   126.7500       1824.114    
   127.0000       1852.770    
   127.2500       1881.770    
   127.5000       1911.104    
   127.7500       1940.762    
   128.0000       1970.733    
   128.2500       2001.008    
   128.5000       2031.575    
   128.7500       2062.423    
   129.0000       2093.542    
   129.2500       2124.921    
   129.5000       2156.550    
   129.7500       2188.417    
   130.0000       2220.511    
   130.2500       2252.823    
   130.5000       2285.340    
   130.7500       2318.052    
   131.0000       2350.949    
   131.2500       2384.018    
   131.5000       2417.249    
   131.7500       2450.631    
   132.0000       2484.152    
   132.2500       2517.800    
   132.5000       2551.564    
   132.7500       2585.434    
   133.0000       2619.396    
   133.2500       2653.441    
   133.5000       2687.556    
   133.7500       2721.729    
   134.0000       2755.951    
   134.2500       2790.207    
   134.5000       2824.488    
   134.7500       2858.782    
   135.0000       2893.078    
   135.2500       2927.364    
   135.5000       2961.628    
   135.7500       2995.860    
   136.0000       3030.047    
   136.2500       3064.179    
   136.5000       3098.244    
   136.7500       3132.231    
   137.0000       3166.129    
   137.2500       3199.926    
   137.5000       3233.611    
   137.7500       3267.172    
   138.0000       3300.599    
   138.2500       3333.879    
   138.5000       3367.003    
   138.7500       3399.959    
   139.0000       3432.737    
   139.2500       3465.326    
   139.5000       3497.716    
   139.7500       3529.898    
   140.0000       3561.862    
   140.2500       3593.598    
   140.5000       3625.098    
   140.7500       3656.352    
   141.0000       3687.352    
   141.2500       3718.088    
   141.5000       3748.551    
   141.7500       3778.733    
   142.0000       3808.624    
   142.2500       3838.216    
   142.5000       3867.499    
   142.7500       3896.467    
   143.0000       3925.111    
   143.2500       3953.424    
   143.5000       3981.399    
   143.7500       4009.030    
   144.0000       4036.311    
   144.2500       4063.237    
   144.5000       4089.802    
   144.7500       4116.001    
   145.0000       4141.830    
   145.2500       4167.282    
   145.5000       4192.354    
   145.7500       4217.040    
 
