#TitleText:Ni(001)-(5x5)-Li     Beam (1,4/5)              Rfac10=       0.8777
 #"IV theory
   72.25000      3.5537569E+09
   72.50000      3.5023841E+09
   72.75000      3.4505628E+09
   73.00000      3.3983731E+09
   73.25000      3.3458980E+09
   73.50000      3.2932175E+09
   73.75000      3.2404152E+09
   74.00000      3.1875712E+09
   74.25000      3.1347653E+09
   74.50000      3.0820659E+09
   74.75000      3.0295401E+09
   75.00000      2.9772541E+09
   75.25000      2.9252692E+09
   75.50000      2.8736274E+09
   75.75000      2.8223644E+09
   76.00000      2.7715169E+09
   76.25000      2.7211190E+09
   76.50000      2.6711939E+09
   76.75000      2.6217633E+09
   77.00000      2.5728486E+09
   77.25000      2.5244710E+09
   77.50000      2.4766518E+09
   77.75000      2.4294124E+09
   78.00000      2.3827743E+09
   78.25000      2.3367572E+09
   78.50000      2.2913779E+09
   78.75000      2.2466509E+09
   79.00000      2.2025910E+09
   79.25000      2.1592115E+09
   79.50000      2.1165169E+09
   79.75000      2.0745089E+09
   80.00000      2.0331903E+09
   80.25000      1.9925623E+09
   80.50000      1.9526221E+09
   80.75000      1.9133650E+09
   81.00000      1.8747877E+09
   81.25000      1.8368859E+09
   81.50000      1.7996556E+09
   81.75000      1.7630929E+09
   82.00000      1.7271933E+09
   82.25000      1.6919533E+09
   82.50000      1.6573679E+09
   82.75000      1.6234326E+09
   83.00000      1.5901428E+09
   83.25000      1.5574939E+09
   83.50000      1.5254797E+09
   83.75000      1.4940948E+09
   84.00000      1.4633334E+09
   84.25000      1.4331892E+09
   84.50000      1.4036563E+09
   84.75000      1.3747279E+09
   85.00000      1.3463978E+09
   85.25000      1.3186593E+09
   85.50000      1.2915062E+09
   85.75000      1.2649318E+09
   86.00000      1.2389302E+09
   86.25000      1.2134941E+09
   86.50000      1.1886179E+09
   86.75000      1.1642948E+09
   87.00000      1.1405188E+09
   87.25000      1.1172833E+09
   87.50000      1.0945824E+09
   87.75000      1.0724099E+09
   88.00000      1.0507596E+09
   88.25000      1.0296256E+09
   88.50000      1.0090017E+09
   88.75000      9.8888192E+08
   89.00000      9.6926048E+08
   89.25000      9.5013114E+08
   89.50000      9.3148787E+08
   89.75000      9.1332493E+08
   90.00000      8.9563603E+08
   90.25000      8.7841530E+08
   90.50000      8.6165606E+08
   90.75000      8.4535194E+08
   91.00000      8.2949651E+08
   91.25000      8.1408301E+08
   91.50000      7.9910400E+08
   91.75000      7.8455174E+08
   92.00000      7.7041901E+08
   92.25000      7.5669798E+08
   92.50000      7.4338054E+08
   92.75000      7.3045862E+08
   93.00000      7.1792422E+08
   93.25000      7.0576909E+08
   93.50000      6.9398528E+08
   93.75000      6.8256474E+08
   94.00000      6.7149914E+08
   94.25000      6.6078048E+08
   94.50000      6.5040038E+08
   94.75000      6.4035066E+08
   95.00000      6.3062272E+08
   95.25000      6.2120826E+08
   95.50000      6.1209843E+08
   95.75000      6.0328442E+08
   96.00000      5.9475744E+08
   96.25000      5.8650842E+08
   96.50000      5.7852845E+08
   96.75000      5.7080832E+08
   97.00000      5.6333888E+08
   97.25000      5.5611104E+08
   97.50000      5.4911565E+08
   97.75000      5.4234374E+08
   98.00000      5.3578608E+08
   98.25000      5.2943366E+08
   98.50000      5.2327821E+08
   98.75000      5.1731133E+08
   99.00000      5.1152477E+08
   99.25000      5.0591053E+08
   99.50000      5.0046176E+08
   99.75000      4.9517184E+08
   100.0000      4.9003421E+08
   100.2500      4.8504237E+08
   100.5000      4.8019050E+08
   100.7500      4.7547280E+08
   101.0000      4.7088349E+08
   101.2500      4.6641693E+08
   101.5000      4.6206723E+08
   101.7500      4.5782877E+08
   102.0000      4.5369571E+08
   102.2500      4.4966256E+08
   102.5000      4.4572490E+08
   102.7500      4.4187824E+08
   103.0000      4.3811843E+08
   103.2500      4.3444160E+08
   103.5000      4.3084589E+08
   103.7500      4.2732992E+08
   104.0000      4.2389242E+08
   104.2500      4.2053210E+08
   104.5000      4.1724883E+08
   104.7500      4.1404275E+08
   105.0000      4.1091392E+08
   105.2500      4.0786234E+08
   105.5000      4.0488813E+08
   105.7500      4.0199139E+08
   106.0000      3.9917219E+08
   106.2500      3.9643078E+08
   106.5000      3.9376768E+08
   106.7500      3.9118371E+08
   107.0000      3.8867965E+08
   107.2500      3.8625645E+08
   107.5000      3.8391597E+08
   107.7500      3.8166035E+08
   108.0000      3.7949168E+08
   108.2500      3.7741219E+08
   108.5000      3.7542458E+08
   108.7500      3.7353152E+08
   109.0000      3.7173590E+08
   109.2500      3.7004045E+08
   109.5000      3.6844806E+08
   109.7500      3.6696134E+08
   110.0000      3.6558320E+08
   110.2500      3.6431632E+08
   110.5000      3.6316314E+08
   110.7500      3.6212595E+08
   111.0000      3.6120714E+08
   111.2500      3.6040890E+08
   111.5000      3.5973283E+08
   111.7500      3.5918051E+08
   112.0000      3.5875328E+08
   112.2500      3.5845261E+08
   112.5000      3.5827952E+08
   112.7500      3.5823523E+08
   113.0000      3.5832067E+08
   113.2500      3.5853683E+08
   113.5000      3.5888486E+08
   113.7500      3.5936579E+08
   114.0000      3.5998058E+08
   114.2500      3.6073014E+08
   114.5000      3.6161488E+08
   114.7500      3.6263498E+08
   115.0000      3.6379056E+08
   115.2500      3.6508170E+08
   115.5000      3.6650714E+08
   115.7500      3.6806534E+08
 
