#TitleText:Ni(001)-(5x5)-Li     Beam (4/5,4/5)            Rfac10=       1.1362
 #"IV theory
   72.25000       347.3286    
   72.50000       339.2171    
   72.75000       331.3401    
   73.00000       323.6922    
   73.25000       316.2677    
   73.50000       309.0609    
   73.75000       302.0660    
   74.00000       295.2775    
   74.25000       288.6898    
   74.50000       282.2980    
   74.75000       276.0973    
   75.00000       270.0829    
   75.25000       264.2504    
   75.50000       258.5965    
   75.75000       253.1182    
   76.00000       247.8126    
   76.25000       242.6768    
   76.50000       237.7088    
   76.75000       232.9063    
   77.00000       228.2674    
   77.25000       223.7899    
   77.50000       219.4719    
   77.75000       215.3112    
   78.00000       211.3058    
   78.25000       207.4538    
   78.50000       203.7536    
   78.75000       200.2039    
   79.00000       196.8032    
   79.25000       193.5503    
   79.50000       190.4449    
   79.75000       187.4870    
   80.00000       184.6764    
   80.25000       182.0131    
   80.50000       179.4977    
   80.75000       177.1305    
   81.00000       174.9122    
   81.25000       172.8434    
   81.50000       170.9246    
   81.75000       169.1564    
   82.00000       167.5393    
   82.25000       166.0737    
   82.50000       164.7599    
   82.75000       163.5979    
   83.00000       162.5878    
   83.25000       161.7294    
   83.50000       161.0222    
   83.75000       160.4650    
   84.00000       160.0571    
   84.25000       159.7975    
   84.50000       159.6849    
   84.75000       159.7179    
   85.00000       159.8951    
   85.25000       160.2151    
   85.50000       160.6765    
   85.75000       161.2781    
   86.00000       162.0183    
   86.25000       162.8956    
   86.50000       163.9079    
   86.75000       165.0527    
   87.00000       166.3276    
   87.25000       167.7299    
   87.50000       169.2555    
   87.75000       170.9001    
   88.00000       172.6593    
   88.25000       174.5283    
   88.50000       176.5021    
   88.75000       178.5752    
   89.00000       180.7421    
   89.25000       182.9975    
   89.50000       185.3360    
   89.75000       187.7521    
   90.00000       190.2405    
   90.25000       192.7956    
   90.50000       195.4117    
   90.75000       198.0832    
   91.00000       200.8041    
   91.25000       203.5687    
   91.50000       206.3705    
   91.75000       209.2031    
   92.00000       212.0600    
   92.25000       214.9347    
   92.50000       217.8204    
   92.75000       220.7102    
   93.00000       223.5974    
   93.25000       226.4751    
   93.50000       229.3363    
   93.75000       232.1744    
   94.00000       234.9825    
   94.25000       237.7539    
   94.50000       240.4822    
   94.75000       243.1614    
   95.00000       245.7851    
   95.25000       248.3476    
   95.50000       250.8437    
   95.75000       253.2685    
   96.00000       255.6172    
   96.25000       257.8851    
   96.50000       260.0679    
   96.75000       262.1614    
   97.00000       264.1614    
   97.25000       266.0637    
   97.50000       267.8641    
   97.75000       269.5584    
   98.00000       271.1426    
   98.25000       272.6125    
   98.50000       273.9649    
   98.75000       275.1968    
   99.00000       276.3050    
   99.25000       277.2870    
   99.50000       278.1414    
   99.75000       278.8675    
   100.0000       279.4645    
   100.2500       279.9318    
   100.5000       280.2695    
   100.7500       280.4778    
   101.0000       280.5572    
   101.2500       280.5078    
   101.5000       280.3301    
   101.7500       280.0243    
   102.0000       279.5907    
   102.2500       279.0298    
   102.5000       278.3427    
   102.7500       277.5303    
   103.0000       276.5938    
   103.2500       275.5347    
   103.5000       274.3553    
   103.7500       273.0586    
   104.0000       271.6471    
   104.2500       270.1239    
   104.5000       268.4925    
   104.7500       266.7562    
   105.0000       264.9188    
   105.2500       262.9837    
   105.5000       260.9547    
   105.7500       258.8352    
   106.0000       256.6288    
   106.2500       254.3392    
   106.5000       251.9701    
   106.7500       249.5253    
   107.0000       247.0088    
   107.2500       244.4243    
   107.5000       241.7762    
   107.7500       239.0687    
   108.0000       236.3062    
   108.2500       233.4930    
   108.5000       230.6337    
   108.7500       227.7328    
   109.0000       224.7950    
   109.2500       221.8247    
   109.5000       218.8265    
   109.7500       215.8051    
   110.0000       212.7650    
   110.2500       209.7106    
   110.5000       206.6463    
   110.7500       203.5760    
   111.0000       200.5038    
   111.2500       197.4339    
   111.5000       194.3693    
   111.7500       191.3135    
 
