#TitleText:Ni(001)-(5x5)-Li     Beam (3/5,1/5)            Rfac10=       0.9140
 #"IV theory
   40.25000       313.8055    
   40.50000       314.2719    
   40.75000       314.5287    
   41.00000       314.5748    
   41.25000       314.4089    
   41.50000       314.0299    
   41.75000       313.4364    
   42.00000       312.6273    
   42.25000       311.6016    
   42.50000       310.3595    
   42.75000       308.9016    
   43.00000       307.2284    
   43.25000       305.3410    
   43.50000       303.2430    
   43.75000       300.9384    
   44.00000       298.4312    
   44.25000       295.7259    
   44.50000       292.8280    
   44.75000       289.7434    
   45.00000       286.4779    
   45.25000       283.0374    
   45.50000       279.4276    
   45.75000       275.6546    
   46.00000       271.7241    
   46.25000       267.6420    
   46.50000       263.4150    
   46.75000       259.0497    
   47.00000       254.5528    
   47.25000       249.9312    
   47.50000       245.1929    
   47.75000       240.3463    
   48.00000       235.3997    
   48.25000       230.3615    
   48.50000       225.2408    
   48.75000       220.0465    
   49.00000       214.7880    
   49.25000       209.4743    
   49.50000       204.1146    
   49.75000       198.7180    
   50.00000       193.2935    
   50.25000       187.8504    
   50.50000       182.3973    
   50.75000       176.9429    
   51.00000       171.4959    
   51.25000       166.0648    
   51.50000       160.6576    
   51.75000       155.2821    
   52.00000       149.9460    
   52.25000       144.6570    
   52.50000       139.4227    
   52.75000       134.2502    
   53.00000       129.1469    
   53.25000       124.1202    
   53.50000       119.1774    
   53.75000       114.3259    
   54.00000       109.5729    
   54.25000       104.9256    
   54.50000       100.3901    
   54.75000       95.97227    
   55.00000       91.67805    
   55.25000       87.51284    
   55.50000       83.48010    
   55.75000       79.58286    
   56.00000       75.82413    
   56.25000       72.20667    
   56.50000       68.73228    
   56.75000       65.40253    
   57.00000       62.21899    
   57.25000       59.18321    
   57.50000       56.29678    
   57.75000       53.56125    
   58.00000       50.97818    
   58.25000       48.54893    
   58.50000       46.27402    
   58.75000       44.15378    
   59.00000       42.18852    
   59.25000       40.37815    
   59.50000       38.72090    
   59.75000       37.21460    
   60.00000       35.85707    
   60.25000       34.64593    
   60.50000       33.57795    
   60.75000       32.64973    
   61.00000       31.85783    
   61.25000       31.19883    
   61.50000       30.66931    
   61.75000       30.26584    
   62.00000       29.98500    
   62.25000       29.82331    
   62.50000       29.77703    
   62.75000       29.84238    
   63.00000       30.01557    
   63.25000       30.29268    
   63.50000       30.66930    
   63.75000       31.14093    
   64.00000       31.70303    
   64.25000       32.35102    
   64.50000       33.08007    
   64.75000       33.88528    
   65.00000       34.76178    
   65.25000       35.70466    
   65.50000       36.70903    
   65.75000       37.77002    
   66.00000       38.88271    
   66.25000       40.04229    
   66.50000       41.24417    
   66.75000       42.48384    
   67.00000       43.75676    
   67.25000       45.05855    
   67.50000       46.38530    
   67.75000       47.73322    
   68.00000       49.09854    
   68.25000       50.47754    
   68.50000       51.86674    
   68.75000       53.26273    
   69.00000       54.66211    
   69.25000       56.06146    
   69.50000       57.45737    
   69.75000       58.84643    
   70.00000       60.22523    
   70.25000       61.59045    
   70.50000       62.93925    
   70.75000       64.26888    
   71.00000       65.57658    
   71.25000       66.85979    
   71.50000       68.11690    
   71.75000       69.34645    
   72.00000       70.54700    
   72.25000       71.71723    
   72.50000       72.85625    
   72.75000       73.96329    
   73.00000       75.03755    
   73.25000       76.07828    
   73.50000       77.08468    
   73.75000       78.05598    
   74.00000       78.99139    
   74.25000       79.89023    
   74.50000       80.75203    
   74.75000       81.57641    
   75.00000       82.36301    
   75.25000       83.11158    
   75.50000       83.82240    
   75.75000       84.49591    
   76.00000       85.13254    
   76.25000       85.73277    
   76.50000       86.29736    
   76.75000       86.82714    
   77.00000       87.32294    
   77.25000       87.78559    
   77.50000       88.21590    
   77.75000       88.61472    
   78.00000       88.98287    
   78.25000       89.32120    
   78.50000       89.63061    
   78.75000       89.91206    
   79.00000       90.16647    
   79.25000       90.39483    
   79.50000       90.59827    
   79.75000       90.77793    
   80.00000       90.93501    
   80.25000       91.07066    
   80.50000       91.18614    
   80.75000       91.28274    
   81.00000       91.36173    
   81.25000       91.42438    
   81.50000       91.47195    
   81.75000       91.50575    
   82.00000       91.52703    
   82.25000       91.53706    
   82.50000       91.53712    
   82.75000       91.52843    
   83.00000       91.51225    
   83.25000       91.48982    
   83.50000       91.46236    
   83.75000       91.43107    
   84.00000       91.39714    
   84.25000       91.36178    
   84.50000       91.32615    
   84.75000       91.29147    
   85.00000       91.25888    
   85.25000       91.22957    
   85.50000       91.20471    
   85.75000       91.18549    
   86.00000       91.17307    
   86.25000       91.16865    
   86.50000       91.17338    
   86.75000       91.18843    
   87.00000       91.21499    
   87.25000       91.25421    
   87.50000       91.30727    
   87.75000       91.37529    
   88.00000       91.45945    
   88.25000       91.56091    
   88.50000       91.68081    
   88.75000       91.82029    
   89.00000       91.98052    
   89.25000       92.16265    
   89.50000       92.36782    
   89.75000       92.59717    
   90.00000       92.85187    
   90.25000       93.13306    
   90.50000       93.44188    
   90.75000       93.77954    
   91.00000       94.14716    
   91.25000       94.54591    
   91.50000       94.97697    
   91.75000       95.44154    
   92.00000       95.94077    
   92.25000       96.47585    
   92.50000       97.04800    
   92.75000       97.65838    
   93.00000       98.30820    
   93.25000       98.99866    
   93.50000       99.73094    
   93.75000       100.5062    
   94.00000       101.3257    
   94.25000       102.1906    
   94.50000       103.1021    
   94.75000       104.0614    
   95.00000       105.0696    
   95.25000       106.1279    
   95.50000       107.2375    
   95.75000       108.3996    
   96.00000       109.6154    
   96.25000       110.8859    
   96.50000       112.2124    
   96.75000       113.5960    
   97.00000       115.0379    
   97.25000       116.5392    
   97.50000       118.1011    
   97.75000       119.7248    
   98.00000       121.4113    
   98.25000       123.1619    
   98.50000       124.9776    
   98.75000       126.8594    
   99.00000       128.8084    
   99.25000       130.8256    
   99.50000       132.9117    
   99.75000       135.0678    
   100.0000       137.2944    
   100.2500       139.5925    
   100.5000       141.9627    
   100.7500       144.4057    
   101.0000       146.9222    
   101.2500       149.5128    
   101.5000       152.1784    
   101.7500       154.9195    
   102.0000       157.7369    
   102.2500       160.6311    
   102.5000       163.6028    
   102.7500       166.6522    
   103.0000       169.7800    
   103.2500       172.9865    
   103.5000       176.2717    
   103.7500       179.6356    
   104.0000       183.0783    
   104.2500       186.5996    
   104.5000       190.1995    
   104.7500       193.8776    
   105.0000       197.6337    
   105.2500       201.4675    
   105.5000       205.3789    
   105.7500       209.3676    
   106.0000       213.4333    
   106.2500       217.5759    
   106.5000       221.7947    
   106.7500       226.0893    
   107.0000       230.4593    
   107.2500       234.9041    
   107.5000       239.4227    
   107.7500       244.0141    
   108.0000       248.6773    
   108.2500       253.4113    
   108.5000       258.2148    
   108.7500       263.0867    
   109.0000       268.0256    
   109.2500       273.0303    
   109.5000       278.0995    
   109.7500       283.2320    
   110.0000       288.4265    
   110.2500       293.6816    
   110.5000       298.9960    
   110.7500       304.3681    
   111.0000       309.7963    
   111.2500       315.2790    
   111.5000       320.8142    
   111.7500       326.3999    
   112.0000       332.0339    
   112.2500       337.7141    
   112.5000       343.4383    
   112.7500       349.2039    
   113.0000       355.0088    
   113.2500       360.8505    
   113.5000       366.7266    
   113.7500       372.6348    
   114.0000       378.5728    
   114.2500       384.5381    
   114.5000       390.5285    
   114.7500       396.5414    
   115.0000       402.5745    
   115.2500       408.6255    
   115.5000       414.6918    
   115.7500       420.7710    
   116.0000       426.8608    
   116.2500       432.9586    
   116.5000       439.0620    
   116.7500       445.1684    
   117.0000       451.2755    
   117.2500       457.3808    
   117.5000       463.4818    
   117.7500       469.5760    
   118.0000       475.6609    
   118.2500       481.7342    
   118.5000       487.7932    
   118.7500       493.8357    
   119.0000       499.8593    
   119.2500       505.8616    
   119.5000       511.8401    
   119.7500       517.7927    
   120.0000       523.7170    
   120.2500       529.6107    
   120.5000       535.4718    
   120.7500       541.2977    
   121.0000       547.0863    
   121.2500       552.8354    
   121.5000       558.5427    
   121.7500       564.2060    
   122.0000       569.8231    
   122.2500       575.3916    
   122.5000       580.9095    
   122.7500       586.3748    
   123.0000       591.7850    
   123.2500       597.1384    
   123.5000       602.4328    
   123.7500       607.6663    
   124.0000       612.8370    
   124.2500       617.9431    
   124.5000       622.9826    
   124.7500       627.9538    
   125.0000       632.8549    
   125.2500       637.6840    
   125.5000       642.4393    
   125.7500       647.1192    
   126.0000       651.7216    
   126.2500       656.2448    
   126.5000       660.6874    
   126.7500       665.0478    
   127.0000       669.3246    
   127.2500       673.5162    
   127.5000       677.6221    
   127.7500       681.6411    
   128.0000       685.5723    
   128.2500       689.4152    
   128.5000       693.1690    
   128.7500       696.8334    
   129.0000       700.4077    
   129.2500       703.8915    
   129.5000       707.2844    
   129.7500       710.5858    
   130.0000       713.7950    
   130.2500       716.9118    
   130.5000       719.9358    
   130.7500       722.8665    
   131.0000       725.7038    
   131.2500       728.4474    
   131.5000       731.0974    
   131.7500       733.6537    
   132.0000       736.1166    
   132.2500       738.4862    
   132.5000       740.7628    
   132.7500       742.9465    
   133.0000       745.0380    
   133.2500       747.0372    
   133.5000       748.9446    
   133.7500       750.7604    
   134.0000       752.4850    
   134.2500       754.1188    
   134.5000       755.6621    
   134.7500       757.1152    
   135.0000       758.4788    
   135.2500       759.7531    
   135.5000       760.9388    
   135.7500       762.0366    
   136.0000       763.0471    
   136.2500       763.9709    
   136.5000       764.8090    
   136.7500       765.5618    
   137.0000       766.2303    
   137.2500       766.8152    
   137.5000       767.3173    
   137.7500       767.7372    
   138.0000       768.0759    
   138.2500       768.3340    
   138.5000       768.5123    
   138.7500       768.6121    
   139.0000       768.6339    
   139.2500       768.5789    
   139.5000       768.4481    
   139.7500       768.2428    
   140.0000       767.9641    
   140.2500       767.6133    
   140.5000       767.1918    
   140.7500       766.7009    
   141.0000       766.1418    
   141.2500       765.5160    
   141.5000       764.8248    
   141.7500       764.0696    
 
