#TitleText:Ni(001)-(5x5)-Li     Beam (4/5,1/5)            Rfac10=       0.8646
 #"IV theory
   40.25000       203.2646    
   40.50000       200.5031    
   40.75000       197.8586    
   41.00000       195.3143    
   41.25000       192.8536    
   41.50000       190.4596    
   41.75000       188.1156    
   42.00000       185.8047    
   42.25000       183.5111    
   42.50000       181.2225    
   42.75000       178.9274    
   43.00000       176.6145    
   43.25000       174.2740    
   43.50000       171.9034    
   43.75000       169.5021    
   44.00000       167.0692    
   44.25000       164.6051    
   44.50000       162.1134    
   44.75000       159.5987    
   45.00000       157.0656    
   45.25000       154.5189    
   45.50000       151.9631    
   45.75000       149.4028    
   46.00000       146.8428    
   46.25000       144.2878    
   46.50000       141.7437    
   46.75000       139.2168    
   47.00000       136.7132    
   47.25000       134.2395    
   47.50000       131.8044    
   47.75000       129.4173    
   48.00000       127.0872    
   48.25000       124.8238    
   48.50000       122.6374    
   48.75000       120.5388    
   49.00000       118.5388    
   49.25000       116.6481    
   49.50000       114.8775    
   49.75000       113.2378    
   50.00000       111.7396    
   50.25000       110.3934    
   50.50000       109.2077    
   50.75000       108.1908    
   51.00000       107.3510    
   51.25000       106.6957    
   51.50000       106.2290    
   51.75000       105.9540    
   52.00000       105.8741    
   52.25000       105.9920    
   52.50000       106.3089    
   52.75000       106.8255    
   53.00000       107.5426    
   53.25000       108.4609    
   53.50000       109.5810    
   53.75000       110.9038    
   54.00000       112.4300    
   54.25000       114.1598    
   54.50000       116.0918    
   54.75000       118.2239    
   55.00000       120.5543    
   55.25000       123.0800    
   55.50000       125.7946    
   55.75000       128.6907    
   56.00000       131.7609    
   56.25000       134.9975    
   56.50000       138.3909    
   56.75000       141.9310    
   57.00000       145.6077    
   57.25000       149.4111    
   57.50000       153.3309    
   57.75000       157.3573    
   58.00000       161.4801    
   58.25000       165.6892    
   58.50000       169.9744    
   58.75000       174.3254    
   59.00000       178.7318    
   59.25000       183.1832    
   59.50000       187.6689    
   59.75000       192.1780    
   60.00000       196.6997    
   60.25000       201.2231    
   60.50000       205.7372    
   60.75000       210.2308    
   61.00000       214.6929    
   61.25000       219.1122    
   61.50000       223.4778    
   61.75000       227.7786    
   62.00000       232.0033    
   62.25000       236.1413    
   62.50000       240.1830    
   62.75000       244.1191    
   63.00000       247.9404    
   63.25000       251.6383    
   63.50000       255.2066    
   63.75000       258.6399    
   64.00000       261.9327    
   64.25000       265.0797    
   64.50000       268.0771    
   64.75000       270.9211    
   65.00000       273.6082    
   65.25000       276.1346    
   65.50000       278.4969    
   65.75000       280.6913    
   66.00000       282.7141    
   66.25000       284.5621    
   66.50000       286.2333    
   66.75000       287.7259    
   67.00000       289.0383    
   67.25000       290.1693    
   67.50000       291.1205    
   67.75000       291.8940    
   68.00000       292.4920    
   68.25000       292.9170    
   68.50000       293.1726    
   68.75000       293.2631    
   69.00000       293.1924    
   69.25000       292.9646    
   69.50000       292.5839    
   69.75000       292.0543    
   70.00000       291.3799    
   70.25000       290.5648    
   70.50000       289.6136    
   70.75000       288.5309    
   71.00000       287.3210    
   71.25000       285.9890    
   71.50000       284.5399    
   71.75000       282.9796    
   72.00000       281.3136    
   72.25000       279.5473    
   72.50000       277.6870    
   72.75000       275.7385    
   73.00000       273.7079    
   73.25000       271.6013    
   73.50000       269.4247    
   73.75000       267.1842    
   74.00000       264.8858    
   74.25000       262.5354    
   74.50000       260.1387    
   74.75000       257.7010    
   75.00000       255.2278    
   75.25000       252.7243    
   75.50000       250.1950    
   75.75000       247.6440    
   76.00000       245.0756    
   76.25000       242.4939    
   76.50000       239.9027    
   76.75000       237.3054    
   77.00000       234.7059    
   77.25000       232.1076    
   77.50000       229.5141    
   77.75000       226.9292    
   78.00000       224.3564    
   78.25000       221.7991    
   78.50000       219.2605    
   78.75000       216.7434    
   79.00000       214.2507    
   79.25000       211.7850    
   79.50000       209.3480    
   79.75000       206.9413    
   80.00000       204.5662    
   80.25000       202.2241    
   80.50000       199.9158    
   80.75000       197.6420    
   81.00000       195.4036    
   81.25000       193.2011    
   81.50000       191.0354    
   81.75000       188.9072    
   82.00000       186.8172    
   82.25000       184.7661    
   82.50000       182.7545    
   82.75000       180.7830    
   83.00000       178.8522    
   83.25000       176.9626    
   83.50000       175.1146    
   83.75000       173.3085    
   84.00000       171.5444    
   84.25000       169.8228    
   84.50000       168.1437    
   84.75000       166.5074    
   85.00000       164.9138    
   85.25000       163.3633    
   85.50000       161.8559    
   85.75000       160.3918    
   86.00000       158.9711    
   86.25000       157.5940    
   86.50000       156.2609    
   86.75000       154.9724    
   87.00000       153.7289    
   87.25000       152.5311    
   87.50000       151.3800    
   87.75000       150.2768    
   88.00000       149.2227    
   88.25000       148.2189    
   88.50000       147.2670    
   88.75000       146.3685    
   89.00000       145.5249    
   89.25000       144.7379    
   89.50000       144.0088    
   89.75000       143.3394    
   90.00000       142.7310    
   90.25000       142.1854    
   90.50000       141.7042    
   90.75000       141.2895    
   91.00000       140.9429    
   91.25000       140.6664    
   91.50000       140.4624    
   91.75000       140.3333    
   92.00000       140.2816    
   92.25000       140.3097    
   92.50000       140.4203    
   92.75000       140.6161    
   93.00000       140.8999    
   93.25000       141.2744    
   93.50000       141.7423    
   93.75000       142.3064    
   94.00000       142.9694    
   94.25000       143.7340    
   94.50000       144.6028    
   94.75000       145.5783    
   95.00000       146.6630    
   95.25000       147.8595    
   95.50000       149.1700    
   95.75000       150.5965    
   96.00000       152.1414    
   96.25000       153.8067    
   96.50000       155.5945    
   96.75000       157.5067    
   97.00000       159.5453    
   97.25000       161.7123    
   97.50000       164.0097    
   97.75000       166.4394    
   98.00000       169.0034    
   98.25000       171.7036    
   98.50000       174.5414    
   98.75000       177.5182    
   99.00000       180.6353    
   99.25000       183.8937    
   99.50000       187.2937    
   99.75000       190.8354    
   100.0000       194.5187    
   100.2500       198.3436    
   100.5000       202.3095    
   100.7500       206.4157    
   101.0000       210.6617    
   101.2500       215.0468    
   101.5000       219.5704    
   101.7500       224.2317    
   102.0000       229.0303    
   102.2500       233.9653    
   102.5000       239.0354    
   102.7500       244.2393    
   103.0000       249.5756    
   103.2500       255.0426    
   103.5000       260.6378    
   103.7500       266.3583    
   104.0000       272.2011    
   104.2500       278.1633    
   104.5000       284.2415    
   104.7500       290.4320    
   105.0000       296.7312    
   105.2500       303.1354    
   105.5000       309.6411    
   105.7500       316.2446    
   106.0000       322.9424    
   106.2500       329.7307    
   106.5000       336.6055    
   106.7500       343.5627    
   107.0000       350.5982    
   107.2500       357.7076    
   107.5000       364.8860    
   107.7500       372.1282    
   108.0000       379.4291    
   108.2500       386.7836    
   108.5000       394.1859    
   108.7500       401.6304    
   109.0000       409.1117    
   109.2500       416.6238    
   109.5000       424.1613    
   109.7500       431.7184    
   110.0000       439.2896    
   110.2500       446.8690    
   110.5000       454.4511    
   110.7500       462.0302    
   111.0000       469.6005    
   111.2500       477.1562    
   111.5000       484.6918    
   111.7500       492.2012    
   112.0000       499.6787    
   112.2500       507.1185    
   112.5000       514.5148    
   112.7500       521.8616    
   113.0000       529.1530    
   113.2500       536.3833    
   113.5000       543.5465    
   113.7500       550.6369    
   114.0000       557.6484    
   114.2500       564.5754    
   114.5000       571.4124    
   114.7500       578.1541    
   115.0000       584.7950    
   115.2500       591.3303    
   115.5000       597.7549    
   115.7500       604.0650    
   116.0000       610.2560    
   116.2500       616.3237    
   116.5000       622.2642    
   116.7500       628.0737    
   117.0000       633.7486    
   117.2500       639.2848    
   117.5000       644.6785    
   117.7500       649.9260    
   118.0000       655.0236    
   118.2500       659.9672    
   118.5000       664.7539    
   118.7500       669.3804    
   119.0000       673.8436    
   119.2500       678.1404    
   119.5000       682.2689    
   119.7500       686.2269    
   120.0000       690.0129    
   120.2500       693.6249    
   120.5000       697.0617    
   120.7500       700.3219    
   121.0000       703.4044    
   121.2500       706.3078    
   121.5000       709.0312    
   121.7500       711.5730    
   122.0000       713.9322    
   122.2500       716.1076    
   122.5000       718.0985    
   122.7500       719.9041    
   123.0000       721.5240    
   123.2500       722.9575    
   123.5000       724.2051    
   123.7500       725.2675    
   124.0000       726.1449    
   124.2500       726.8381    
   124.5000       727.3483    
   124.7500       727.6765    
   125.0000       727.8238    
   125.2500       727.7914    
   125.5000       727.5804    
   125.7500       727.1920    
   126.0000       726.6273    
   126.2500       725.8876    
   126.5000       724.9744    
   126.7500       723.8895    
   127.0000       722.6343    
   127.2500       721.2111    
   127.5000       719.6221    
   127.7500       717.8704    
   128.0000       715.9584    
   128.2500       713.8893    
   128.5000       711.6661    
   128.7500       709.2921    
   129.0000       706.7706    
   129.2500       704.1052    
   129.5000       701.2989    
   129.7500       698.3550    
   130.0000       695.2770    
   130.2500       692.0682    
   130.5000       688.7320    
   130.7500       685.2717    
   131.0000       681.6909    
   131.2500       677.9929    
   131.5000       674.1817    
   131.7500       670.2606    
   132.0000       666.2336    
   132.2500       662.1045    
   132.5000       657.8768    
   132.7500       653.5545    
   133.0000       649.1416    
   133.2500       644.6418    
   133.5000       640.0590    
   133.7500       635.3970    
   134.0000       630.6597    
   134.2500       625.8508    
   134.5000       620.9742    
   134.7500       616.0338    
   135.0000       611.0331    
   135.2500       605.9761    
   135.5000       600.8663    
   135.7500       595.7073    
   136.0000       590.5029    
   136.2500       585.2567    
   136.5000       579.9722    
   136.7500       574.6528    
   137.0000       569.3023    
   137.2500       563.9242    
   137.5000       558.5220    
   137.7500       553.0993    
   138.0000       547.6596    
   138.2500       542.2065    
   138.5000       536.7435    
   138.7500       531.2739    
   139.0000       525.8010    
   139.2500       520.3286    
   139.5000       514.8594    
   139.7500       509.3968    
 
