#TitleText:Ni(001)-(5x5)-Li     Beam (4/5,0)              Rfac10=       0.9213
 #"IV theory
   40.25000       6929.441    
   40.50000       6716.614    
   40.75000       6508.151    
   41.00000       6304.091    
   41.25000       6104.471    
   41.50000       5909.328    
   41.75000       5718.701    
   42.00000       5532.627    
   42.25000       5351.142    
   42.50000       5174.274    
   42.75000       5002.052    
   43.00000       4834.501    
   43.25000       4671.646    
   43.50000       4513.496    
   43.75000       4360.055    
   44.00000       4211.330    
   44.25000       4067.325    
   44.50000       3928.036    
   44.75000       3793.458    
   45.00000       3663.587    
   45.25000       3538.417    
   45.50000       3417.944    
   45.75000       3302.163    
   46.00000       3191.066    
   46.25000       3084.649    
   46.50000       2982.893    
   46.75000       2885.779    
   47.00000       2793.286    
   47.25000       2705.392    
   47.50000       2622.051    
   47.75000       2543.215    
   48.00000       2468.834    
   48.25000       2398.859    
   48.50000       2333.226    
   48.75000       2271.874    
   49.00000       2214.739    
   49.25000       2161.756    
   49.50000       2112.864    
   49.75000       2067.997    
   50.00000       2027.093    
   50.25000       1990.086    
   50.50000       1956.899    
   50.75000       1927.454    
   51.00000       1901.672    
   51.25000       1879.469    
   51.50000       1860.741    
   51.75000       1845.380    
   52.00000       1833.274    
   52.25000       1824.314    
   52.50000       1818.376    
   52.75000       1815.337    
   53.00000       1815.072    
   53.25000       1817.456    
   53.50000       1822.365    
   53.75000       1829.674    
   54.00000       1839.259    
   54.25000       1850.995    
   54.50000       1864.754    
   54.75000       1880.406    
   55.00000       1897.824    
   55.25000       1916.877    
   55.50000       1937.430    
   55.75000       1959.345    
   56.00000       1982.486    
   56.25000       2006.713    
   56.50000       2031.888    
   56.75000       2057.869    
   57.00000       2084.513    
   57.25000       2111.681    
   57.50000       2139.230    
   57.75000       2167.020    
   58.00000       2194.909    
   58.25000       2222.759    
   58.50000       2250.439    
   58.75000       2277.823    
   59.00000       2304.785    
   59.25000       2331.203    
   59.50000       2356.973    
   59.75000       2381.998    
   60.00000       2406.180    
   60.25000       2429.424    
   60.50000       2451.644    
   60.75000       2472.756    
   61.00000       2492.678    
   61.25000       2511.325    
   61.50000       2528.615    
   61.75000       2544.465    
   62.00000       2558.790    
   62.25000       2571.511    
   62.50000       2582.566    
   62.75000       2591.892    
   63.00000       2599.431    
   63.25000       2605.129    
   63.50000       2608.967    
   63.75000       2610.930    
   64.00000       2611.004    
   64.25000       2609.180    
   64.50000       2605.464    
   64.75000       2599.865    
   65.00000       2592.394    
   65.25000       2583.060    
   65.50000       2571.872    
   65.75000       2558.841    
   66.00000       2543.976    
   66.25000       2527.289    
   66.50000       2508.803    
   66.75000       2488.544    
   67.00000       2466.536    
   67.25000       2442.811    
   67.50000       2417.417    
   67.75000       2390.415    
   68.00000       2361.857    
   68.25000       2331.804    
   68.50000       2300.325    
   68.75000       2267.492    
   69.00000       2233.376    
   69.25000       2198.049    
   69.50000       2161.584    
   69.75000       2124.051    
   70.00000       2085.523    
   70.25000       2046.072    
   70.50000       2005.769    
   70.75000       1964.688    
   71.00000       1922.899    
   71.25000       1880.476    
   71.50000       1837.491    
   71.75000       1794.018    
   72.00000       1750.129    
   72.25000       1705.898    
   72.50000       1661.398    
   72.75000       1616.702    
   73.00000       1571.883    
   73.25000       1527.016    
   73.50000       1482.174    
   73.75000       1437.429    
   74.00000       1392.856    
   74.25000       1348.526    
   74.50000       1304.504    
   74.75000       1260.854    
   75.00000       1217.640    
   75.25000       1174.922    
   75.50000       1132.748    
   75.75000       1091.160    
   76.00000       1050.204    
   76.25000       1009.921    
   76.50000       970.3480    
   76.75000       931.5181    
   77.00000       893.4661    
   77.25000       856.2260    
   77.50000       819.8319    
   77.75000       784.3181    
   78.00000       749.7188    
   78.25000       716.0663    
   78.50000       683.3865    
   78.75000       651.7032    
   79.00000       621.0404    
   79.25000       591.4186    
   79.50000       562.8449    
   79.75000       535.3227    
   80.00000       508.8556    
   80.25000       483.4453    
   80.50000       459.0869    
   80.75000       435.7738    
   81.00000       413.4992    
   81.25000       392.2564    
   81.50000       372.0388    
   81.75000       352.8397    
   82.00000       334.6524    
   82.25000       317.4695    
   82.50000       301.2809    
   82.75000       286.0754    
   83.00000       271.8423    
   83.25000       258.5691    
   83.50000       246.2377    
   83.75000       234.8289    
   84.00000       224.3231    
   84.25000       214.7001    
   84.50000       205.9371    
   84.75000       198.0102    
   85.00000       190.8957    
   85.25000       184.5700    
   85.50000       179.0093    
   85.75000       174.1900    
   86.00000       170.0883    
   86.25000       166.6809    
   86.50000       163.9452    
   86.75000       161.8593    
   87.00000       160.4008    
   87.25000       159.5484    
   87.50000       159.2825    
   87.75000       159.5840    
   88.00000       160.4341    
   88.25000       161.8140    
   88.50000       163.7061    
   88.75000       166.0930    
   89.00000       168.9572    
   89.25000       172.2815    
   89.50000       176.0485    
   89.75000       180.2406    
   90.00000       184.8406    
   90.25000       189.8316    
   90.50000       195.1992    
   90.75000       200.9294    
   91.00000       207.0084    
   91.25000       213.4233    
   91.50000       220.1661    
   91.75000       227.2298    
   92.00000       234.6075    
   92.25000       242.2928    
   92.50000       250.2817    
   92.75000       258.5706    
   93.00000       267.1563    
   93.25000       276.0351    
   93.50000       285.2036    
   93.75000       294.6583    
   94.00000       304.3958    
   94.25000       314.4129    
   94.50000       324.7075    
   94.75000       335.2777    
   95.00000       346.1219    
   95.25000       357.2387    
   95.50000       368.6292    
   95.75000       380.2948    
   96.00000       392.2371    
   96.25000       404.4578    
   96.50000       416.9600    
   96.75000       429.7467    
   97.00000       442.8211    
   97.25000       456.1865    
   97.50000       469.8461    
   97.75000       483.8030    
   98.00000       498.0604    
   98.25000       512.6214    
   98.50000       527.4882    
   98.75000       542.6630    
   99.00000       558.1479    
   99.25000       573.9449    
   99.50000       590.0542    
   99.75000       606.4759    
   100.0000       623.2101    
   100.2500       640.2568    
   100.5000       657.6151    
   100.7500       675.2839    
   101.0000       693.2625    
   101.2500       711.5497    
   101.5000       730.1447    
   101.7500       749.0463    
   102.0000       768.2537    
   102.2500       787.7655    
   102.5000       807.5787    
   102.7500       827.6900    
   103.0000       848.0960    
   103.2500       868.7925    
   103.5000       889.7722    
   103.7500       911.0270    
   104.0000       932.5486    
   104.2500       954.3284    
   104.5000       976.3566    
   104.7500       998.6224    
   105.0000       1021.115    
   105.2500       1043.825    
   105.5000       1066.740    
   105.7500       1089.851    
   106.0000       1113.147    
   106.2500       1136.617    
   106.5000       1160.249    
   106.7500       1184.030    
   107.0000       1207.948    
   107.2500       1231.990    
   107.5000       1256.140    
   107.7500       1280.382    
   108.0000       1304.699    
   108.2500       1329.075    
   108.5000       1353.491    
   108.7500       1377.930    
   109.0000       1402.372    
   109.2500       1426.801    
   109.5000       1451.196    
   109.7500       1475.541    
   110.0000       1499.817    
   110.2500       1524.005    
   110.5000       1548.087    
   110.7500       1572.045    
   111.0000       1595.861    
   111.2500       1619.516    
   111.5000       1642.992    
   111.7500       1666.272    
   112.0000       1689.336    
   112.2500       1712.168    
   112.5000       1734.748    
   112.7500       1757.059    
   113.0000       1779.083    
   113.2500       1800.802    
   113.5000       1822.197    
   113.7500       1843.250    
   114.0000       1863.944    
   114.2500       1884.261    
   114.5000       1904.184    
   114.7500       1923.697    
   115.0000       1942.785    
   115.2500       1961.431    
   115.5000       1979.623    
   115.7500       1997.348    
   116.0000       2014.595    
   116.2500       2031.352    
   116.5000       2047.608    
   116.7500       2063.353    
   117.0000       2078.576    
   117.2500       2093.269    
   117.5000       2107.419    
   117.7500       2121.018    
   118.0000       2134.055    
   118.2500       2146.520    
   118.5000       2158.405    
   118.7500       2169.703    
   119.0000       2180.405    
   119.2500       2190.506    
   119.5000       2200.002    
   119.7500       2208.890    
   120.0000       2217.167    
   120.2500       2224.833    
   120.5000       2231.885    
   120.7500       2238.324    
   121.0000       2244.151    
   121.2500       2249.365    
   121.5000       2253.966    
   121.7500       2257.954    
   122.0000       2261.330    
   122.2500       2264.093    
   122.5000       2266.247    
   122.7500       2267.792    
   123.0000       2268.730    
   123.2500       2269.066    
   123.5000       2268.803    
   123.7500       2267.951    
   124.0000       2266.513    
   124.2500       2264.499    
   124.5000       2261.914    
   124.7500       2258.770    
   125.0000       2255.073    
   125.2500       2250.833    
   125.5000       2246.058    
   125.7500       2240.757    
   126.0000       2234.939    
   126.2500       2228.612    
   126.5000       2221.786    
   126.7500       2214.472    
   127.0000       2206.679    
   127.2500       2198.417    
   127.5000       2189.698    
   127.7500       2180.536    
   128.0000       2170.942    
   128.2500       2160.930    
   128.5000       2150.512    
   128.7500       2139.703    
   129.0000       2128.517    
   129.2500       2116.967    
   129.5000       2105.067    
   129.7500       2092.831    
   130.0000       2080.272    
   130.2500       2067.406    
   130.5000       2054.243    
   130.7500       2040.800    
   131.0000       2027.089    
   131.2500       2013.124    
   131.5000       1998.917    
   131.7500       1984.482    
   132.0000       1969.832    
   132.2500       1954.979    
   132.5000       1939.937    
   132.7500       1924.719    
   133.0000       1909.337    
   133.2500       1893.803    
   133.5000       1878.132    
   133.7500       1862.335    
   134.0000       1846.425    
   134.2500       1830.415    
   134.5000       1814.316    
   134.7500       1798.141    
   135.0000       1781.902    
   135.2500       1765.608    
   135.5000       1749.271    
   135.7500       1732.899    
   136.0000       1716.502    
   136.2500       1700.090    
   136.5000       1683.671    
   136.7500       1667.253    
   137.0000       1650.844    
   137.2500       1634.454    
   137.5000       1618.090    
   137.7500       1601.761    
   138.0000       1585.474    
   138.2500       1569.240    
   138.5000       1553.063    
   138.7500       1536.952    
   139.0000       1520.915    
   139.2500       1504.957    
   139.5000       1489.085    
   139.7500       1473.303    
   140.0000       1457.616    
   140.2500       1442.029    
   140.5000       1426.546    
   140.7500       1411.171    
 
