#TitleText:Ni(001)-(5x5)-Li     Beam (3/5,3/5)            Rfac10=       0.9463
 #"IV theory
   66.25000       99.99899    
   66.50000       99.69901    
   66.75000       99.45571    
   67.00000       99.26282    
   67.25000       99.11429    
   67.50000       99.00532    
   67.75000       98.93131    
   68.00000       98.88774    
   68.25000       98.87022    
   68.50000       98.87490    
   68.75000       98.89816    
   69.00000       98.93629    
   69.25000       98.98563    
   69.50000       99.04252    
   69.75000       99.10329    
   70.00000       99.16427    
   70.25000       99.22198    
   70.50000       99.27370    
   70.75000       99.31692    
   71.00000       99.34908    
   71.25000       99.36806    
   71.50000       99.37323    
   71.75000       99.36431    
   72.00000       99.34107    
   72.25000       99.30347    
   72.50000       99.25217    
   72.75000       99.18807    
   73.00000       99.11209    
   73.25000       99.02509    
   73.50000       98.92799    
   73.75000       98.82164    
   74.00000       98.70694    
   74.25000       98.58489    
   74.50000       98.45686    
   74.75000       98.32433    
   75.00000       98.18875    
   75.25000       98.05181    
   75.50000       97.91595    
   75.75000       97.78381    
   76.00000       97.65805    
   76.25000       97.54137    
   76.50000       97.43691    
   76.75000       97.34792    
   77.00000       97.27756    
   77.25000       97.22912    
   77.50000       97.20580    
   77.75000       97.21082    
   78.00000       97.24740    
   78.25000       97.31874    
   78.50000       97.42797    
   78.75000       97.57816    
   79.00000       97.77242    
   79.25000       98.01377    
   79.50000       98.30510    
   79.75000       98.64922    
   80.00000       99.04896    
   80.25000       99.50711    
   80.50000       100.0264    
   80.75000       100.6095    
   81.00000       101.2591    
   81.25000       101.9779    
   81.50000       102.7685    
   81.75000       103.6338    
   82.00000       104.5763    
   82.25000       105.5987    
   82.50000       106.7033    
   82.75000       107.8923    
   83.00000       109.1679    
   83.25000       110.5323    
   83.50000       111.9869    
   83.75000       113.5331    
   84.00000       115.1722    
   84.25000       116.9054    
   84.50000       118.7337    
   84.75000       120.6580    
   85.00000       122.6792    
   85.25000       124.7980    
   85.50000       127.0155    
   85.75000       129.3326    
   86.00000       131.7499    
   86.25000       134.2685    
   86.50000       136.8887    
   86.75000       139.6112    
   87.00000       142.4362    
   87.25000       145.3642    
   87.50000       148.3949    
   87.75000       151.5279    
   88.00000       154.7628    
   88.25000       158.0992    
   88.50000       161.5362    
   88.75000       165.0732    
   89.00000       168.7093    
   89.25000       172.4437    
   89.50000       176.2756    
   89.75000       180.2041    
   90.00000       184.2285    
   90.25000       188.3480    
   90.50000       192.5615    
   90.75000       196.8681    
   91.00000       201.2667    
   91.25000       205.7565    
   91.50000       210.3360    
   91.75000       215.0039    
   92.00000       219.7589    
   92.25000       224.5996    
   92.50000       229.5245    
   92.75000       234.5321    
   93.00000       239.6208    
   93.25000       244.7892    
   93.50000       250.0358    
   93.75000       255.3589    
   94.00000       260.7572    
   94.25000       266.2290    
   94.50000       271.7728    
   94.75000       277.3870    
   95.00000       283.0702    
   95.25000       288.8206    
   95.50000       294.6367    
   95.75000       300.5168    
   96.00000       306.4592    
   96.25000       312.4624    
   96.50000       318.5246    
   96.75000       324.6441    
   97.00000       330.8193    
   97.25000       337.0485    
   97.50000       343.3298    
   97.75000       349.6618    
   98.00000       356.0426    
   98.25000       362.4706    
   98.50000       368.9442    
   98.75000       375.4618    
   99.00000       382.0218    
   99.25000       388.6224    
   99.50000       395.2625    
   99.75000       401.9404    
   100.0000       408.6547    
   100.2500       415.4041    
   100.5000       422.1870    
   100.7500       429.0022    
   101.0000       435.8484    
   101.2500       442.7240    
   101.5000       449.6280    
   101.7500       456.5587    
   102.0000       463.5149    
   102.2500       470.4952    
   102.5000       477.4985    
   102.7500       484.5234    
   103.0000       491.5687    
   103.2500       498.6332    
   103.5000       505.7159    
   103.7500       512.8157    
   104.0000       519.9318    
   104.2500       527.0630    
   104.5000       534.2085    
   104.7500       541.3674    
 
