#TitleText:Ni(001)-(5x5)-Li     Beam (4/5,2/5)            Rfac10=       1.2324
 #"IV theory
   48.25000       13342.29    
   48.50000       12063.33    
   48.75000       10889.37    
   49.00000       9819.180    
   49.25000       8851.535    
   49.50000       7985.202    
   49.75000       7218.949    
   50.00000       6551.544    
   50.25000       5981.659    
   50.50000       5507.575    
   50.75000       5127.475    
   51.00000       4839.542    
   51.25000       4641.766    
   51.50000       4531.352    
   51.75000       4505.314    
   52.00000       4560.664    
   52.25000       4694.316    
   52.50000       4902.795    
   52.75000       5182.528    
   53.00000       5529.940    
   53.25000       5941.460    
   53.50000       6413.514    
   53.75000       6942.528    
   54.00000       7524.929    
   54.25000       8157.144    
   54.50000       8835.604    
   54.75000       9556.738    
   55.00000       10316.98    
   55.25000       11112.76    
   55.50000       11940.51    
   55.75000       12796.68    
   56.00000       13677.69    
   56.25000       14580.00    
   56.50000       15500.04    
   56.75000       16434.25    
   57.00000       17379.08    
   57.25000       18330.97    
   57.50000       19286.35    
   57.75000       20241.68    
   58.00000       21193.40    
   58.25000       22138.02    
   58.50000       23072.41    
   58.75000       23993.50    
   59.00000       24898.22    
   59.25000       25783.69    
   59.50000       26647.66    
   59.75000       27488.05    
   60.00000       28302.80    
   60.25000       29089.92    
   60.50000       29847.74    
   60.75000       30574.68    
   61.00000       31269.17    
   61.25000       31929.62    
   61.50000       32554.47    
   61.75000       33142.12    
   62.00000       33691.01    
   62.25000       34199.64    
   62.50000       34666.90    
   62.75000       35091.76    
   63.00000       35473.18    
   63.25000       35810.32    
   63.50000       36103.09    
   63.75000       36351.54    
   64.00000       36555.76    
   64.25000       36715.90    
   64.50000       36832.50    
   64.75000       36906.19    
   65.00000       36937.58    
   65.25000       36927.30    
   65.50000       36875.98    
   65.75000       36784.23    
   66.00000       36652.69    
   66.25000       36482.01    
   66.50000       36273.06    
   66.75000       36026.74    
   67.00000       35743.92    
   67.25000       35425.60    
   67.50000       35073.14    
   67.75000       34687.96    
   68.00000       34271.51    
   68.25000       33825.27    
   68.50000       33350.92    
   68.75000       32850.15    
   69.00000       32324.70    
   69.25000       31776.25    
   69.50000       31206.54    
   69.75000       30617.27    
   70.00000       30010.14    
   70.25000       29386.88    
   70.50000       28749.11    
   70.75000       28098.51    
   71.00000       27436.71    
   71.25000       26765.35    
   71.50000       26085.95    
   71.75000       25400.05    
   72.00000       24709.16    
   72.25000       24014.78    
   72.50000       23318.39    
   72.75000       22621.43    
   73.00000       21925.37    
   73.25000       21231.65    
   73.50000       20541.73    
   73.75000       19857.06    
   74.00000       19179.11    
   74.25000       18509.28    
   74.50000       17848.86    
   74.75000       17199.06    
   75.00000       16561.14    
   75.25000       15936.24    
   75.50000       15325.24    
   75.75000       14728.93    
   76.00000       14148.12    
   76.25000       13583.54    
   76.50000       13035.83    
   76.75000       12505.55    
   77.00000       11993.28    
   77.25000       11499.59    
   77.50000       11025.06    
   77.75000       10570.26    
   78.00000       10135.77    
   78.25000       9722.139    
   78.50000       9329.784    
   78.75000       8959.103    
   79.00000       8610.485    
   79.25000       8284.269    
   79.50000       7980.544    
   79.75000       7699.343    
   80.00000       7440.698    
   80.25000       7204.609    
   80.50000       6990.959    
   80.75000       6799.597    
   81.00000       6630.373    
   81.25000       6483.139    
   81.50000       6357.744    
   81.75000       6254.039    
   82.00000       6171.875    
   82.25000       6111.094    
   82.50000       6071.494    
   82.75000       6052.868    
   83.00000       6055.005    
   83.25000       6077.678    
   83.50000       6120.576    
   83.75000       6183.373    
   84.00000       6265.738    
   84.25000       6367.334    
   84.50000       6487.783    
   84.75000       6626.697    
   85.00000       6783.687    
   85.25000       6958.364    
   85.50000       7150.341    
   85.75000       7359.230    
   86.00000       7584.643    
   86.25000       7826.195    
   86.50000       8083.519    
   86.75000       8356.251    
   87.00000       8644.029    
   87.25000       8946.498    
   87.50000       9263.337    
   87.75000       9594.230    
   88.00000       9938.867    
   88.25000       10296.94    
   88.50000       10668.15    
   88.75000       11052.21    
   89.00000       11448.84    
   89.25000       11857.74    
   89.50000       12278.63    
   89.75000       12711.23    
   90.00000       13155.23    
   90.25000       13610.36    
   90.50000       14076.36    
   90.75000       14553.00    
   91.00000       15040.01    
   91.25000       15537.17    
   91.50000       16044.30    
   91.75000       16561.23    
   92.00000       17087.80    
   92.25000       17623.84    
   92.50000       18169.22    
   92.75000       18723.83    
   93.00000       19287.54    
   93.25000       19860.21    
   93.50000       20441.72    
   93.75000       21031.96    
   94.00000       21630.80    
   94.25000       22238.11    
   94.50000       22853.76    
   94.75000       23477.64    
   95.00000       24109.62    
   95.25000       24749.59    
   95.50000       25397.41    
   95.75000       26052.98    
   96.00000       26716.19    
   96.25000       27386.90    
   96.50000       28065.01    
   96.75000       28750.39    
   97.00000       29442.94    
   97.25000       30142.54    
   97.50000       30849.08    
   97.75000       31562.43    
   98.00000       32282.49    
   98.25000       33009.13    
   98.50000       33742.22    
   98.75000       34481.63    
   99.00000       35227.22    
   99.25000       35978.84    
   99.50000       36736.34    
   99.75000       37499.52    
   100.0000       38268.21    
   100.2500       39042.23    
   100.5000       39821.38    
   100.7500       40605.46    
   101.0000       41394.28    
   101.2500       42187.64    
   101.5000       42985.32    
   101.7500       43787.15    
   102.0000       44592.93    
   102.2500       45402.43    
   102.5000       46215.46    
   102.7500       47031.80    
   103.0000       47851.22    
   103.2500       48673.51    
   103.5000       49498.41    
   103.7500       50325.68    
   104.0000       51155.04    
   104.2500       51986.25    
   104.5000       52819.03    
   104.7500       53653.11    
   105.0000       54488.22    
   105.2500       55324.08    
   105.5000       56160.41    
   105.7500       56996.95    
   106.0000       57833.42    
   106.2500       58669.54    
   106.5000       59505.04    
   106.7500       60339.65    
   107.0000       61173.08    
   107.2500       62005.07    
   107.5000       62835.36    
   107.7500       63663.64    
   108.0000       64489.65    
   108.2500       65313.12    
   108.5000       66133.77    
   108.7500       66951.32    
   109.0000       67765.50    
   109.2500       68576.05    
   109.5000       69382.66    
   109.7500       70185.09    
 
