#TitleText:Ni(001)-(5x5)-Li     Beam (2/5,1/5)            Rfac10=       1.2412
 #"IV theory
   40.25000      6.1054131E+08
   40.50000      6.0549459E+08
   40.75000      6.0005459E+08
   41.00000      5.9423610E+08
   41.25000      5.8805376E+08
   41.50000      5.8152224E+08
   41.75000      5.7465626E+08
   42.00000      5.6747046E+08
   42.25000      5.5997965E+08
   42.50000      5.5219891E+08
   42.75000      5.4414330E+08
   43.00000      5.3582800E+08
   43.25000      5.2726826E+08
   43.50000      5.1847994E+08
   43.75000      5.0947907E+08
   44.00000      5.0028160E+08
   44.25000      4.9090365E+08
   44.50000      4.8136150E+08
   44.75000      4.7167162E+08
   45.00000      4.6185050E+08
   45.25000      4.5191453E+08
   45.50000      4.4188022E+08
   45.75000      4.3176387E+08
   46.00000      4.2158205E+08
   46.25000      4.1135082E+08
   46.50000      4.0108522E+08
   46.75000      3.9079990E+08
   47.00000      3.8050947E+08
   47.25000      3.7022813E+08
   47.50000      3.5996752E+08
   47.75000      3.4973882E+08
   48.00000      3.3955328E+08
   48.25000      3.2942160E+08
   48.50000      3.1935354E+08
   48.75000      3.0935850E+08
   49.00000      2.9944579E+08
   49.25000      2.8962496E+08
   49.50000      2.7990528E+08
   49.75000      2.7029613E+08
   50.00000      2.6080694E+08
   50.25000      2.5144680E+08
   50.50000      2.4222366E+08
   50.75000      2.3314509E+08
   51.00000      2.2421874E+08
   51.25000      2.1545166E+08
   51.50000      2.0684853E+08
   51.75000      1.9841342E+08
   52.00000      1.9015046E+08
   52.25000      1.8206346E+08
   52.50000      1.7415501E+08
   52.75000      1.6642747E+08
   53.00000      1.5888315E+08
   53.25000      1.5152445E+08
   53.50000      1.4435365E+08
   53.75000      1.3737307E+08
   54.00000      1.3058508E+08
   54.25000      1.2399183E+08
   54.50000      1.1759488E+08
   54.75000      1.1139559E+08
   55.00000      1.0539534E+08
   55.25000      9.9595168E+07
   55.50000      9.3994872E+07
   55.75000      8.8593896E+07
   56.00000      8.3391712E+07
   56.25000      7.8387600E+07
   56.50000      7.3580232E+07
   56.75000      6.8968112E+07
   57.00000      6.4549700E+07
   57.25000      6.0323532E+07
   57.50000      5.6288096E+07
   57.75000      5.2441888E+07
   58.00000      4.8783408E+07
   58.25000      4.5311132E+07
   58.50000      4.2023484E+07
   58.75000      3.8918872E+07
   59.00000      3.5995704E+07
   59.25000      3.3252346E+07
   59.50000      3.0687050E+07
   59.75000      2.8298044E+07
   60.00000      2.6083540E+07
   60.25000      2.4041744E+07
   60.50000      2.2170800E+07
   60.75000      2.0468834E+07
   61.00000      1.8933970E+07
   61.25000      1.7564338E+07
   61.50000      1.6358067E+07
   61.75000      1.5313280E+07
   62.00000      1.4428106E+07
   62.25000      1.3700680E+07
   62.50000      1.3129186E+07
   62.75000      1.2711811E+07
   63.00000      1.2446747E+07
   63.25000      1.2332205E+07
   63.50000      1.2366479E+07
   63.75000      1.2547889E+07
   64.00000      1.2874750E+07
   64.25000      1.3345391E+07
   64.50000      1.3958180E+07
   64.75000      1.4711498E+07
   65.00000      1.5603729E+07
   65.25000      1.6633249E+07
   65.50000      1.7798438E+07
   65.75000      1.9097678E+07
   66.00000      2.0529352E+07
   66.25000      2.2091798E+07
   66.50000      2.3783212E+07
   66.75000      2.5601750E+07
   67.00000      2.7545570E+07
   67.25000      2.9612748E+07
   67.50000      3.1801070E+07
   67.75000      3.4108244E+07
   68.00000      3.6531968E+07
   68.25000      3.9069928E+07
   68.50000      4.1719624E+07
   68.75000      4.4478560E+07
   69.00000      4.7344200E+07
   69.25000      5.0314036E+07
   69.50000      5.3385544E+07
   69.75000      5.6556216E+07
   70.00000      5.9823524E+07
   70.25000      6.3184920E+07
   70.50000      6.6637680E+07
   70.75000      7.0179032E+07
   71.00000      7.3806224E+07
   71.25000      7.7516408E+07
   71.50000      8.1306408E+07
   71.75000      8.5172944E+07
   72.00000      8.9112808E+07
   72.25000      9.3122672E+07
   72.50000      9.7199080E+07
   72.75000      1.0133854E+08
   73.00000      1.0553754E+08
   73.25000      1.0979258E+08
   73.50000      1.1410016E+08
   73.75000      1.1845679E+08
   74.00000      1.2285894E+08
   74.25000      1.2730311E+08
   74.50000      1.3178572E+08
   74.75000      1.3630312E+08
   75.00000      1.4085173E+08
   75.25000      1.4542787E+08
   75.50000      1.5002776E+08
   75.75000      1.5464755E+08
   76.00000      1.5928342E+08
   76.25000      1.6393147E+08
   76.50000      1.6858784E+08
   76.75000      1.7324853E+08
   77.00000      1.7790958E+08
   77.25000      1.8256706E+08
   77.50000      1.8721702E+08
   77.75000      1.9185550E+08
   78.00000      1.9647858E+08
   78.25000      2.0108230E+08
   78.50000      2.0566301E+08
   78.75000      2.1021701E+08
   79.00000      2.1474058E+08
   79.25000      2.1923019E+08
   79.50000      2.2368256E+08
   79.75000      2.2809464E+08
   80.00000      2.3246326E+08
   80.25000      2.3678539E+08
   80.50000      2.4105805E+08
   80.75000      2.4527848E+08
   81.00000      2.4944376E+08
   81.25000      2.5355109E+08
   81.50000      2.5759758E+08
   81.75000      2.6158045E+08
   82.00000      2.6549677E+08
   82.25000      2.6934384E+08
   82.50000      2.7311923E+08
   82.75000      2.7682067E+08
   83.00000      2.8044592E+08
   83.25000      2.8399286E+08
   83.50000      2.8746022E+08
   83.75000      2.9084675E+08
   84.00000      2.9415142E+08
   84.25000      2.9737315E+08
   84.50000      3.0051117E+08
   84.75000      3.0356509E+08
   85.00000      3.0653418E+08
   85.25000      3.0941798E+08
   85.50000      3.1221584E+08
   85.75000      3.1492723E+08
   86.00000      3.1755155E+08
   86.25000      3.2008829E+08
   86.50000      3.2253747E+08
   86.75000      3.2489898E+08
   87.00000      3.2717270E+08
   87.25000      3.2935891E+08
   87.50000      3.3145843E+08
   87.75000      3.3347232E+08
   88.00000      3.3540173E+08
   88.25000      3.3724765E+08
   88.50000      3.3901171E+08
   88.75000      3.4069552E+08
   89.00000      3.4230064E+08
   89.25000      3.4382867E+08
   89.50000      3.4528128E+08
   89.75000      3.4666000E+08
   90.00000      3.4796640E+08
   90.25000      3.4920227E+08
   90.50000      3.5036922E+08
   90.75000      3.5146912E+08
   91.00000      3.5250371E+08
   91.25000      3.5347491E+08
   91.50000      3.5438470E+08
   91.75000      3.5523533E+08
   92.00000      3.5602893E+08
   92.25000      3.5676768E+08
   92.50000      3.5745389E+08
   92.75000      3.5808989E+08
   93.00000      3.5867802E+08
   93.25000      3.5922058E+08
   93.50000      3.5971997E+08
   93.75000      3.6017850E+08
   94.00000      3.6059846E+08
   94.25000      3.6098221E+08
   94.50000      3.6133210E+08
   94.75000      3.6165030E+08
   95.00000      3.6193901E+08
   95.25000      3.6220054E+08
   95.50000      3.6243706E+08
   95.75000      3.6265059E+08
   96.00000      3.6284323E+08
   96.25000      3.6301712E+08
   96.50000      3.6317414E+08
   96.75000      3.6331645E+08
   97.00000      3.6344598E+08
   97.25000      3.6356477E+08
   97.50000      3.6367488E+08
   97.75000      3.6377827E+08
   98.00000      3.6387690E+08
   98.25000      3.6397283E+08
   98.50000      3.6406781E+08
   98.75000      3.6416371E+08
   99.00000      3.6426224E+08
   99.25000      3.6436509E+08
   99.50000      3.6447363E+08
   99.75000      3.6458915E+08
   100.0000      3.6471299E+08
   100.2500      3.6484637E+08
   100.5000      3.6499037E+08
   100.7500      3.6514608E+08
   101.0000      3.6531456E+08
   101.2500      3.6549683E+08
   101.5000      3.6569402E+08
   101.7500      3.6590707E+08
   102.0000      3.6613718E+08
   102.2500      3.6638528E+08
   102.5000      3.6665216E+08
   102.7500      3.6693872E+08
   103.0000      3.6724566E+08
   103.2500      3.6757373E+08
   103.5000      3.6792330E+08
   103.7500      3.6829453E+08
   104.0000      3.6868771E+08
   104.2500      3.6910317E+08
   104.5000      3.6954080E+08
   104.7500      3.7000061E+08
 
