#TitleText:Ni(001)-(5x5)-Li     Beam (2/5,0)              Rfac10=       0.8457
 #"IV theory
   21.25000       779.0372    
   21.50000       816.6448    
   21.75000       855.0714    
   22.00000       894.2394    
   22.25000       934.0708    
   22.50000       974.4852    
   22.75000       1015.402    
   23.00000       1056.739    
   23.25000       1098.416    
   23.50000       1140.347    
   23.75000       1182.443    
   24.00000       1224.618    
   24.25000       1266.783    
   24.50000       1308.850    
   24.75000       1350.728    
   25.00000       1392.325    
   25.25000       1433.553    
   25.50000       1474.319    
   25.75000       1514.535    
   26.00000       1554.109    
   26.25000       1592.953    
   26.50000       1630.979    
   26.75000       1668.105    
   27.00000       1704.244    
   27.25000       1739.315    
   27.50000       1773.242    
   27.75000       1805.952    
   28.00000       1837.371    
   28.25000       1867.429    
   28.50000       1896.055    
   28.75000       1923.183    
   29.00000       1948.745    
   29.25000       1972.674    
   29.50000       1994.902    
   29.75000       2015.362    
   30.00000       2033.986    
   30.25000       2050.712    
   30.50000       2065.490    
   30.75000       2078.279    
   31.00000       2089.034    
   31.25000       2097.720    
   31.50000       2104.333    
   31.75000       2108.879    
   32.00000       2111.362    
   32.25000       2111.789    
   32.50000       2110.186    
   32.75000       2106.582    
   33.00000       2101.004    
   33.25000       2093.482    
   33.50000       2084.043    
   33.75000       2072.717    
   34.00000       2059.532    
   34.25000       2044.518    
   34.50000       2027.715    
   34.75000       2009.164    
   35.00000       1988.907    
   35.25000       1966.989    
   35.50000       1943.473    
   35.75000       1918.425    
   36.00000       1891.913    
   36.25000       1864.005    
   36.50000       1834.780    
   36.75000       1804.316    
   37.00000       1772.695    
   37.25000       1739.994    
   37.50000       1706.295    
   37.75000       1671.677    
   38.00000       1636.219    
   38.25000       1600.001    
   38.50000       1563.102    
   38.75000       1525.598    
   39.00000       1487.567    
   39.25000       1449.087    
   39.50000       1410.232    
   39.75000       1371.075    
   40.00000       1331.691    
   40.25000       1292.152    
   40.50000       1252.531    
   40.75000       1212.900    
   41.00000       1173.329    
   41.25000       1133.892    
   41.50000       1094.659    
   41.75000       1055.702    
   42.00000       1017.093    
   42.25000       978.9020    
   42.50000       941.1897    
   42.75000       904.0157    
   43.00000       867.4393    
   43.25000       831.5157    
   43.50000       796.2836    
   43.75000       761.7776    
   44.00000       728.0323    
   44.25000       695.0800    
   44.50000       662.9453    
   44.75000       631.6499    
   45.00000       601.2165    
   45.25000       571.6670    
   45.50000       543.0237    
   45.75000       515.3088    
   46.00000       488.5444    
   46.25000       462.7510    
   46.50000       437.9420    
   46.75000       414.1289    
   47.00000       391.3234    
   47.25000       369.5338    
   47.50000       348.7537    
   47.75000       328.9740    
   48.00000       310.1849    
   48.25000       292.3753    
   48.50000       275.5269    
   48.75000       259.6196    
   49.00000       244.6333    
   49.25000       230.5479    
   49.50000       217.3434    
   49.75000       204.9996    
   50.00000       193.4966    
   50.25000       182.8139    
   50.50000       172.9292    
   50.75000       163.8201    
   51.00000       155.4638    
   51.25000       147.8371    
   51.50000       140.9132    
   51.75000       134.6645    
   52.00000       129.0635    
   52.25000       124.0821    
   52.50000       119.6906    
   52.75000       115.8591    
   53.00000       112.5573    
   53.25000       109.7553    
   53.50000       107.4230    
   53.75000       105.5302    
   54.00000       104.0470    
   54.25000       102.9437    
   54.50000       102.1931    
   54.75000       101.7685    
   55.00000       101.6431    
   55.25000       101.7915    
   55.50000       102.1924    
   55.75000       102.8258    
   56.00000       103.6719    
   56.25000       104.7112    
   56.50000       105.9264    
   56.75000       107.3011    
   57.00000       108.8184    
   57.25000       110.4619    
   57.50000       112.2149    
   57.75000       114.0608    
   58.00000       115.9830    
   58.25000       117.9654    
   58.50000       119.9951    
   58.75000       122.0594    
   59.00000       124.1458    
   59.25000       126.2433    
   59.50000       128.3462    
   59.75000       130.4503    
   60.00000       132.5513    
   60.25000       134.6456    
   60.50000       136.7325    
   60.75000       138.8119    
   61.00000       140.8836    
   61.25000       142.9475    
   61.50000       145.0034    
   61.75000       147.0513    
   62.00000       149.0911    
   62.25000       151.1228    
   62.50000       153.1475    
   62.75000       155.1666    
   63.00000       157.1813    
   63.25000       159.1935    
   63.50000       161.2067    
   63.75000       163.2253    
   64.00000       165.2534    
   64.25000       167.2953    
   64.50000       169.3565    
   64.75000       171.4425    
   65.00000       173.5589    
   65.25000       175.7114    
   65.50000       177.9056    
   65.75000       180.1470    
   66.00000       182.4413    
   66.25000       184.7938    
   66.50000       187.2092    
   66.75000       189.6918    
   67.00000       192.2462    
   67.25000       194.8762    
   67.50000       197.5843    
   67.75000       200.3725    
   68.00000       203.2428    
   68.25000       206.1970    
   68.50000       209.2362    
   68.75000       212.3611    
   69.00000       215.5727    
   69.25000       218.8716    
   69.50000       222.2588    
   69.75000       225.7349    
   70.00000       229.3009    
   70.25000       232.9574    
   70.50000       236.7041    
   70.75000       240.5404    
   71.00000       244.4660    
   71.25000       248.4798    
   71.50000       252.5792    
   71.75000       256.7611    
   72.00000       261.0225    
   72.25000       265.3600    
   72.50000       269.7694    
   72.75000       274.2463    
   73.00000       278.7864    
   73.25000       283.3852    
   73.50000       288.0383    
   73.75000       292.7412    
   74.00000       297.4897    
   74.25000       302.2794    
   74.50000       307.1057    
   74.75000       311.9642    
   75.00000       316.8506    
   75.25000       321.7603    
   75.50000       326.6888    
   75.75000       331.6318    
   76.00000       336.5846    
   76.25000       341.5427    
   76.50000       346.5016    
   76.75000       351.4569    
   77.00000       356.4038    
   77.25000       361.3380    
   77.50000       366.2547    
   77.75000       371.1496    
   78.00000       376.0181    
   78.25000       380.8558    
   78.50000       385.6591    
   78.75000       390.4248    
   79.00000       395.1494    
   79.25000       399.8300    
   79.50000       404.4651    
   79.75000       409.0538    
   80.00000       413.5950    
   80.25000       418.0879    
   80.50000       422.5324    
   80.75000       426.9287    
   81.00000       431.2770    
   81.25000       435.5774    
   81.50000       439.8300    
   81.75000       444.0351    
   82.00000       448.1928    
   82.25000       452.3033    
   82.50000       456.3682    
   82.75000       460.3887    
   83.00000       464.3664    
   83.25000       468.3033    
   83.50000       472.2029    
   83.75000       476.0695    
   84.00000       479.9073    
   84.25000       483.7205    
   84.50000       487.5145    
   84.75000       491.2947    
   85.00000       495.0666    
   85.25000       498.8358    
   85.50000       502.6075    
   85.75000       506.3875    
   86.00000       510.1811    
   86.25000       513.9938    
   86.50000       517.8314    
   86.75000       521.6996    
   87.00000       525.6041    
   87.25000       529.5507    
   87.50000       533.5455    
   87.75000       537.5950    
   88.00000       541.7050    
   88.25000       545.8822    
   88.50000       550.1328    
   88.75000       554.4632    
   89.00000       558.8801    
   89.25000       563.3898    
   89.50000       567.9990    
   89.75000       572.7139    
   90.00000       577.5413    
   90.25000       582.4872    
   90.50000       587.5573    
   90.75000       592.7568    
   91.00000       598.0912    
   91.25000       603.5654    
   91.50000       609.1826    
   91.75000       614.9460    
   92.00000       620.8588    
   92.25000       626.9235    
   92.50000       633.1425    
   92.75000       639.5173    
   93.00000       646.0502    
   93.25000       652.7427    
   93.50000       659.5970    
   93.75000       666.6149    
   94.00000       673.7981    
   94.25000       681.1484    
   94.50000       688.6663    
   94.75000       696.3521    
   95.00000       704.2063    
   95.25000       712.2288    
   95.50000       720.4169    
   95.75000       728.7685    
   96.00000       737.2805    
   96.25000       745.9498    
   96.50000       754.7726    
   96.75000       763.7446    
   97.00000       772.8613    
   97.25000       782.1188    
   97.50000       791.5125    
   97.75000       801.0381    
   98.00000       810.6917    
   98.25000       820.4684    
   98.50000       830.3632    
   98.75000       840.3702    
   99.00000       850.4841    
   99.25000       860.6988    
   99.50000       871.0067    
   99.75000       881.3998    
   100.0000       891.8699    
   100.2500       902.4089    
   100.5000       913.0074    
   100.7500       923.6562    
   101.0000       934.3461    
   101.2500       945.0674    
   101.5000       955.8111    
   101.7500       966.5677    
   102.0000       977.3279    
   102.2500       988.0822    
   102.5000       998.8212    
   102.7500       1009.535    
   103.0000       1020.214    
   103.2500       1030.849    
   103.5000       1041.430    
   103.7500       1051.946    
   104.0000       1062.388    
   104.2500       1072.744    
   104.5000       1083.005    
   104.7500       1093.160    
   105.0000       1103.200    
   105.2500       1113.112    
   105.5000       1122.887    
   105.7500       1132.516    
   106.0000       1141.985    
   106.2500       1151.287    
   106.5000       1160.411    
   106.7500       1169.346    
   107.0000       1178.085    
   107.2500       1186.616    
   107.5000       1194.933    
   107.7500       1203.026    
   108.0000       1210.887    
   108.2500       1218.508    
   108.5000       1225.883    
   108.7500       1233.003    
   109.0000       1239.861    
   109.2500       1246.449    
   109.5000       1252.761    
   109.7500       1258.789    
   110.0000       1264.525    
   110.2500       1269.962    
   110.5000       1275.095    
   110.7500       1279.915    
 
