#TitleText:Ni(001)-(5x5)-Li     Beam (3/5,2/5)            Rfac10=       1.0000
 #"IV theory
   40.25000       2622.820    
   40.50000       2416.334    
   40.75000       2232.596    
   41.00000       2070.458    
   41.25000       1928.772    
   41.50000       1806.389    
   41.75000       1702.162    
   42.00000       1614.943    
   42.25000       1543.606    
   42.50000       1487.113    
   42.75000       1444.445    
   43.00000       1414.589    
   43.25000       1396.570    
   43.50000       1389.593    
   43.75000       1392.902    
   44.00000       1405.746    
   44.25000       1427.393    
   44.50000       1457.200    
   44.75000       1494.544    
   45.00000       1538.804    
   45.25000       1589.358    
   45.50000       1645.586    
   45.75000       1706.864    
   46.00000       1772.571    
   46.25000       1842.110    
   46.50000       1914.975    
   46.75000       1990.687    
   47.00000       2068.763    
   47.25000       2148.770    
   47.50000       2230.462    
   47.75000       2313.639    
   48.00000       2398.101    
   48.25000       2483.674    
   48.50000       2570.274    
   48.75000       2657.843    
   49.00000       2746.322    
   49.25000       2835.653    
   49.50000       2925.777    
   49.75000       3016.635    
   50.00000       3108.168    
   50.25000       3200.327    
   50.50000       3293.088    
   50.75000       3386.438    
   51.00000       3480.364    
   51.25000       3574.866    
   51.50000       3670.005    
   51.75000       3765.857    
   52.00000       3862.498    
   52.25000       3960.010    
   52.50000       4058.507    
   52.75000       4158.110    
   53.00000       4258.938    
   53.25000       4361.114    
   53.50000       4464.756    
   53.75000       4569.986    
   54.00000       4676.924    
   54.25000       4785.685    
   54.50000       4896.361    
   54.75000       5009.040    
   55.00000       5123.809    
   55.25000       5240.743    
   55.50000       5359.874    
   55.75000       5481.220    
   56.00000       5604.804    
   56.25000       5730.638    
   56.50000       5858.715    
   56.75000       5989.020    
   57.00000       6121.541    
   57.25000       6256.263    
   57.50000       6393.173    
   57.75000       6532.259    
   58.00000       6673.504    
   58.25000       6816.890    
   58.50000       6962.362    
   58.75000       7109.862    
   59.00000       7259.331    
   59.25000       7410.690    
   59.50000       7563.806    
   59.75000       7718.525    
   60.00000       7874.695    
   60.25000       8032.156    
   60.50000       8190.718    
   60.75000       8350.181    
   61.00000       8510.349    
   61.25000       8671.021    
   61.50000       8832.000    
   61.75000       8993.087    
   62.00000       9154.086    
   62.25000       9314.792    
   62.50000       9475.011    
   62.75000       9634.541    
   63.00000       9793.182    
   63.25000       9950.731    
   63.50000       10106.99    
   63.75000       10261.75    
   64.00000       10414.81    
   64.25000       10565.96    
   64.50000       10715.01    
   64.75000       10861.74    
   65.00000       11005.94    
   65.25000       11147.42    
   65.50000       11285.97    
   65.75000       11421.38    
   66.00000       11553.45    
   66.25000       11681.97    
   66.50000       11806.78    
   66.75000       11927.69    
   67.00000       12044.55    
   67.25000       12157.19    
   67.50000       12265.50    
   67.75000       12369.38    
   68.00000       12468.74    
   68.25000       12563.47    
   68.50000       12653.52    
   68.75000       12738.81    
   69.00000       12819.28    
   69.25000       12894.87    
   69.50000       12965.51    
   69.75000       13031.15    
   70.00000       13091.71    
   70.25000       13147.14    
   70.50000       13197.41    
   70.75000       13242.49    
   71.00000       13282.37    
   71.25000       13317.02    
   71.50000       13346.51    
   71.75000       13370.87    
   72.00000       13390.18    
   72.25000       13404.49    
   72.50000       13413.89    
   72.75000       13418.49    
   73.00000       13418.38    
   73.25000       13413.66    
   73.50000       13404.42    
   73.75000       13390.77    
   74.00000       13372.79    
   74.25000       13350.60    
   74.50000       13324.31    
   74.75000       13294.03    
   75.00000       13259.88    
   75.25000       13221.99    
   75.50000       13180.51    
   75.75000       13135.59    
   76.00000       13087.40    
   76.25000       13036.09    
   76.50000       12981.83    
   76.75000       12924.82    
   77.00000       12865.22    
   77.25000       12803.21    
   77.50000       12738.97    
   77.75000       12672.68    
   78.00000       12604.52    
   78.25000       12534.66    
   78.50000       12463.28    
   78.75000       12390.56    
 
