#TitleText:Ni(001)-(5x5)-Li     Beam (2/5,2/5)            Rfac10=       0.9439
 #"IV theory
   40.25000       61.89317    
   40.50000       64.12952    
   40.75000       66.34697    
   41.00000       68.54068    
   41.25000       70.70575    
   41.50000       72.83732    
   41.75000       74.93053    
   42.00000       76.98050    
   42.25000       78.98250    
   42.50000       80.93228    
   42.75000       82.82578    
   43.00000       84.65890    
   43.25000       86.42780    
   43.50000       88.12967    
   43.75000       89.76199    
   44.00000       91.32223    
   44.25000       92.80797    
   44.50000       94.21730    
   44.75000       95.54849    
   45.00000       96.79976    
   45.25000       97.96936    
   45.50000       99.05553    
   45.75000       100.0565    
   46.00000       100.9705    
   46.25000       101.7959    
   46.50000       102.5318    
   46.75000       103.1771    
   47.00000       103.7311    
   47.25000       104.1930    
   47.50000       104.5636    
   47.75000       104.8436    
   48.00000       105.0339    
   48.25000       105.1355    
   48.50000       105.1499    
   48.75000       105.0790    
   49.00000       104.9244    
   49.25000       104.6879    
   49.50000       104.3712    
   49.75000       103.9761    
   50.00000       103.5041    
   50.25000       102.9573    
   50.50000       102.3375    
   50.75000       101.6470    
   51.00000       100.8880    
   51.25000       100.0626    
   51.50000       99.17368    
   51.75000       98.22427    
   52.00000       97.21729    
   52.25000       96.15577    
   52.50000       95.04303    
   52.75000       93.88242    
   53.00000       92.67733    
   53.25000       91.43112    
   53.50000       90.14717    
   53.75000       88.82887    
   54.00000       87.47955    
   54.25000       86.10258    
   54.50000       84.70109    
   54.75000       83.27816    
   55.00000       81.83690    
   55.25000       80.38032    
   55.50000       78.91102    
   55.75000       77.43156    
   56.00000       75.94450    
   56.25000       74.45230    
   56.50000       72.95728    
   56.75000       71.46169    
   57.00000       69.96780    
   57.25000       68.47788    
   57.50000       66.99419    
   57.75000       65.51897    
   58.00000       64.05450    
   58.25000       62.60297    
   58.50000       61.16623    
   58.75000       59.74607    
   59.00000       58.34430    
   59.25000       56.96255    
   59.50000       55.60182    
   59.75000       54.26296    
   60.00000       52.94684    
   60.25000       51.65422    
   60.50000       50.38556    
   60.75000       49.14124    
   61.00000       47.92167    
   61.25000       46.72720    
   61.50000       45.55822    
   61.75000       44.41512    
   62.00000       43.29827    
   62.25000       42.20803    
   62.50000       41.14459    
   62.75000       40.10812    
   63.00000       39.09875    
   63.25000       38.11661    
   63.50000       37.16145    
   63.75000       36.23302    
   64.00000       35.33101    
   64.25000       34.45509    
   64.50000       33.60482    
   64.75000       32.77968    
   65.00000       31.97915    
   65.25000       31.20275    
   65.50000       30.44994    
   65.75000       29.72023    
   66.00000       29.01312    
   66.25000       28.32810    
   66.50000       27.66476    
   66.75000       27.02268    
   67.00000       26.40146    
   67.25000       25.80071    
   67.50000       25.22018    
   67.75000       24.65967    
   68.00000       24.11895    
   68.25000       23.59783    
   68.50000       23.09616    
   68.75000       22.61384    
   69.00000       22.15073    
   69.25000       21.70672    
   69.50000       21.28170    
   69.75000       20.87554    
   70.00000       20.48812    
   70.25000       20.11936    
   70.50000       19.76931    
   70.75000       19.43809    
   71.00000       19.12576    
   71.25000       18.83252    
   71.50000       18.55880    
   71.75000       18.30513    
   72.00000       18.07204    
   72.25000       17.86008    
   72.50000       17.66995    
   72.75000       17.50240    
   73.00000       17.35816    
   73.25000       17.23797    
   73.50000       17.14256    
   73.75000       17.07268    
   74.00000       17.02906    
   74.25000       17.01244    
   74.50000       17.02359    
   74.75000       17.06325    
   75.00000       17.13220    
   75.25000       17.23119    
   75.50000       17.36102    
   75.75000       17.52250    
   76.00000       17.71642    
   76.25000       17.94360    
   76.50000       18.20486    
   76.75000       18.50102    
   77.00000       18.83292    
   77.25000       19.20136    
   77.50000       19.60718    
   77.75000       20.05121    
   78.00000       20.53426    
   78.25000       21.05714    
   78.50000       21.62049    
   78.75000       22.22495    
   79.00000       22.87112    
   79.25000       23.55958    
   79.50000       24.29060    
   79.75000       25.06441    
   80.00000       25.88122    
   80.25000       26.74122    
   80.50000       27.64445    
   80.75000       28.59094    
   81.00000       29.58071    
   81.25000       30.61376    
   81.50000       31.69012    
   81.75000       32.80981    
   82.00000       33.97282    
   82.25000       35.17916    
   82.50000       36.42858    
   82.75000       37.72084    
   83.00000       39.05568    
   83.25000       40.43275    
   83.50000       41.85132    
   83.75000       43.31058    
   84.00000       44.80972    
   84.25000       46.34789    
   84.50000       47.92403    
   84.75000       49.53707    
   85.00000       51.18591    
   85.25000       52.86946    
   85.50000       54.58664    
   85.75000       56.33635    
   86.00000       58.11750    
   86.25000       59.92899    
   86.50000       61.76956    
   86.75000       63.63794    
   87.00000       65.53288    
   87.25000       67.45303    
   87.50000       69.39680    
   87.75000       71.36259    
   88.00000       73.34874    
   88.25000       75.35358    
   88.50000       77.37534    
   88.75000       79.41218    
   89.00000       81.46230    
   89.25000       83.52386    
   89.50000       85.59507    
   89.75000       87.67409    
   90.00000       89.75910    
   90.25000       91.84830    
   90.50000       93.93987    
   90.75000       96.03204    
   91.00000       98.12301    
   91.25000       100.2110    
   91.50000       102.2942    
   91.75000       104.3710    
   92.00000       106.4395    
   92.25000       108.4981    
   92.50000       110.5450    
   92.75000       112.5785    
   93.00000       114.5969    
   93.25000       116.5984    
   93.50000       118.5815    
   93.75000       120.5442    
   94.00000       122.4849    
   94.25000       124.4020    
   94.50000       126.2939    
   94.75000       128.1590    
   95.00000       129.9957    
   95.25000       131.8026    
   95.50000       133.5785    
   95.75000       135.3221    
   96.00000       137.0322    
   96.25000       138.7077    
   96.50000       140.3475    
   96.75000       141.9506    
   97.00000       143.5159    
   97.25000       145.0425    
   97.50000       146.5293    
   97.75000       147.9752    
   98.00000       149.3793    
   98.25000       150.7406    
   98.50000       152.0583    
   98.75000       153.3315    
   99.00000       154.5594    
   99.25000       155.7414    
   99.50000       156.8770    
   99.75000       157.9660    
   100.0000       159.0079    
   100.2500       160.0026    
   100.5000       160.9499    
   100.7500       161.8496    
   101.0000       162.7018    
   101.2500       163.5062    
   101.5000       164.2629    
   101.7500       164.9718    
   102.0000       165.6327    
   102.2500       166.2456    
   102.5000       166.8106    
   102.7500       167.3277    
   103.0000       167.7971    
   103.2500       168.2189    
   103.5000       168.5935    
   103.7500       168.9215    
   104.0000       169.2032    
   104.2500       169.4393    
   104.5000       169.6302    
   104.7500       169.7768    
   105.0000       169.8796    
   105.2500       169.9394    
   105.5000       169.9568    
   105.7500       169.9324    
   106.0000       169.8669    
   106.2500       169.7611    
   106.5000       169.6155    
   106.7500       169.4310    
   107.0000       169.2083    
   107.2500       168.9481    
   107.5000       168.6513    
   107.7500       168.3188    
 
