#TitleText:Ni(001)-(5x5)-Li     Beam (4/5,3/5)            Rfac10=       1.0997
 #"IV theory
   68.25000       92.18019    
   68.50000       92.46029    
   68.75000       92.66192    
   69.00000       92.78568    
   69.25000       92.83221    
   69.50000       92.80210    
   69.75000       92.69600    
   70.00000       92.51451    
   70.25000       92.25835    
   70.50000       91.92854    
   70.75000       91.52622    
   71.00000       91.05252    
   71.25000       90.50874    
   71.50000       89.89687    
   71.75000       89.21904    
   72.00000       88.47742    
   72.25000       87.67425    
   72.50000       86.81212    
   72.75000       85.89367    
   73.00000       84.92158    
   73.25000       83.89851    
   73.50000       82.82712    
   73.75000       81.71009    
   74.00000       80.55006    
   74.25000       79.34974    
   74.50000       78.11203    
   74.75000       76.83979    
   75.00000       75.53596    
   75.25000       74.20353    
   75.50000       72.84579    
   75.75000       71.46615    
   76.00000       70.06799    
   76.25000       68.65476    
   76.50000       67.23003    
   76.75000       65.79746    
   77.00000       64.36068    
   77.25000       62.92332    
   77.50000       61.48902    
   77.75000       60.06141    
   78.00000       58.64414    
   78.25000       57.24080    
   78.50000       55.85484    
   78.75000       54.48970    
   79.00000       53.14882    
   79.25000       51.83554    
   79.50000       50.55294    
   79.75000       49.30405    
   80.00000       48.09187    
   80.25000       46.91936    
   80.50000       45.78938    
   80.75000       44.70473    
   81.00000       43.66821    
   81.25000       42.68261    
   81.50000       41.75075    
   81.75000       40.87543    
   82.00000       40.05945    
   82.25000       39.30551    
   82.50000       38.61597    
   82.75000       37.99308    
   83.00000       37.43909    
   83.25000       36.95607    
   83.50000       36.54535    
   83.75000       36.20808    
   84.00000       35.94540    
   84.25000       35.75839    
   84.50000       35.64773    
   84.75000       35.61401    
   85.00000       35.65785    
   85.25000       35.77983    
   85.50000       35.98056    
   85.75000       36.26064    
   86.00000       36.62066    
   86.25000       37.06113    
   86.50000       37.58217    
   86.75000       38.18382    
   87.00000       38.86609    
   87.25000       39.62883    
   87.50000       40.47110    
   87.75000       41.39180    
   88.00000       42.38982    
   88.25000       43.46392    
   88.50000       44.61254    
   88.75000       45.83398    
   89.00000       47.12654    
   89.25000       48.48856    
   89.50000       49.91832    
   89.75000       51.41417    
   90.00000       52.97440    
   90.25000       54.59727    
   90.50000       56.28089    
   90.75000       58.02326    
   91.00000       59.82244    
   91.25000       61.67635    
   91.50000       63.58258    
   91.75000       65.53857    
   92.00000       67.54185    
   92.25000       69.58979    
   92.50000       71.67967    
   92.75000       73.80869    
   93.00000       75.97401    
   93.25000       78.17287    
   93.50000       80.40243    
   93.75000       82.65988    
   94.00000       84.94247    
   94.25000       87.24733    
   94.50000       89.57176    
   94.75000       91.91297    
   95.00000       94.26820    
   95.25000       96.63471    
   95.50000       99.00985    
   95.75000       101.3909    
   96.00000       103.7753    
   96.25000       106.1602    
   96.50000       108.5432    
   96.75000       110.9215    
   97.00000       113.2926    
   97.25000       115.6538    
   97.50000       118.0026    
   97.75000       120.3363    
   98.00000       122.6522    
   98.25000       124.9479    
   98.50000       127.2209    
   98.75000       129.4690    
   99.00000       131.6899    
   99.25000       133.8812    
   99.50000       136.0414    
   99.75000       138.1685    
   100.0000       140.2611    
   100.2500       142.3174    
   100.5000       144.3360    
   100.7500       146.3155    
   101.0000       148.2546    
   101.2500       150.1518    
   101.5000       152.0058    
   101.7500       153.8153    
   102.0000       155.5787    
   102.2500       157.2949    
   102.5000       158.9627    
   102.7500       160.5811    
   103.0000       162.1491    
   103.2500       163.6658    
   103.5000       165.1307    
   103.7500       166.5436    
   104.0000       167.9041    
   104.2500       169.2120    
   104.5000       170.4672    
   104.7500       171.6700    
   105.0000       172.8202    
   105.2500       173.9179    
   105.5000       174.9632    
   105.7500       175.9562    
 
