#TitleText:Ni(001)-(5x5)-Li     Beam (1/5,1/5)            Rfac10=       0.9771
 #"IV theory
   60.25000       589.8346    
   60.50000       601.4366    
   60.75000       613.7239    
   61.00000       626.7068    
   61.25000       640.3961    
   61.50000       654.8021    
   61.75000       669.9354    
   62.00000       685.8064    
   62.25000       702.4247    
   62.50000       719.7958    
   62.75000       737.9244    
   63.00000       756.8150    
   63.25000       776.4702    
   63.50000       796.8848    
   63.75000       818.0516    
   64.00000       839.9631    
   64.25000       862.6111    
   64.50000       885.9837    
   64.75000       910.0674    
   65.00000       934.8492    
   65.25000       960.3158    
   65.50000       986.4542    
   65.75000       1013.251    
   66.00000       1040.693    
   66.25000       1068.766    
   66.50000       1097.451    
   66.75000       1126.725    
   67.00000       1156.568    
   67.25000       1186.957    
   67.50000       1217.856    
   67.75000       1249.230    
   68.00000       1281.042    
   68.25000       1313.252    
   68.50000       1345.818    
   68.75000       1378.695    
   69.00000       1411.839    
   69.25000       1445.204    
   69.50000       1478.746    
   69.75000       1512.419    
   70.00000       1546.181    
   70.25000       1579.984    
   70.50000       1613.786    
   70.75000       1647.541    
   71.00000       1681.203    
   71.25000       1714.729    
   71.50000       1748.072    
   71.75000       1781.189    
   72.00000       1814.033    
   72.25000       1846.560    
   72.50000       1878.725    
   72.75000       1910.482    
   73.00000       1941.786    
   73.25000       1972.592    
   73.50000       2002.855    
   73.75000       2032.529    
   74.00000       2061.569    
   74.25000       2089.932    
   74.50000       2117.575    
   74.75000       2144.459    
   75.00000       2170.543    
   75.25000       2195.790    
   75.50000       2220.167    
   75.75000       2243.645    
   76.00000       2266.193    
   76.25000       2287.783    
   76.50000       2308.388    
   76.75000       2327.984    
   77.00000       2346.547    
   77.25000       2364.050    
   77.50000       2380.469    
   77.75000       2395.779    
   78.00000       2409.956    
   78.25000       2422.976    
   78.50000       2434.819    
   78.75000       2445.470    
   79.00000       2454.912    
   79.25000       2463.129    
   79.50000       2470.118    
   79.75000       2475.878    
   80.00000       2480.408    
   80.25000       2483.707    
   80.50000       2485.781    
   80.75000       2486.636    
   81.00000       2486.280    
   81.25000       2484.718    
   81.50000       2481.957    
   81.75000       2478.004    
   82.00000       2472.866    
   82.25000       2466.550    
   82.50000       2459.067    
   82.75000       2450.432    
 
