#TitleText:Ni(001)-(5x5)-Li     Beam (1/5,0)              Rfac10=       0.7288
 #"IV theory
   21.25000       316.8410    
   21.50000       342.7044    
   21.75000       376.6667    
   22.00000       418.4409    
   22.25000       467.7366    
   22.50000       524.2479    
   22.75000       587.6654    
   23.00000       657.6798    
   23.25000       733.9744    
   23.50000       816.2036    
   23.75000       904.0150    
   24.00000       997.0556    
   24.25000       1094.969    
   24.50000       1197.385    
   24.75000       1303.928    
   25.00000       1414.224    
   25.25000       1527.899    
   25.50000       1644.578    
   25.75000       1763.886    
   26.00000       1885.449    
   26.25000       2008.896    
   26.50000       2133.869    
   26.75000       2260.014    
   27.00000       2386.976    
   27.25000       2514.407    
   27.50000       2641.986    
   27.75000       2769.400    
   28.00000       2896.332    
   28.25000       3022.473    
   28.50000       3147.524    
   28.75000       3271.192    
   29.00000       3393.182    
   29.25000       3513.199    
   29.50000       3630.949    
   29.75000       3746.138    
   30.00000       3858.471    
   30.25000       3967.665    
   30.50000       4073.483    
   30.75000       4175.699    
   31.00000       4274.085    
   31.25000       4368.440    
   31.50000       4458.649    
   31.75000       4544.623    
   32.00000       4626.271    
   32.25000       4703.514    
   32.50000       4776.321    
   32.75000       4844.667    
   33.00000       4908.530    
   33.25000       4967.890    
   33.50000       5022.725    
   33.75000       5073.012    
   34.00000       5118.728    
   34.25000       5159.858    
   34.50000       5196.408    
   34.75000       5228.389    
   35.00000       5255.815    
   35.25000       5278.708    
   35.50000       5297.136    
   35.75000       5311.180    
   36.00000       5320.919    
   36.25000       5326.439    
   36.50000       5327.848    
   36.75000       5325.260    
   37.00000       5318.789    
   37.25000       5308.549    
   37.50000       5294.653    
   37.75000       5277.216    
   38.00000       5256.352    
   38.25000       5232.175    
   38.50000       5204.802    
   38.75000       5174.351    
   39.00000       5140.939    
   39.25000       5104.686    
   39.50000       5065.715    
   39.75000       5024.152    
   40.00000       4980.122    
   40.25000       4933.751    
   40.50000       4885.169    
   40.75000       4834.502    
   41.00000       4781.883    
   41.25000       4727.438    
   41.50000       4671.297    
   41.75000       4613.590    
   42.00000       4554.445    
   42.25000       4493.989    
   42.50000       4432.342    
   42.75000       4369.618    
   43.00000       4305.933    
   43.25000       4241.398    
   43.50000       4176.108    
   43.75000       4110.152    
 
