#TitleText:Ni(001)-(5x5)-Li     Beam (1,1)                Rfac10=       0.6856
 #"IV theory
   86.25000       1059.459    
   86.50000       967.2617    
   86.75000       888.3602    
   87.00000       822.7365    
   87.25000       770.2844    
   87.50000       730.5449    
   87.75000       702.9713    
   88.00000       687.0167    
   88.25000       682.0901    
   88.50000       687.4243    
   88.75000       702.2081    
   89.00000       725.6302    
   89.25000       756.8796    
   89.50000       795.1448    
   89.75000       839.6148    
   90.00000       889.4782    
   90.25000       943.9233    
   90.50000       1002.136    
   90.75000       1063.301    
   91.00000       1126.604    
   91.25000       1191.229    
   91.50000       1256.356    
   91.75000       1321.162    
   92.00000       1384.827    
   92.25000       1446.526    
   92.50000       1505.437    
   92.75000       1560.732    
   93.00000       1611.588    
   93.25000       1657.179    
   93.50000       1696.679    
   93.75000       1729.263    
   94.00000       1754.107    
   94.25000       1770.469    
   94.50000       1777.951    
   94.75000       1776.240    
   95.00000       1765.024    
   95.25000       1744.158    
   95.50000       1714.184    
   95.75000       1675.813    
   96.00000       1629.755    
   96.25000       1576.807    
   96.50000       1518.107    
   96.75000       1454.877    
   97.00000       1388.340    
   97.25000       1319.721    
   97.50000       1250.241    
   97.75000       1181.123    
   98.00000       1113.592    
   98.25000       1048.801    
   98.50000       987.6296    
   98.75000       930.8904    
   99.00000       879.3945    
   99.25000       833.8161    
   99.50000       794.2808    
   99.75000       760.7769    
   100.0000       733.2927    
   100.2500       711.7479    
   100.5000       695.7880    
   100.7500       684.9896    
   101.0000       678.9297    
   101.2500       677.1848    
   101.5000       679.3318    
   101.7500       684.9475    
   102.0000       693.6085    
   102.2500       704.9101    
   102.5000       718.5208    
   102.7500       734.1277    
   103.0000       751.4178    
   103.2500       770.1148    
   103.5000       790.0895    
   103.7500       811.2495    
   104.0000       833.5020    
   104.2500       856.7730    
   104.5000       881.0621    
   104.7500       906.3868    
   105.0000       932.7648    
   105.2500       960.2140    
   105.5000       988.7520    
   105.7500       1018.397    
   106.0000       1049.166    
   106.2500       1081.078    
   106.5000       1114.159    
   106.7500       1148.436    
   107.0000       1183.933    
   107.2500       1220.682    
   107.5000       1258.722    
   107.7500       1298.098    
   108.0000       1338.853    
   108.2500       1381.034    
   108.5000       1424.690    
   108.7500       1469.876    
   109.0000       1516.642    
   109.2500       1565.043    
   109.5000       1615.130    
   109.7500       1666.956    
   110.0000       1720.574    
   110.2500       1776.037    
   110.5000       1833.403    
   110.7500       1892.732    
   111.0000       1954.080    
   111.2500       2017.511    
   111.5000       2083.092    
   111.7500       2150.895    
   112.0000       2220.991    
   112.2500       2293.453    
   112.5000       2368.356    
   112.7500       2445.778    
   113.0000       2525.797    
   113.2500       2608.489    
   113.5000       2693.932    
   113.7500       2782.204    
   114.0000       2873.382    
   114.2500       2967.576    
   114.5000       3065.032    
   114.7500       3166.031    
   115.0000       3270.850    
   115.2500       3379.836    
   115.5000       3493.604    
   115.7500       3612.839    
   116.0000       3738.221    
   116.2500       3870.468    
   116.5000       4010.430    
   116.7500       4158.992    
   117.0000       4317.039    
   117.2500       4485.454    
   117.5000       4665.123    
   117.7500       4856.930    
   118.0000       5061.759    
   118.2500       5280.469    
   118.5000       5513.807    
   118.7500       5762.495    
   119.0000       6027.254    
   119.2500       6308.751    
   119.5000       6607.436    
   119.7500       6923.704    
   120.0000       7257.948    
   120.2500       7610.539    
   120.5000       7981.733    
   120.7500       8371.764    
   121.0000       8780.862    
   121.2500       9209.262    
   121.5000       9657.191    
   121.7500       10124.89    
   122.0000       10612.57    
   122.2500       11120.22    
   122.5000       11646.74    
   122.7500       12190.76    
   123.0000       12750.93    
   123.2500       13325.34    
   123.5000       13909.99    
   123.7500       14500.33    
   124.0000       15091.80    
   124.2500       15679.60    
   124.5000       16257.86    
   124.7500       16820.42    
   125.0000       17361.15    
   125.2500       17873.91    
   125.5000       18352.55    
   125.7500       18790.95    
   126.0000       19182.95    
   126.2500       19522.93    
   126.5000       19807.28    
   126.7500       20032.92    
   127.0000       20196.75    
   127.2500       20296.71    
   127.5000       20334.79    
   127.7500       20314.00    
   128.0000       20237.35    
   128.2500       20108.36    
   128.5000       19932.59    
   128.7500       19716.11    
   129.0000       19464.96    
   129.2500       19185.22    
   129.5000       18882.96    
   129.7500       18564.22    
   130.0000       18235.08    
   130.2500       17901.31    
   130.5000       17567.49    
   130.7500       17237.92    
   131.0000       16916.91    
   131.2500       16608.15    
   131.5000       16313.01    
   131.7500       16032.24    
   132.0000       15766.62    
   132.2500       15516.62    
   132.5000       15281.53    
   132.7500       15060.35    
   133.0000       14852.08    
   133.2500       14655.73    
   133.5000       14470.28    
   133.7500       14294.75    
   134.0000       14128.13    
   134.2500       13969.46    
   134.5000       13817.90    
   134.7500       13672.65    
   135.0000       13532.92    
   135.2500       13397.98    
   135.5000       13267.36    
   135.7500       13140.66    
   136.0000       13017.49    
   136.2500       12897.48    
   136.5000       12780.41    
   136.7500       12666.08    
   137.0000       12554.29    
   137.2500       12444.85    
   137.5000       12337.56    
   137.7500       12232.23    
   138.0000       12128.67    
   138.2500       12026.67    
   138.5000       11926.05    
   138.7500       11826.63    
   139.0000       11728.22    
   139.2500       11630.64    
   139.5000       11533.74    
   139.7500       11437.33    
   140.0000       11341.26    
   140.2500       11245.37    
   140.5000       11149.50    
   140.7500       11053.51    
   141.0000       10957.24    
   141.2500       10860.54    
   141.5000       10763.26    
   141.7500       10665.24    
   142.0000       10566.34    
   142.2500       10466.41    
   142.5000       10365.32    
   142.7500       10262.95    
   143.0000       10159.18    
   143.2500       10053.90    
   143.5000       9947.040    
   143.7500       9838.538    
   144.0000       9728.336    
   144.2500       9616.377    
   144.5000       9502.628    
   144.7500       9387.061    
   145.0000       9269.646    
   145.2500       9150.353    
   145.5000       9029.152    
   145.7500       8906.018    
   146.0000       8780.916    
   146.2500       8653.825    
   146.5000       8524.730    
   146.7500       8393.623    
   147.0000       8260.490    
   147.2500       8125.333    
   147.5000       7988.171    
   147.7500       7849.035    
   148.0000       7707.953    
   148.2500       7564.958    
   148.5000       7420.096    
   148.7500       7273.415    
   149.0000       7124.963    
   149.2500       6974.790    
   149.5000       6822.943    
   149.7500       6669.472    
   150.0000       6514.426    
   150.2500       6357.851    
   150.5000       6199.791    
   150.7500       6040.285    
   151.0000       5879.374    
   151.2500       5717.098    
   151.5000       5553.483    
   151.7500       5388.556    
   152.0000       5222.341    
   152.2500       5054.862    
   152.5000       4886.140    
   152.7500       4716.190    
   153.0000       4545.032    
   153.2500       4372.681    
   153.5000       4199.157    
   153.7500       4024.477    
   154.0000       3848.658    
   154.2500       3671.760    
   154.5000       3494.018    
   154.7500       3315.706    
   155.0000       3137.101    
   155.2500       2958.565    
   155.5000       2780.806    
   155.7500       2604.615    
   156.0000       2430.786    
   156.2500       2260.154    
   156.5000       2093.728    
   156.7500       1932.559    
   157.0000       1777.699    
   157.2500       1630.199    
   157.5000       1491.109    
   157.7500       1361.482    
   158.0000       1242.369    
   158.2500       1134.850    
   158.5000       1040.118    
   158.7500       959.3953    
   159.0000       893.9048    
   159.2500       844.9256    
   159.5000       813.9649    
   159.7500       802.5870    
   160.0000       812.3560    
   160.2500       844.8649    
   160.5000       901.8203    
   160.7500       984.9572    
   161.0000       1096.011    
   161.2500       1236.718    
   161.5000       1408.811    
   161.7500       1614.027    
   162.0000       1854.101    
   162.2500       2130.411    
   162.5000       2442.899    
   162.7500       2791.154    
   163.0000       3174.760    
   163.2500       3592.590    
   163.5000       4040.646    
   163.7500       4514.219    
   164.0000       5008.598    
   164.2500       5518.712    
   164.5000       6038.061    
   164.7500       6559.783    
   165.0000       7077.019    
   165.2500       7582.910    
   165.5000       8070.593    
   165.7500       8533.211    
   166.0000       8963.904    
   166.2500       9356.288    
   166.5000       9705.894    
   166.7500       10008.73    
   167.0000       10260.81    
   167.2500       10459.09    
   167.5000       10604.37    
   167.7500       10698.39    
   168.0000       10742.89    
   168.2500       10740.11    
   168.5000       10694.17    
   168.7500       10609.70    
   169.0000       10491.31    
   169.2500       10343.60    
   169.5000       10171.21    
   169.7500       9978.731    
   170.0000       9770.794    
   170.2500       9551.810    
   170.5000       9325.409    
   170.7500       9095.029    
   171.0000       8864.103    
   171.2500       8635.667    
   171.5000       8411.190    
   171.7500       8191.742    
   172.0000       7978.394    
   172.2500       7772.021    
   172.5000       7572.710    
   172.7500       7380.353    
   173.0000       7194.839    
   173.2500       7016.059    
   173.5000       6843.901    
   173.7500       6678.260    
   174.0000       6519.023    
   174.2500       6366.084    
   174.5000       6219.353    
   174.7500       6078.739    
   175.0000       5944.155    
   175.2500       5815.521    
   175.5000       5692.781    
   175.7500       5575.890    
   176.0000       5464.802    
   176.2500       5359.476    
   176.5000       5259.880    
   176.7500       5165.992    
   177.0000       5077.786    
   177.2500       4995.236    
   177.5000       4918.319    
   177.7500       4847.009    
   178.0000       4781.281    
   178.2500       4721.109    
   178.5000       4666.461    
   178.7500       4617.308    
   179.0000       4573.616    
   179.2500       4535.351    
   179.5000       4502.470    
   179.7500       4474.927    
   180.0000       4452.677    
   180.2500       4435.672    
   180.5000       4423.861    
   180.7500       4417.192    
   181.0000       4415.613    
   181.2500       4419.069    
   181.5000       4427.509    
   181.7500       4440.880    
   182.0000       4459.129    
   182.2500       4482.206    
   182.5000       4510.060    
   182.7500       4542.645    
   183.0000       4579.913    
   183.2500       4621.819    
   183.5000       4668.322    
   183.7500       4719.386    
   184.0000       4774.973    
   184.2500       4835.047    
   184.5000       4899.573    
   184.7500       4968.520    
   185.0000       5041.855    
   185.2500       5119.546    
   185.5000       5201.560    
   185.7500       5287.864    
   186.0000       5378.426    
   186.2500       5473.223    
   186.5000       5572.259    
   186.7500       5675.551    
   187.0000       5783.112    
   187.2500       5894.974    
   187.5000       6011.230    
   187.7500       6131.989    
   188.0000       6257.361    
   188.2500       6387.461    
   188.5000       6522.440    
   188.7500       6662.453    
   189.0000       6807.657    
   189.2500       6958.207    
   189.5000       7114.261    
   189.7500       7275.977    
   190.0000       7443.506    
   190.2500       7616.998    
   190.5000       7796.544    
   190.7500       7982.229    
   191.0000       8174.135    
   191.2500       8372.320    
   191.5000       8576.746    
   191.7500       8787.345    
   192.0000       9004.055    
   192.2500       9226.798    
   192.5000       9455.450    
   192.7500       9689.869    
   193.0000       9929.920    
   193.2500       10175.46    
   193.5000       10426.36    
   193.7500       10682.48    
   194.0000       10943.67    
   194.2500       11209.90    
   194.5000       11481.51    
   194.7500       11758.92    
   195.0000       12042.58    
   195.2500       12333.12    
   195.5000       12631.91    
   195.7500       12940.56    
   196.0000       13260.62    
   196.2500       13593.80    
   196.5000       13942.14    
   196.7500       14307.80    
   197.0000       14692.93    
   197.2500       15099.69    
   197.5000       15530.23    
   197.7500       15986.72    
   198.0000       16471.33    
   198.2500       16986.02    
   198.5000       17531.97    
   198.7500       18110.15    
   199.0000       18721.56    
   199.2500       19366.80    
   199.5000       20045.06    
   199.7500       20755.17    
 
