#TitleText:Ni(001)-(5x5)-Li     Beam (1,1/5)              Rfac10=       0.6777
 #"IV theory
   54.25000       115.9547    
   54.50000       113.4619    
   54.75000       111.0543    
   55.00000       108.7323    
   55.25000       106.4961    
   55.50000       104.3448    
   55.75000       102.2775    
   56.00000       100.2931    
   56.25000       98.39046    
   56.50000       96.56796    
   56.75000       94.82388    
   57.00000       93.15649    
   57.25000       91.56406    
   57.50000       90.04486    
   57.75000       88.59715    
   58.00000       87.21922    
   58.25000       85.90926    
   58.50000       84.66535    
   58.75000       83.48547    
   59.00000       82.36761    
   59.25000       81.30968    
   59.50000       80.30923    
   59.75000       79.36369    
   60.00000       78.47053    
   60.25000       77.62714    
   60.50000       76.83076    
   60.75000       76.07854    
   61.00000       75.36768    
   61.25000       74.69534    
   61.50000       74.05872    
   61.75000       73.45496    
   62.00000       72.88128    
   62.25000       72.33486    
   62.50000       71.81312    
   62.75000       71.31349    
   63.00000       70.83341    
   63.25000       70.37040    
   63.50000       69.92233    
   63.75000       69.48717    
   64.00000       69.06287    
   64.25000       68.64745    
   64.50000       68.23907    
   64.75000       67.83595    
   65.00000       67.43632    
   65.25000       67.03841    
   65.50000       66.64041    
   65.75000       66.24057    
   66.00000       65.83709    
   66.25000       65.42829    
   66.50000       65.01276    
   66.75000       64.58921    
   67.00000       64.15631    
   67.25000       63.71292    
   67.50000       63.25850    
   67.75000       62.79266    
   68.00000       62.31506    
   68.25000       61.82537    
   68.50000       61.32363    
   68.75000       60.80991    
   69.00000       60.28431    
   69.25000       59.74694    
   69.50000       59.19787    
   69.75000       58.63720    
   70.00000       58.06502    
   70.25000       57.48148    
   70.50000       56.88689    
   70.75000       56.28162    
   71.00000       55.66603    
   71.25000       55.04058    
   71.50000       54.40611    
   71.75000       53.76351    
   72.00000       53.11371    
   72.25000       52.45766    
   72.50000       51.79650    
   72.75000       51.13144    
   73.00000       50.46365    
   73.25000       49.79432    
   73.50000       49.12463    
   73.75000       48.45578    
   74.00000       47.78896    
   74.25000       47.12534    
   74.50000       46.46608    
   74.75000       45.81234    
   75.00000       45.16526    
   75.25000       44.52598    
   75.50000       43.89558    
   75.75000       43.27515    
   76.00000       42.66574    
   76.25000       42.06842    
   76.50000       41.48425    
   76.75000       40.91426    
   77.00000       40.35947    
   77.25000       39.82092    
   77.50000       39.29964    
   77.75000       38.79668    
   78.00000       38.31308    
   78.25000       37.84982    
   78.50000       37.40783    
   78.75000       36.98798    
   79.00000       36.59117    
   79.25000       36.21822    
   79.50000       35.86977    
   79.75000       35.54638    
   80.00000       35.24866    
   80.25000       34.97713    
   80.50000       34.73227    
   80.75000       34.51451    
   81.00000       34.32425    
   81.25000       34.16195    
   81.50000       34.02801    
   81.75000       33.92288    
   82.00000       33.84697    
   82.25000       33.80072    
   82.50000       33.78449    
   82.75000       33.79864    
   83.00000       33.84354    
   83.25000       33.91954    
   83.50000       34.02688    
   83.75000       34.16581    
   84.00000       34.33655    
   84.25000       34.53934    
   84.50000       34.77436    
   84.75000       35.04176    
   85.00000       35.34174    
   85.25000       35.67446    
   85.50000       36.04008    
   85.75000       36.43878    
   86.00000       36.87074    
   86.25000       37.33612    
   86.50000       37.83517    
   86.75000       38.36813    
   87.00000       38.93521    
   87.25000       39.53671    
   87.50000       40.17295    
   87.75000       40.84434    
   88.00000       41.55123    
   88.25000       42.29403    
   88.50000       43.07315    
   88.75000       43.88906    
   89.00000       44.74219    
   89.25000       45.63299    
   89.50000       46.56191    
   89.75000       47.52939    
   90.00000       48.53588    
   90.25000       49.58183    
   90.50000       50.66778    
   90.75000       51.79427    
   91.00000       52.96183    
   91.25000       54.17103    
   91.50000       55.42258    
   91.75000       56.71721    
   92.00000       58.05564    
   92.25000       59.43862    
   92.50000       60.86696    
   92.75000       62.34149    
   93.00000       63.86303    
   93.25000       65.43240    
   93.50000       67.05042    
   93.75000       68.71794    
   94.00000       70.43577    
   94.25000       72.20473    
   94.50000       74.02560    
   94.75000       75.89921    
   95.00000       77.82635    
   95.25000       79.80778    
   95.50000       81.84426    
   95.75000       83.93654    
   96.00000       86.08533    
   96.25000       88.29137    
   96.50000       90.55538    
   96.75000       92.87805    
   97.00000       95.26011    
   97.25000       97.70224    
   97.50000       100.2052    
   97.75000       102.7696    
   98.00000       105.3962    
   98.25000       108.0857    
   98.50000       110.8386    
   98.75000       113.6555    
   99.00000       116.5370    
   99.25000       119.4835    
   99.50000       122.4952    
   99.75000       125.5725    
   100.0000       128.7155    
   100.2500       131.9245    
   100.5000       135.1994    
   100.7500       138.5404    
   101.0000       141.9475    
   101.2500       145.4208    
   101.5000       148.9603    
   101.7500       152.5660    
   102.0000       156.2381    
   102.2500       159.9766    
   102.5000       163.7812    
   102.7500       167.6520    
   103.0000       171.5886    
   103.2500       175.5909    
   103.5000       179.6583    
   103.7500       183.7903    
   104.0000       187.9862    
   104.2500       192.2455    
   104.5000       196.5672    
   104.7500       200.9507    
   105.0000       205.3952    
   105.2500       209.8997    
   105.5000       214.4635    
   105.7500       219.0857    
   106.0000       223.7657    
   106.2500       228.5024    
   106.5000       233.2950    
   106.7500       238.1423    
   107.0000       243.0433    
   107.2500       247.9969    
   107.5000       253.0017    
   107.7500       258.0562    
   108.0000       263.1590    
   108.2500       268.3083    
   108.5000       273.5027    
   108.7500       278.7404    
   109.0000       284.0196    
   109.2500       289.3386    
   109.5000       294.6958    
   109.7500       300.0893    
   110.0000       305.5175    
   110.2500       310.9785    
   110.5000       316.4707    
   110.7500       321.9922    
   111.0000       327.5410    
   111.2500       333.1154    
   111.5000       338.7132    
   111.7500       344.3322    
   112.0000       349.9706    
   112.2500       355.6261    
   112.5000       361.2964    
   112.7500       366.9795    
   113.0000       372.6729    
   113.2500       378.3746    
   113.5000       384.0822    
   113.7500       389.7936    
   114.0000       395.5065    
   114.2500       401.2187    
   114.5000       406.9279    
   114.7500       412.6321    
   115.0000       418.3290    
   115.2500       424.0165    
   115.5000       429.6925    
   115.7500       435.3550    
   116.0000       441.0017    
   116.2500       446.6308    
   116.5000       452.2401    
   116.7500       457.8277    
   117.0000       463.3916    
   117.2500       468.9297    
   117.5000       474.4400    
   117.7500       479.9204    
   118.0000       485.3691    
   118.2500       490.7840    
   118.5000       496.1631    
   118.7500       501.5046    
   119.0000       506.8066    
   119.2500       512.0671    
   119.5000       517.2845    
   119.7500       522.4569    
   120.0000       527.5828    
   120.2500       532.6605    
   120.5000       537.6882    
   120.7500       542.6645    
   121.0000       547.5877    
   121.2500       552.4563    
   121.5000       557.2686    
   121.7500       562.0230    
   122.0000       566.7180    
   122.2500       571.3519    
   122.5000       575.9233    
   122.7500       580.4306    
   123.0000       584.8723    
   123.2500       589.2471    
   123.5000       593.5533    
   123.7500       597.7899    
   124.0000       601.9554    
   124.2500       606.0486    
   124.5000       610.0682    
   124.7500       614.0132    
   125.0000       617.8820    
   125.2500       621.6736    
   125.5000       625.3867    
   125.7500       629.0203    
   126.0000       632.5729    
   126.2500       636.0433    
   126.5000       639.4308    
   126.7500       642.7340    
   127.0000       645.9523    
   127.2500       649.0845    
   127.5000       652.1301    
   127.7500       655.0885    
   128.0000       657.9594    
   128.2500       660.7420    
   128.5000       663.4362    
   128.7500       666.0417    
   129.0000       668.5582    
   129.2500       670.9854    
   129.5000       673.3229    
   129.7500       675.5707    
   130.0000       677.7281    
   130.2500       679.7952    
   130.5000       681.7717    
   130.7500       683.6575    
   131.0000       685.4521    
   131.2500       687.1556    
   131.5000       688.7681    
   131.7500       690.2894    
   132.0000       691.7197    
   132.2500       693.0592    
   132.5000       694.3079    
   132.7500       695.4659    
   133.0000       696.5335    
   133.2500       697.5108    
   133.5000       698.3979    
   133.7500       699.1951    
   134.0000       699.9026    
   134.2500       700.5204    
   134.5000       701.0488    
   134.7500       701.4882    
   135.0000       701.8386    
   135.2500       702.1004    
   135.5000       702.2741    
   135.7500       702.3599    
   136.0000       702.3584    
   136.2500       702.2700    
   136.5000       702.0952    
   136.7500       701.8345    
   137.0000       701.4883    
   137.2500       701.0574    
   137.5000       700.5421    
   137.7500       699.9428    
   138.0000       699.2601    
   138.2500       698.4948    
   138.5000       697.6473    
   138.7500       696.7182    
   139.0000       695.7082    
   139.2500       694.6180    
   139.5000       693.4486    
   139.7500       692.2008    
   140.0000       690.8755    
   140.2500       689.4738    
   140.5000       687.9965    
   140.7500       686.4449    
   141.0000       684.8199    
   141.2500       683.1228    
   141.5000       681.3544    
   141.7500       679.5159    
   142.0000       677.6083    
   142.2500       675.6327    
   142.5000       673.5903    
   142.7500       671.4824    
   143.0000       669.3099    
   143.2500       667.0742    
   143.5000       664.7767    
   143.7500       662.4188    
   144.0000       660.0018    
   144.2500       657.5274    
   144.5000       654.9968    
   144.7500       652.4118    
   145.0000       649.7739    
   145.2500       647.0846    
   145.5000       644.3453    
   145.7500       641.5579    
   146.0000       638.7236    
   146.2500       635.8441    
   146.5000       632.9210    
   146.7500       629.9556    
   147.0000       626.9496    
   147.2500       623.9045    
   147.5000       620.8219    
   147.7500       617.7033    
   148.0000       614.5502    
   148.2500       611.3641    
   148.5000       608.1465    
   148.7500       604.8992    
   149.0000       601.6234    
   149.2500       598.3206    
   149.5000       594.9926    
   149.7500       591.6407    
   150.0000       588.2665    
   150.2500       584.8716    
   150.5000       581.4576    
   150.7500       578.0260    
   151.0000       574.5786    
   151.2500       571.1168    
   151.5000       567.6426    
   151.7500       564.1577    
   152.0000       560.6639    
   152.2500       557.1632    
   152.5000       553.6571    
   152.7500       550.1479    
 
