#TitleText:Ni(001)-(5x5)-Li     Beam (1,3/5)              Rfac10=       1.0823
 #"IV theory
   64.25000       116.2834    
   64.50000       116.2386    
   64.75000       116.1293    
   65.00000       115.9561    
   65.25000       115.7194    
   65.50000       115.4200    
   65.75000       115.0583    
   66.00000       114.6349    
   66.25000       114.1505    
   66.50000       113.6061    
   66.75000       113.0025    
   67.00000       112.3408    
   67.25000       111.6222    
   67.50000       110.8484    
   67.75000       110.0212    
   68.00000       109.1426    
   68.25000       108.2144    
   68.50000       107.2389    
   68.75000       106.2184    
   69.00000       105.1551    
   69.25000       104.0514    
   69.50000       102.9097    
   69.75000       101.7321    
   70.00000       100.5209    
   70.25000       99.27860    
   70.50000       98.00733    
   70.75000       96.70940    
   71.00000       95.38709    
   71.25000       94.04269    
   71.50000       92.67845    
   71.75000       91.29659    
   72.00000       89.89938    
   72.25000       88.48906    
   72.50000       87.06785    
   72.75000       85.63798    
   73.00000       84.20168    
   73.25000       82.76118    
   73.50000       81.31868    
   73.75000       79.87645    
   74.00000       78.43670    
   74.25000       77.00158    
   74.50000       75.57305    
   74.75000       74.15298    
   75.00000       72.74326    
   75.25000       71.34565    
   75.50000       69.96146    
   75.75000       68.59187    
   76.00000       67.23808    
   76.25000       65.90121    
   76.50000       64.58217    
   76.75000       63.28181    
   77.00000       62.00095    
   77.25000       60.74046    
   77.50000       59.50116    
   77.75000       58.28392    
   78.00000       57.08957    
   78.25000       55.91890    
   78.50000       54.77255    
   78.75000       53.65111    
   79.00000       52.55515    
   79.25000       51.48518    
   79.50000       50.44136    
   79.75000       49.42374    
   80.00000       48.43239    
   80.25000       47.46734    
   80.50000       46.52844    
   80.75000       45.61550    
   81.00000       44.72833    
   81.25000       43.86673    
   81.50000       43.03051    
   81.75000       42.21949    
   82.00000       41.43347    
   82.25000       40.67225    
   82.50000       39.93559    
   82.75000       39.22327    
   83.00000       38.53503    
   83.25000       37.87062    
   83.50000       37.22972    
   83.75000       36.61198    
   84.00000       36.01707    
   84.25000       35.44464    
   84.50000       34.89431    
   84.75000       34.36570    
   85.00000       33.85841    
   85.25000       33.37206    
   85.50000       32.90624    
   85.75000       32.46059    
   86.00000       32.03471    
   86.25000       31.62823    
   86.50000       31.24081    
   86.75000       30.87217    
   87.00000       30.52199    
   87.25000       30.18998    
   87.50000       29.87600    
   87.75000       29.57987    
   88.00000       29.30147    
   88.25000       29.04067    
   88.50000       28.79738    
   88.75000       28.57155    
   89.00000       28.36312    
   89.25000       28.17202    
   89.50000       27.99820    
   89.75000       27.84158    
   90.00000       27.70211    
   90.25000       27.57974    
   90.50000       27.47449    
   90.75000       27.38638    
   91.00000       27.31543    
   91.25000       27.26170    
   91.50000       27.22536    
   91.75000       27.20662    
   92.00000       27.20567    
   92.25000       27.22272    
   92.50000       27.25806    
   92.75000       27.31197    
   93.00000       27.38474    
   93.25000       27.47665    
   93.50000       27.58801    
   93.75000       27.71909    
   94.00000       27.87018    
   94.25000       28.04157    
   94.50000       28.23357    
   94.75000       28.44648    
   95.00000       28.68060    
   95.25000       28.93625    
   95.50000       29.21374    
   95.75000       29.51341    
   96.00000       29.83560    
   96.25000       30.18064    
   96.50000       30.54887    
   96.75000       30.94065    
   97.00000       31.35632    
   97.25000       31.79624    
   97.50000       32.26074    
   97.75000       32.75018    
   98.00000       33.26491    
   98.25000       33.80526    
   98.50000       34.37155    
   98.75000       34.96409    
   99.00000       35.58316    
   99.25000       36.22907    
   99.50000       36.90204    
   99.75000       37.60229    
   100.0000       38.33002    
   100.2500       39.08546    
   100.5000       39.86877    
   100.7500       40.68012    
   101.0000       41.51968    
   101.2500       42.38763    
   101.5000       43.28413    
   101.7500       44.20935    
   102.0000       45.16346    
   102.2500       46.14662    
   102.5000       47.15895    
   102.7500       48.20057    
   103.0000       49.27160    
   103.2500       50.37213    
   103.5000       51.50218    
   103.7500       52.66176    
   104.0000       53.85088    
   104.2500       55.06953    
   104.5000       56.31767    
   104.7500       57.59525    
   105.0000       58.90222    
   105.2500       60.23854    
   105.5000       61.60415    
   105.7500       62.99900    
   106.0000       64.42305    
   106.2500       65.87623    
   106.5000       67.35843    
   106.7500       68.86954    
   107.0000       70.40943    
   107.2500       71.97796    
   107.5000       73.57488    
   107.7500       75.19993    
   108.0000       76.85284    
   108.2500       78.53334    
   108.5000       80.24109    
   108.7500       81.97577    
   109.0000       83.73702    
   109.2500       85.52453    
   109.5000       87.33795    
   109.7500       89.17692    
   110.0000       91.04114    
   110.2500       92.93022    
   110.5000       94.84382    
   110.7500       96.78148    
   111.0000       98.74280    
   111.2500       100.7274    
   111.5000       102.7346    
   111.7500       104.7640    
   112.0000       106.8151    
   112.2500       108.8871    
   112.5000       110.9796    
   112.7500       113.0919    
   113.0000       115.2233    
   113.2500       117.3734    
   113.5000       119.5413    
   113.7500       121.7266    
   114.0000       123.9285    
   114.2500       126.1465    
   114.5000       128.3799    
   114.7500       130.6281    
   115.0000       132.8903    
   115.2500       135.1659    
   115.5000       137.4541    
   115.7500       139.7542    
   116.0000       142.0655    
   116.2500       144.3872    
   116.5000       146.7185    
   116.7500       149.0586    
   117.0000       151.4067    
   117.2500       153.7621    
   117.5000       156.1239    
   117.7500       158.4913    
   118.0000       160.8636    
   118.2500       163.2399    
   118.5000       165.6195    
   118.7500       168.0014    
   119.0000       170.3849    
   119.2500       172.7691    
   119.5000       175.1530    
   119.7500       177.5358    
   120.0000       179.9164    
   120.2500       182.2940    
   120.5000       184.6675    
   120.7500       187.0360    
   121.0000       189.3985    
   121.2500       191.7540    
   121.5000       194.1015    
   121.7500       196.4400    
   122.0000       198.7686    
   122.2500       201.0862    
   122.5000       203.3919    
   122.7500       205.6845    
   123.0000       207.9632    
   123.2500       210.2267    
   123.5000       212.4742    
   123.7500       214.7043    
   124.0000       216.9161    
   124.2500       219.1084    
   124.5000       221.2801    
   124.7500       223.4300    
   125.0000       225.5569    
   125.2500       227.6599    
   125.5000       229.7375    
   125.7500       231.7888    
   126.0000       233.8126    
   126.2500       235.8077    
   126.5000       237.7731    
   126.7500       239.7077    
   127.0000       241.6103    
   127.2500       243.4800    
   127.5000       245.3158    
   127.7500       247.1168    
   128.0000       248.8819    
   128.2500       250.6104    
   128.5000       252.3013    
   128.7500       253.9537    
   129.0000       255.5668    
   129.2500       257.1397    
   129.5000       258.6716    
   129.7500       260.1616    
   130.0000       261.6088    
   130.2500       263.0124    
   130.5000       264.3715    
   130.7500       265.6855    
   131.0000       266.9534    
   131.2500       268.1745    
   131.5000       269.3482    
   131.7500       270.4738    
   132.0000       271.5507    
   132.2500       272.5781    
   132.5000       273.5556    
   132.7500       274.4825    
   133.0000       275.3583    
   133.2500       276.1824    
   133.5000       276.9543    
   133.7500       277.6732    
   134.0000       278.3388    
   134.2500       278.9504    
   134.5000       279.5075    
   134.7500       280.0098    
   135.0000       280.4566    
   135.2500       280.8478    
   135.5000       281.1829    
   135.7500       281.4618    
   136.0000       281.6844    
   136.2500       281.8503    
   136.5000       281.9597    
   136.7500       282.0123    
   137.0000       282.0081    
   137.2500       281.9471    
   137.5000       281.8292    
   137.7500       281.6542    
   138.0000       281.4221    
   138.2500       281.1330    
   138.5000       280.7868    
   138.7500       280.3835    
   139.0000       279.9235    
   139.2500       279.4066    
   139.5000       278.8333    
   139.7500       278.2039    
   140.0000       277.5189    
   140.2500       276.7785    
   140.5000       275.9834    
   140.7500       275.1341    
   141.0000       274.2310    
   141.2500       273.2748    
   141.5000       272.2659    
   141.7500       271.2049    
   142.0000       270.0923    
   142.2500       268.9286    
   142.5000       267.7144    
   142.7500       266.4506    
   143.0000       265.1376    
   143.2500       263.7763    
   143.5000       262.3674    
   143.7500       260.9120    
   144.0000       259.4108    
   144.2500       257.8650    
   144.5000       256.2754    
   144.7500       254.6431    
 
