#TitleText:Ni(001)-(5x5)-Li     Beam (1,0)                Rfac10=       0.5494
 #"IV theory
   46.25000       653.9407    
   46.50000       653.2620    
   46.75000       655.1623    
   47.00000       659.3422    
   47.25000       665.4984    
   47.50000       673.3109    
   47.75000       682.4552    
   48.00000       692.6072    
   48.25000       703.4407    
   48.50000       714.6208    
   48.75000       725.8108    
   49.00000       736.6740    
   49.25000       746.8736    
   49.50000       756.0729    
   49.75000       763.9349    
   50.00000       770.1231    
   50.25000       774.3342    
   50.50000       776.3996    
   50.75000       776.1841    
   51.00000       773.5526    
   51.25000       768.4373    
   51.50000       761.0391    
   51.75000       751.6262    
   52.00000       740.4668    
   52.25000       727.8627    
   52.50000       714.2504    
   52.75000       700.0994    
   53.00000       685.8798    
   53.25000       672.0613    
   53.50000       659.1138    
   53.75000       647.5073    
   54.00000       637.7115    
   54.25000       630.1588    
   54.50000       625.1310    
   54.75000       622.8726    
   55.00000       623.6276    
   55.25000       627.5655    
   55.50000       634.5545    
   55.75000       644.3881    
   56.00000       656.8593    
   56.25000       671.7239    
   56.50000       688.5872    
   56.75000       707.0169    
   57.00000       726.5807    
   57.25000       746.8466    
   57.50000       767.3820    
   57.75000       787.7548    
   58.00000       807.5325    
   58.25000       826.3079    
   58.50000       843.7724    
   58.75000       859.6422    
   59.00000       873.6336    
   59.25000       885.5126    
   59.50000       895.2426    
   59.75000       902.8375    
   60.00000       908.3103    
   60.25000       911.6994    
   60.50000       913.1418    
   60.75000       912.7996    
   61.00000       910.8345    
   61.25000       907.4086    
   61.50000       902.6838    
   61.75000       896.8220    
   62.00000       889.9852    
   62.25000       882.3300    
   62.50000       873.9919    
   62.75000       865.1011    
   63.00000       855.7878    
   63.25000       846.1718    
   63.50000       836.3301    
   63.75000       826.3300    
   64.00000       816.2379    
   64.25000       806.1155    
   64.50000       796.0029    
   64.75000       785.9356    
   65.00000       775.9484    
   65.25000       766.0764    
   65.50000       756.3547    
   65.75000       746.8184    
   66.00000       737.5025    
   66.25000       728.4402    
   66.50000       719.6566    
   66.75000       711.1749    
   67.00000       703.0183    
   67.25000       695.2059    
   67.50000       687.7411    
   67.75000       680.6234    
   68.00000       673.8521    
   68.25000       667.4245    
   68.50000       661.3303    
   68.75000       655.5567    
   69.00000       650.0912    
   69.25000       644.9216    
   69.50000       640.0351    
   69.75000       635.4192    
   70.00000       631.0615    
   70.25000       626.9536    
   70.50000       623.1038    
   70.75000       619.5248    
   71.00000       616.2291    
   71.25000       613.2378    
   71.50000       610.6050    
   71.75000       608.3936    
   72.00000       606.6664    
   72.25000       605.4904    
   72.50000       604.9490    
   72.75000       605.1302    
   73.00000       606.1218    
   73.25000       608.0117    
   73.50000       610.8878    
   73.75000       614.8377    
   74.00000       619.9495    
   74.25000       626.3085    
   74.50000       633.9912    
   74.75000       643.0714    
   75.00000       653.6231    
   75.25000       665.7157    
   75.50000       679.3998    
   75.75000       694.7218    
   76.00000       711.7278    
   76.25000       730.4617    
   76.50000       750.9581    
   76.75000       773.2493    
   77.00000       797.3676    
   77.25000       823.3452    
   77.50000       851.2147    
   77.75000       881.0081    
   78.00000       912.7578    
   78.25000       946.4853    
   78.50000       982.1689    
   78.75000       1019.776    
   79.00000       1059.274    
   79.25000       1100.609    
   79.50000       1143.641    
   79.75000       1188.206    
   80.00000       1234.143    
   80.25000       1281.280    
   80.50000       1329.398    
   80.75000       1378.273    
   81.00000       1427.677    
   81.25000       1477.382    
   81.50000       1527.161    
   81.75000       1576.788    
   82.00000       1626.036    
   82.25000       1674.692    
   82.50000       1722.599    
   82.75000       1769.615    
   83.00000       1815.598    
   83.25000       1860.434    
   83.50000       1904.122    
   83.75000       1946.689    
   84.00000       1988.163    
   84.25000       2028.586    
   84.50000       2068.055    
   84.75000       2106.683    
   85.00000       2144.581    
   85.25000       2181.862    
   85.50000       2218.639    
   85.75000       2255.023    
   86.00000       2291.126    
   86.25000       2327.053    
   86.50000       2362.872    
   86.75000       2398.644    
   87.00000       2434.430    
   87.25000       2470.274    
   87.50000       2506.150    
   87.75000       2542.017    
   88.00000       2577.832    
   88.25000       2613.544    
   88.50000       2649.070    
   88.75000       2684.315    
   89.00000       2719.185    
   89.25000       2753.587    
   89.50000       2787.428    
   89.75000       2820.614    
   90.00000       2853.051    
   90.25000       2884.647    
   90.50000       2915.312    
   90.75000       2944.956    
   91.00000       2973.491    
   91.25000       3000.830    
   91.50000       3026.892    
   91.75000       3051.594    
   92.00000       3074.859    
   92.25000       3096.607    
   92.50000       3116.762    
   92.75000       3135.248    
   93.00000       3151.990    
   93.25000       3166.912    
   93.50000       3179.940    
   93.75000       3190.998    
   94.00000       3200.010    
   94.25000       3206.904    
   94.50000       3211.619    
   94.75000       3214.095    
   95.00000       3214.276    
   95.25000       3212.106    
   95.50000       3207.557    
   95.75000       3200.603    
   96.00000       3191.218    
   96.25000       3179.382    
   96.50000       3165.082    
   96.75000       3148.312    
   97.00000       3129.063    
   97.25000       3107.326    
   97.50000       3083.095    
   97.75000       3056.360    
   98.00000       3027.113    
   98.25000       2995.348    
   98.50000       2961.059    
   98.75000       2924.242    
   99.00000       2884.892    
   99.25000       2843.007    
   99.50000       2798.588    
   99.75000       2751.640    
   100.0000       2702.164    
   100.2500       2650.165    
   100.5000       2595.649    
   100.7500       2538.623    
   101.0000       2479.095    
   101.2500       2417.072    
   101.5000       2352.560    
   101.7500       2285.566    
   102.0000       2216.098    
   102.2500       2144.189    
   102.5000       2069.982    
   102.7500       1993.645    
   103.0000       1915.347    
   103.2500       1835.312    
   103.5000       1753.979    
   103.7500       1671.840    
   104.0000       1589.388    
   104.2500       1507.143    
   104.5000       1425.733    
   104.7500       1345.813    
   105.0000       1268.038    
   105.2500       1193.062    
   105.5000       1121.541    
   105.7500       1054.130    
   106.0000       991.4824    
   106.2500       934.2490    
   106.5000       883.0597    
   106.7500       838.5390    
   107.0000       801.3117    
   107.2500       771.9927    
   107.5000       751.1562    
   107.7500       739.3671    
   108.0000       737.1897    
   108.2500       745.1837    
   108.5000       763.8882    
   108.7500       793.8380    
   109.0000       835.5674    
   109.2500       889.6107    
   109.5000       956.5024    
   109.7500       1036.777    
   110.0000       1130.969    
   110.2500       1239.470    
   110.5000       1362.105    
   110.7500       1498.556    
   111.0000       1648.505    
   111.2500       1811.350    
   111.5000       1985.352    
   111.7500       2168.490    
   112.0000       2358.740    
   112.2500       2553.939    
   112.5000       2751.353    
   112.7500       2948.107    
   113.0000       3141.328    
   113.2500       3328.139    
   113.5000       3505.667    
   113.7500       3671.036    
   114.0000       3821.373    
   114.2500       3954.013    
   114.5000       4067.149    
   114.7500       4159.182    
   115.0000       4228.513    
   115.2500       4273.973    
   115.5000       4296.091    
   115.7500       4295.825    
   116.0000       4274.132    
   116.2500       4232.181    
   116.5000       4171.994    
   116.7500       4095.805    
   117.0000       4005.848    
   117.2500       3904.358    
   117.5000       3793.568    
   117.7500       3675.713    
   118.0000       3553.027    
   118.2500       3427.645    
   118.5000       3301.304    
   118.7500       3175.645    
   119.0000       3052.305    
   119.2500       2932.725    
   119.5000       2817.551    
   119.7500       2707.232    
   120.0000       2602.216    
   120.2500       2502.851    
   120.5000       2409.089    
   120.7500       2320.782    
   121.0000       2237.785    
   121.2500       2159.949    
   121.5000       2087.127    
   121.7500       2019.171    
   122.0000       1955.935    
   122.2500       1897.277    
   122.5000       1843.079    
   122.7500       1793.230    
   123.0000       1747.619    
   123.2500       1706.146    
   123.5000       1668.759    
   123.7500       1635.419    
   124.0000       1606.086    
   124.2500       1580.727    
   124.5000       1559.330    
   124.7500       1541.893    
   125.0000       1528.412    
   125.2500       1518.883    
   125.5000       1513.302    
   125.7500       1511.664    
   126.0000       1513.967    
   126.2500       1520.206    
   126.5000       1530.374    
   126.7500       1544.463    
   127.0000       1562.466    
   127.2500       1584.374    
   127.5000       1610.173    
   127.7500       1639.849    
   128.0000       1673.386    
   128.2500       1710.770    
   128.5000       1751.981    
   128.7500       1797.003    
   129.0000       1845.815    
   129.2500       1898.399    
   129.5000       1954.738    
   129.7500       2014.811    
   130.0000       2078.602    
   130.2500       2146.090    
   130.5000       2217.256    
   130.7500       2292.081    
   131.0000       2370.545    
   131.2500       2452.627    
   131.5000       2538.307    
   131.7500       2627.560    
   132.0000       2720.366    
   132.2500       2816.703    
   132.5000       2916.545    
   132.7500       3019.871    
   133.0000       3126.657    
   133.2500       3236.880    
   133.5000       3350.516    
   133.7500       3467.541    
   134.0000       3587.933    
   134.2500       3711.687    
   134.5000       3838.875    
   134.7500       3969.589    
   135.0000       4103.921    
   135.2500       4242.000    
   135.5000       4384.111    
   135.7500       4530.573    
   136.0000       4681.709    
   136.2500       4837.859    
   136.5000       4999.441    
   136.7500       5166.892    
   137.0000       5340.646    
   137.2500       5521.141    
   137.5000       5708.814    
   137.7500       5904.101    
   138.0000       6107.438    
   138.2500       6319.239    
   138.5000       6539.818    
   138.7500       6769.472    
   139.0000       7008.492    
   139.2500       7257.124    
   139.5000       7515.421    
   139.7500       7783.392    
   140.0000       8061.042    
   140.2500       8348.354    
   140.5000       8645.218    
   140.7500       8951.491    
   141.0000       9267.043    
   141.2500       9591.732    
   141.5000       9925.426    
   141.7500       10267.98    
   142.0000       10619.27    
   142.2500       10979.41    
   142.5000       11349.52    
   142.7500       11730.99    
   143.0000       12125.20    
   143.2500       12534.04    
   143.5000       12961.42    
   143.7500       13411.77    
   144.0000       13889.50    
   144.2500       14399.30    
   144.5000       14946.85    
   144.7500       15538.08    
   145.0000       16178.95    
   145.2500       16875.38    
   145.5000       17633.32    
   145.7500       18458.72    
   146.0000       19357.50    
   146.2500       20334.73    
   146.5000       21391.86    
   146.7500       22529.46    
   147.0000       23748.11    
   147.2500       25046.60    
   147.5000       26416.54    
   147.7500       27847.78    
   148.0000       29330.16    
   148.2500       30852.61    
   148.5000       32400.49    
   148.7500       33958.29    
   149.0000       35510.47    
   149.2500       37041.49    
   149.5000       38535.82    
   149.7500       39977.95    
   150.0000       41352.33    
   150.2500       42644.28    
   150.5000       43842.52    
   150.7500       44936.59    
   151.0000       45916.09    
   151.2500       46772.23    
   151.5000       47503.10    
   151.7500       48108.42    
   152.0000       48587.94    
   152.2500       48942.25    
   152.5000       49175.34    
   152.7500       49292.05    
   153.0000       49297.20    
   153.2500       49195.64    
   153.5000       48992.21    
   153.7500       48691.73    
   154.0000       48299.05    
   154.2500       47819.12    
   154.5000       47257.48    
   154.7500       46619.77    
   155.0000       45911.62    
   155.2500       45138.97    
   155.5000       44308.80    
   155.7500       43428.40    
   156.0000       42505.04    
   156.2500       41546.11    
   156.5000       40559.58    
   156.7500       39553.52    
   157.0000       38536.01    
   157.2500       37515.14    
   157.5000       36499.00    
   157.7500       35495.66    
   158.0000       34513.21    
   158.2500       33559.26    
   158.5000       32639.45    
   158.7500       31758.97    
   159.0000       30923.00    
   159.2500       30135.74    
   159.5000       29397.54    
   159.7500       28707.76    
   160.0000       28065.76    
   160.2500       27470.44    
   160.5000       26918.74    
   160.7500       26407.11    
   161.0000       25932.03    
   161.2500       25489.95    
   161.5000       25077.33    
   161.7500       24690.65    
   162.0000       24326.35    
   162.2500       23981.05    
   162.5000       23651.97    
   162.7500       23336.45    
   163.0000       23031.86    
   163.2500       22735.85    
   163.5000       22447.27    
   163.7500       22165.28    
   164.0000       21889.01    
   164.2500       21617.78    
   164.5000       21351.48    
   164.7500       21090.14    
   165.0000       20833.83    
   165.2500       20582.57    
   165.5000       20336.43    
   165.7500       20095.43    
   166.0000       19859.63    
   166.2500       19629.07    
   166.5000       19403.69    
   166.7500       19183.45    
   167.0000       18968.30    
   167.2500       18758.15    
   167.5000       18552.79    
   167.7500       18351.98    
   168.0000       18155.47    
   168.2500       17963.00    
   168.5000       17774.23    
   168.7500       17588.83    
   169.0000       17406.46    
   169.2500       17226.77    
   169.5000       17049.43    
   169.7500       16874.08    
   170.0000       16700.38    
   170.2500       16528.02    
   170.5000       16356.70    
   170.7500       16186.17    
   171.0000       16016.17    
   171.2500       15846.46    
   171.5000       15676.91    
   171.7500       15507.41    
   172.0000       15337.88    
   172.2500       15168.21    
   172.5000       14998.37    
   172.7500       14828.34    
   173.0000       14658.11    
   173.2500       14487.63    
   173.5000       14316.90    
   173.7500       14145.90    
   174.0000       13974.59    
   174.2500       13802.96    
   174.5000       13630.98    
   174.7500       13458.64    
   175.0000       13285.91    
   175.2500       13112.76    
   175.5000       12939.18    
   175.7500       12765.14    
   176.0000       12590.62    
   176.2500       12415.60    
   176.5000       12240.05    
   176.7500       12063.95    
   177.0000       11887.27    
   177.2500       11710.00    
   177.5000       11532.11    
   177.7500       11353.57    
   178.0000       11174.36    
   178.2500       10994.47    
   178.5000       10813.87    
   178.7500       10632.54    
   179.0000       10450.48    
   179.2500       10267.67    
   179.5000       10084.09    
   179.7500       9899.769    
   180.0000       9714.684    
   180.2500       9528.842    
   180.5000       9342.244    
   180.7500       9154.899    
   181.0000       8966.814    
   181.2500       8777.995    
   181.5000       8588.445    
   181.7500       8398.173    
   182.0000       8207.184    
   182.2500       8015.488    
   182.5000       7823.109    
   182.7500       7630.077    
   183.0000       7436.422    
   183.2500       7242.179    
   183.5000       7047.415    
   183.7500       6852.205    
   184.0000       6656.623    
   184.2500       6460.747    
   184.5000       6264.671    
   184.7500       6068.493    
   185.0000       5872.309    
   185.2500       5676.216    
   185.5000       5480.312    
   185.7500       5284.695    
   186.0000       5089.461    
   186.2500       4894.721    
   186.5000       4700.639    
   186.7500       4507.390    
   187.0000       4315.151    
   187.2500       4124.126    
   187.5000       3934.622    
   187.7500       3746.975    
   188.0000       3561.518    
   188.2500       3378.602    
   188.5000       3198.625    
   188.7500       3022.003    
   189.0000       2849.148    
   189.2500       2680.477    
   189.5000       2516.402    
   189.7500       2357.338    
   190.0000       2203.698    
   190.2500       2056.018    
   190.5000       1915.319    
   190.7500       1782.744    
   191.0000       1659.434    
   191.2500       1546.774    
   191.5000       1447.121    
   191.7500       1363.073    
   192.0000       1297.228    
   192.2500       1252.307    
   192.5000       1231.515    
   192.7500       1238.178    
   193.0000       1275.625    
   193.2500       1347.180    
   193.5000       1456.171    
   193.7500       1605.926    
   194.0000       1799.769    
   194.2500       2040.556    
   194.5000       2329.245    
   194.7500       2666.324    
   195.0000       3052.279    
   195.2500       3486.650    
   195.5000       3965.188    
   195.7500       4482.699    
   196.0000       5033.985    
   196.2500       5613.380    
   196.5000       6213.326    
   196.7500       6825.790    
   197.0000       7442.742    
   197.2500       8056.148    
   197.5000       8657.963    
   197.7500       9240.137    
   198.0000       9794.620    
   198.2500       10313.89    
   198.5000       10792.50    
   198.7500       11225.55    
   199.0000       11608.12    
   199.2500       11936.27    
   199.5000       12210.01    
   199.7500       12430.30    
 
