TitleText: Ni(001)-(5x5)-Li     Beam (1,0)                Rfac10=0.1946
 "IV exp
   46.2500000       2389.33960    
   46.5000000       2529.45239    
   46.7500000       2668.43970    
   47.0000000       2805.73950    
   47.2500000       2939.96289    
   47.5000000       3066.41650    
   47.7500000       3179.58179    
   48.0000000       3273.93945    
   48.2500000       3345.12915    
   48.5000000       3393.42725    
   48.7500000       3420.26880    
   49.0000000       3427.08960    
   49.2500000       3415.53687    
   49.5000000       3388.10864    
   49.7500000       3347.51440    
   50.0000000       3296.46436    
   50.2500000       3237.25708    
   50.5000000       3170.54688    
   50.7500000       3096.57666    
   51.0000000       3015.58936    
   51.2500000       2928.05591    
   51.5000000       2835.36157    
   51.7500000       2739.11841    
   52.0000000       2640.93945    
   52.2500000       2542.34253    
   52.5000000       2444.46533    
   52.7500000       2348.35010    
   53.0000000       2255.03955    
   53.2500000       2165.44360    
   53.5000000       2079.94238    
   53.7500000       1998.78345    
   54.0000000       1922.21436    
   54.2500000       1850.37817    
   54.5000000       1782.99878    
   54.7500000       1719.69604    
   55.0000000       1660.08960    
   55.2500000       1603.77222    
   55.5000000       1550.23071    
   55.7500000       1498.92480    
   56.0000000       1449.31445    
   56.2500000       1400.93579    
   56.5000000       1353.62842    
   56.7500000       1307.30762    
   57.0000000       1261.88940    
   57.2500000       1217.53467    
   57.5000000       1175.38660    
   57.7500000       1136.83374    
   58.0000000       1103.26453    
   58.2500000       1076.02417    
   58.5000000       1056.28394    
   58.7500000       1045.17139    
   59.0000000       1043.81445    
   59.2500000       1053.30835    
   59.5000000       1074.61804    
   59.7500000       1108.67578    
   60.0000000       1156.41455    
   60.2500000       1218.63477    
   60.5000000       1295.61230    
   60.7500000       1387.49084    
   61.0000000       1494.41455    
   61.2500000       1616.44604    
   61.5000000       1753.32300    
   61.7500000       1904.70215    
   62.0000000       2070.23950    
   62.2500000       2249.44971    
   62.5000000       2441.27661    
   62.7500000       2644.52271    
   63.0000000       2857.98950    
   63.2500000       3080.24951    
   63.5000000       3308.95435    
   63.7500000       3541.52686    
   64.0000000       3775.38940    
   64.2500000       4008.32959    
   64.5000000       4239.59863    
   64.7500000       4468.81299    
   65.0000000       4695.58936    
   65.2500000       4919.41309    
   65.5000000       5139.24316    
   65.7500000       5353.90967    
   66.0000000       5562.23926    
   66.2500000       5763.05225    
   66.5000000       5955.13477    
   66.7500000       6137.26318    
   67.0000000       6308.21387    
   67.2500000       6466.77441    
   67.5000000       6611.76807    
   67.7500000       6742.02881    
   68.0000000       6856.38916    
   68.2500000       6953.72607    
   68.5000000       7033.08740    
   68.7500000       7093.56104    
   69.0000000       7134.23926    
   69.2500000       7154.67432    
   69.5000000       7156.27490    
   69.7500000       7140.91455    
   70.0000000       7110.46436    
   70.2500000       7066.97949    
   70.5000000       7013.24512    
   70.7500000       6952.22705    
   71.0000000       6886.88965    
   71.2500000       6820.39697    
   71.5000000       6756.68994    
   71.7500000       6699.90771    
   72.0000000       6654.18945    
   72.2500000       6623.20215    
   72.5000000       6608.73535    
   72.7500000       6612.10840    
   73.0000000       6634.63965    
   73.2500000       6677.23047    
   73.5000000       6739.10645    
   73.7500000       6819.07422    
   74.0000000       6915.93994    
   74.2500000       7028.53320    
   74.5000000       7155.76611    
   74.7500000       7296.57373    
   75.0000000       7449.88965    
   75.2500000       7614.29883    
   75.5000000       7786.98096    
   75.7500000       7964.76758    
   76.0000000       8144.48926    
   76.2500000       8323.20605    
   76.5000000       8498.89941    
   76.7500000       8669.78223    
   77.0000000       8834.06445    
   77.2500000       8990.05176    
   77.5000000       9136.41699    
   77.7500000       9271.92480    
   78.0000000       9395.33984    
   78.2500000       9505.22363    
   78.5000000       9599.31934    
   78.7500000       9675.16895    
   79.0000000       9730.31445    
   79.2500000       9762.83301    
   79.5000000       9772.95996    
   79.7500000       9761.47168    
   80.0000000       9729.13965    
   80.2500000       9676.38867    
   80.5000000       9602.23438    
   80.7500000       9505.34570    
   81.0000000       9384.38867    
   81.2500000       9237.89746    
   81.5000000       9063.87793    
   81.7500000       8860.20020    
   82.0000000       8624.73926    
   82.2500000       8356.06250    
   82.5000000       8055.52148    
   82.7500000       7725.16455    
   83.0000000       7367.03955    
   83.2500000       6983.83105    
   83.5000000       6580.76758    
   83.7500000       6163.71533    
   84.0000000       5738.53955    
   84.2500000       5311.20117    
   84.5000000       4888.03955    
   84.7500000       4475.49072    
   85.0000000       4079.98926    
   85.2500000       3706.94385    
   85.5000000       3357.65210    
   85.7500000       3032.38525    
   86.0000000       2731.41455    
   86.2500000       2455.01196    
   86.5000000       2203.45728    
   86.7500000       1977.03125    
   87.0000000       1776.01440    
   87.2500000       1600.61694    
   87.5000000       1450.76196    
   87.7500000       1326.30212    
   88.0000000       1227.08960    
   88.2500000       1152.61206    
   88.5000000       1100.90039    
   88.7500000       1069.62061    
   89.0000000       1056.43945    
   89.2500000       1059.13025    
   89.5000000       1075.89551    
   89.7500000       1105.04541    
   90.0000000       1144.88953    
   90.2500000       1193.79858    
   90.5000000       1250.38550    
   90.7500000       1313.32446    
   91.0000000       1381.28955    
   91.2500000       1453.12964    
   91.5000000       1528.39612    
   91.7500000       1606.81567    
   92.0000000       1688.11450    
   92.2500000       1771.94849    
   92.5000000       1857.68896    
   92.7500000       1944.63574    
   93.0000000       2032.08936    
   93.2500000       2119.34058    
   93.5000000       2205.64136    
   93.7500000       2290.23511    
   94.0000000       2372.36450    
   94.2500000       2451.14502    
   94.5000000       2525.17944    
   94.7500000       2592.94434    
   95.0000000       2652.91455    
   95.2500000       2703.73706    
   95.5000000       2744.74072    
   95.7500000       2775.42505    
   96.0000000       2795.28955    
   96.2500000       2804.19287    
   96.5000000       2803.42944    
   96.7500000       2794.65210    
   97.0000000       2779.51440    
   97.2500000       2759.57837    
   97.5000000       2736.04395    
   97.7500000       2710.01953    
   98.0000000       2682.61426    
   98.2500000       2654.86353    
   98.5000000       2627.50684    
   98.7500000       2601.20996    
   99.0000000       2576.63940    
   99.2500000       2554.41357    
   99.5000000       2534.96265    
   99.7500000       2518.66870    
   100.000000       2505.91455    
   100.250000       2496.86841    
   100.500000       2490.84204    
   100.750000       2486.93359    
   101.000000       2484.23950    
   101.250000       2481.90088    
   101.500000       2479.22754    
   101.750000       2475.57275    
   102.000000       2470.28955    
   102.250000       2462.83398    
   102.500000       2453.07813    
   102.750000       2440.99658    
   103.000000       2426.56445    
   103.250000       2409.79150    
   103.500000       2390.82495    
   103.750000       2369.84692    
   104.000000       2347.03955    
   104.250000       2322.60815    
   104.500000       2296.85278    
   104.750000       2270.09717    
   105.000000       2242.66455    
   105.250000       2214.83984    
   105.500000       2186.75391    
   105.750000       2158.49805    
   106.000000       2130.16455    
   106.250000       2101.90625    
   106.500000       2074.11914    
   106.750000       2047.26099    
   107.000000       2021.78955    
   107.250000       1998.15039    
   107.500000       1976.74463    
   107.750000       1957.96118    
   108.000000       1942.18945    
   108.250000       1929.82471    
   108.500000       1921.28369    
   108.750000       1916.98950    
   109.000000       1917.36450    
   109.250000       1922.73560    
   109.500000       1933.04785    
   109.750000       1948.14917    
   110.000000       1967.88940    
   110.250000       1991.97583    
   110.500000       2019.55273    
   110.750000       2049.62305    
   111.000000       2081.18945    
   111.250000       2113.34839    
   111.500000       2145.56860    
   111.750000       2177.41162    
   112.000000       2208.43945    
   112.250000       2238.20386    
   112.500000       2266.21606    
   112.750000       2291.97754    
   113.000000       2314.98950    
   113.250000       2334.77686    
   113.500000       2350.95972    
   113.750000       2363.18262    
   114.000000       2371.08936    
   114.250000       2374.38501    
   114.500000       2373.01831    
   114.750000       2367.00000    
   115.000000       2356.33960    
   115.250000       2341.11108    
   115.500000       2321.64355    
   115.750000       2298.33032    
   116.000000       2271.56445    
   116.250000       2241.76221    
   116.500000       2209.43457    
   116.750000       2175.11572    
   117.000000       2139.33960    
   117.250000       2102.56421    
   117.500000       2064.94238    
   117.750000       2026.55029    
   118.000000       1987.46460    
   118.250000       1947.85303    
   118.500000       1908.25171    
   118.750000       1869.28809    
   119.000000       1831.58960    
   119.250000       1795.69458    
   119.500000       1761.78491    
   119.750000       1729.95239    
   120.000000       1700.28955    
   120.250000       1672.90698    
   120.500000       1647.98975    
   120.750000       1625.74121    
   121.000000       1606.36450    
   121.250000       1590.13428    
   121.500000       1577.61133    
   121.750000       1569.42749    
   122.000000       1566.21460    
   122.250000       1568.46753    
   122.500000       1576.13306    
   122.750000       1589.02051    
   123.000000       1606.93945    
   123.250000       1629.81689    
   123.500000       1658.04980    
   123.750000       1692.15234    
   124.000000       1732.63940    
   124.250000       1779.95215    
   124.500000       1834.23901    
   124.750000       1895.57642    
   125.000000       1964.03955    
   125.250000       2039.70386    
   125.500000       2122.64307    
   125.750000       2212.93066    
   126.000000       2310.63965    
   126.250000       2415.79712    
   126.500000       2528.24463    
   126.750000       2647.77686    
   127.000000       2774.18945    
   127.250000       2907.27710    
   127.500000       3046.83496    
   127.750000       3192.65747    
   128.000000       3344.53955    
   128.250000       3502.37598    
   128.500000       3666.45923    
   128.750000       3837.18286    
   129.000000       4014.93945    
   129.250000       4200.29053    
   129.500000       4394.47119    
   129.750000       4598.88623    
   130.000000       4814.93945    
   130.250000       5043.74316    
   130.500000       5285.24023    
   130.750000       5539.08008    
   131.000000       5804.91406    
   131.250000       6081.76758    
   131.500000       6366.16992    
   131.750000       6654.02539    
   132.000000       6941.23926    
   132.250000       7224.43848    
   132.500000       7503.14600    
   132.750000       7777.60645    
   133.000000       8048.06445    
   133.250000       8314.91602    
   133.500000       8579.16016    
   133.750000       8841.94238    
   134.000000       9104.41406    
   134.250000       9367.20801    
   134.500000       9628.89844    
   134.750000       9887.54688    
   135.000000       10141.2139    
   135.250000       10388.2803    
   135.500000       10628.4102    
   135.750000       10861.5850    
   136.000000       11087.7891    
   136.250000       11307.1885    
   136.500000       11520.6768    
   136.750000       11729.3281    
   137.000000       11934.2148    
   137.250000       12136.2129    
   137.500000       12335.3838    
   137.750000       12531.5879    
   138.000000       12724.6895    
   138.250000       12914.5322    
   138.500000       13100.9023    
   138.750000       13283.5732    
   139.000000       13462.3145    
   139.250000       13637.4453    
   139.500000       13811.4766    
   139.750000       13987.4648    
   140.000000       14168.4648    
   140.250000       14356.0107    
   140.500000       14545.5303    
   140.750000       14730.9297    
   141.000000       14906.1143    
   141.250000       15065.9678    
   141.500000       15209.3086    
   141.750000       15335.9336    
   142.000000       15445.6396    
   142.250000       15540.8262    
   142.500000       15634.2900    
   142.750000       15741.4287    
   143.000000       15877.6387    
   143.250000       16055.7842    
   143.500000       16278.5938    
   143.750000       16546.2637    
   144.000000       16858.9902    
   144.250000       17214.3828    
   144.500000       17599.7285    
   144.750000       17999.7227    
   145.000000       18399.0645    
   145.250000       18785.7285    
   145.500000       19160.7988    
   145.750000       19528.6348    
   146.000000       19893.5898    
   146.250000       20260.8301    
   146.500000       20638.7363    
   146.750000       21036.4922    
   147.000000       21463.2891    
   147.250000       21923.4043    
   147.500000       22401.5078    
   147.750000       22877.3555    
   148.000000       23330.7129    
   148.250000       23744.4824    
   148.500000       24114.1348    
   148.750000       24438.2832    
   149.000000       24715.5410    
   149.250000       24946.5117    
   149.500000       25139.7637    
   149.750000       25305.8613    
   150.000000       25455.3652    
   150.250000       25596.9199    
   150.500000       25731.4902    
   150.750000       25858.1230    
   151.000000       25975.8633    
   151.250000       26085.1387    
   151.500000       26191.8789    
   151.750000       26303.3848    
   152.000000       26426.9648    
   152.250000       26568.1758    
   152.500000       26725.5977    
   152.750000       26896.0508    
   153.000000       27076.3652    
   153.250000       27262.2539    
   153.500000       27444.9473    
   153.750000       27614.5605    
   154.000000       27761.2148    
   154.250000       27877.0020    
   154.500000       27961.9277    
   154.750000       28017.9863    
   155.000000       28047.1641    
   155.250000       28052.6563    
   155.500000       28042.4883    
   155.750000       28025.8887    
   156.000000       28012.0898    
   156.250000       28009.0879    
   156.500000       28019.9336    
   156.750000       28046.4453    
   157.000000       28090.4395    
   157.250000       28151.3457    
   157.500000       28219.0625    
   157.750000       28281.0996    
   158.000000       28324.9648    
   158.250000       28339.9277    
   158.500000       28322.2695    
   158.750000       28270.0313    
   159.000000       28181.2637    
   159.250000       28055.6016    
   159.500000       27899.0996    
   159.750000       27719.4121    
   160.000000       27524.1895    
   160.250000       27319.5527    
   160.500000       27105.4629    
   160.750000       26880.3477    
   161.000000       26642.6387    
   161.250000       26390.6250    
   161.500000       26122.0742    
   161.750000       25834.6133    
   162.000000       25525.8652    
   162.250000       25193.9922    
   162.500000       24839.2305    
   162.750000       24462.3555    
   163.000000       24064.1387    
   163.250000       23647.1699    
   163.500000       23221.3496    
   163.750000       22798.3984    
   164.000000       22390.0410    
   164.250000       22005.6660    
   164.500000       21645.3242    
   164.750000       21306.7344    
   165.000000       20987.6152    
   165.250000       20683.9590    
   165.500000       20384.8555    
   165.750000       20077.6680    
   166.000000       19749.7637    
   166.250000       19391.4316    
   166.500000       19004.6660    
   166.750000       18594.3867    
   167.000000       18165.5137    
   167.250000       17722.8418    
   167.500000       17270.6777    
   167.750000       16813.1992    
   168.000000       16354.5898    
   168.250000       15898.5879    
   168.500000       15447.1572    
   168.750000       15001.8252    
   169.000000       14564.1143    
   169.250000       14135.8809    
   169.500000       13720.3145    
   169.750000       13320.9346    
   170.000000       12941.2637    
   170.250000       12583.8516    
   170.500000       12247.3594    
   170.750000       11929.4746    
   171.000000       11627.8887    
   171.250000       11340.2646    
   171.500000       11064.1699    
   171.750000       10797.1475    
   172.000000       10536.7393    
   172.250000       10281.0967    
   172.500000       10030.8076    
   172.750000       9787.06543    
   173.000000       9551.06445    
   173.250000       9324.08691    
   173.500000       9107.75488    
   173.750000       8903.77734    
   174.000000       8713.86523    
   174.250000       8539.59570    
   174.500000       8382.03125    
   174.750000       8242.10156    
   175.000000       8120.73975    
   175.250000       8017.93457    
   175.500000       7929.91406    
   175.750000       7851.96191    
   176.000000       7779.36426    
   176.250000       7707.94043    
   176.500000       7635.65283    
   176.750000       7560.99512    
   177.000000       7482.46484    
   177.250000       7399.36230    
   177.500000       7314.21533    
   177.750000       7230.35498    
   178.000000       7151.11426    
   178.250000       7078.86035    
   178.500000       7012.10156    
   178.750000       6948.37988    
   179.000000       6885.23975    
   179.250000       6820.33984    
   179.500000       6751.81201    
   179.750000       6677.90381    
   180.000000       6596.86426    
   180.250000       6507.45947    
   180.500000       6410.53369    
   180.750000       6307.44824    
   181.000000       6199.56445    
   181.250000       6088.09863    
   181.500000       5973.68018    
   181.750000       5856.79150    
   182.000000       5737.91455    
   182.250000       5617.36426    
   182.500000       5494.77637    
   182.750000       5369.62012    
   183.000000       5241.36426    
   183.250000       5109.66113    
   183.500000       4974.89893    
   183.750000       4837.65088    
   184.000000       4698.48926    
   184.250000       4558.41553    
   184.500000       4420.14258    
   184.750000       4286.81201    
   185.000000       4161.56445    
   185.250000       4046.82324    
   185.500000       3942.13599    
   185.750000       3846.33154    
   186.000000       3758.23926    
   186.250000       3676.60571    
   186.500000       3599.84692    
   186.750000       3526.29712    
   187.000000       3454.28955    
   187.250000       3382.60571    
   187.500000       3311.81299    
   187.750000       3242.92749    
   188.000000       3176.96436    
   188.250000       3114.62061    
   188.500000       3055.32202    
   188.750000       2998.17578    
   189.000000       2942.28955    
   189.250000       2886.96484    
   189.500000       2832.27954    
   189.750000       2778.50562    
   190.000000       2725.91455    
   190.250000       2674.78589    
   190.500000       2625.42798    
   190.750000       2578.15723    
   191.000000       2533.28955    
   191.250000       2491.02954    
   191.500000       2451.13623    
   191.750000       2413.25708    
   192.000000       2377.03955    
   192.250000       2342.26099    
   192.500000       2309.21777    
   192.750000       2278.33496    
   193.000000       2250.03955    
   193.250000       2224.74512    
   193.500000       2202.82129    
   193.750000       2184.62524    
   194.000000       2170.51465    
   194.250000       2160.71704    
   194.500000       2154.94067    
   194.750000       2152.76392    
   195.000000       2153.76440    
   195.250000       2157.52148    
   195.500000       2163.61523    
   195.750000       2171.62769    
   196.000000       2181.13940    
   196.250000       2191.86963    
   196.500000       2204.08789    
   196.750000       2218.20068    
   197.000000       2234.61450    
   197.250000       2253.63379    
   197.500000       2275.14844    
   197.750000       2298.94629    
   198.000000       2324.81445    
   198.250000       2352.51465    
   198.500000       2381.70557    
   198.750000       2412.01953    
   199.000000       2443.08960    
   199.250000       2474.59326    
   199.500000       2506.38843    
   199.750000       2538.37793    

 "IV theory
   46.2500000       3220.83569    
   46.5000000       3174.03418    
   46.7500000       3122.96655    
   47.0000000       3067.78784    
   47.2500000       3008.68848    
   47.5000000       2946.00146    
   47.7500000       2880.09644    
   48.0000000       2811.34180    
   48.2500000       2740.12061    
   48.5000000       2666.87280    
   48.7500000       2592.05249    
   49.0000000       2516.11353    
   49.2500000       2439.50610    
   49.5000000       2362.66382    
   49.7500000       2286.01636    
   50.0000000       2209.99268    
   50.2500000       2134.99194    
   50.5000000       2061.28857    
   50.7500000       1989.12659    
   51.0000000       1918.74939    
   51.2500000       1850.35461    
   51.5000000       1783.95386    
   51.7500000       1719.51221    
   52.0000000       1656.99573    
   52.2500000       1596.35120    
   52.5000000       1537.45422    
   52.7500000       1480.16223    
   53.0000000       1424.33276    
   53.2500000       1369.82751    
   53.5000000       1316.52673    
   53.7500000       1264.31482    
   54.0000000       1213.07605    
   54.2500000       1162.72717    
   54.5000000       1113.31238    
   54.7500000       1064.90881    
   55.0000000       1017.59290    
   55.2500000       971.489563    
   55.5000000       926.916077    
   55.7500000       884.238220    
   56.0000000       843.821655    
   56.2500000       806.050415    
   56.5000000       771.383057    
   56.7500000       740.296570    
   57.0000000       713.268250    
   57.2500000       690.770630    
   57.5000000       673.258789    
   57.7500000       661.183533    
   58.0000000       654.995483    
   58.2500000       655.115417    
   58.5000000       661.844360    
   58.7500000       675.453430    
   59.0000000       696.213623    
   59.2500000       724.350342    
   59.5000000       759.906433    
   59.7500000       802.878845    
   60.0000000       853.264709    
   60.2500000       911.045227    
   60.5000000       976.138245    
   60.7500000       1048.44580    
   61.0000000       1127.87000    
   61.2500000       1214.31018    
   61.5000000       1307.65710    
   61.7500000       1407.79797    
   62.0000000       1514.62097    
   62.2500000       1627.97314    
   62.5000000       1747.53796    
   62.7500000       1872.95935    
   63.0000000       2003.88049    
   63.2500000       2139.88452    
   63.5000000       2280.31665    
   63.7500000       2424.46289    
   64.0000000       2571.60840    
   64.2500000       2721.01563    
   64.5000000       2871.85156    
   64.7500000       3023.26123    
   65.0000000       3174.38867    
   65.2500000       3324.38525    
   65.5000000       3472.43042    
   65.7500000       3617.70898    
   66.0000000       3759.40674    
   66.2500000       3896.76196    
   66.5000000       4029.22168    
   66.7500000       4156.28516    
   67.0000000       4277.45264    
   67.2500000       4392.30176    
   67.5000000       4500.72705    
   67.7500000       4602.70117    
   68.0000000       4698.19775    
   68.2500000       4787.21875    
   68.5000000       4869.88086    
   68.7500000       4946.33105    
   69.0000000       5016.71533    
   69.2500000       5081.17871    
   69.5000000       5139.86133    
   69.7500000       5192.90137    
   70.0000000       5240.43848    
   70.2500000       5282.62500    
   70.5000000       5319.67041    
   70.7500000       5351.79736    
   71.0000000       5379.22900    
   71.2500000       5402.20752    
   71.5000000       5421.05127    
   71.7500000       5436.10010    
   72.0000000       5447.68896    
   72.2500000       5456.16748    
   72.5000000       5461.91748    
   72.7500000       5465.33105    
   73.0000000       5466.79980    
   73.2500000       5466.70898    
   73.5000000       5465.41504    
   73.7500000       5463.26563    
   74.0000000       5460.61182    
   74.2500000       5457.73145    
   74.5000000       5454.62695    
   74.7500000       5451.23145    
   75.0000000       5447.47705    
   75.2500000       5443.19189    
   75.5000000       5437.79639    
   75.7500000       5430.60449    
   76.0000000       5420.93164    
   76.2500000       5408.05273    
   76.5000000       5391.07861    
   76.7500000       5369.07959    
   77.0000000       5341.12549    
   77.2500000       5306.30029    
   77.5000000       5263.74170    
   77.7500000       5212.59961    
   78.0000000       5152.02344    
   78.2500000       5081.27148    
   78.5000000       5000.02832    
   78.7500000       4908.08496    
   79.0000000       4805.23193    
   79.2500000       4691.42188    
   79.5000000       4567.24658    
   79.7500000       4433.46045    
   80.0000000       4290.81641    
   80.2500000       4140.12842    
   80.5000000       3982.44946    
   80.7500000       3818.89307    
   81.0000000       3650.57300    
   81.2500000       3478.59473    
   81.5000000       3304.03467    
   81.7500000       3127.96167    
   82.0000000       2951.44409    
   82.2500000       2775.52661    
   82.5000000       2601.15747    
   82.7500000       2429.26050    
   83.0000000       2260.75952    
   83.2500000       2096.54004    
   83.5000000       1937.33069    
   83.7500000       1783.82153    
   84.0000000       1636.70239    
   84.2500000       1496.65125    
   84.5000000       1364.29749    
   84.7500000       1240.25830    
   85.0000000       1125.15125    
   85.2500000       1019.58673    
   85.5000000       924.148865    
   85.7500000       839.414978    
   86.0000000       765.962219    
   86.2500000       704.284546    
   86.5000000       654.541382    
   86.7500000       616.808899    
   87.0000000       591.162842    
   87.2500000       577.555847    
   87.5000000       575.445923    
   87.7500000       584.167542    
   88.0000000       603.055420    
   88.2500000       631.396973    
   88.5000000       668.291870    
   88.7500000       712.792847    
   89.0000000       763.952454    
   89.2500000       820.831482    
   89.5000000       882.522095    
   89.7500000       948.124268    
   90.0000000       1016.73834    
   90.2500000       1087.50586    
   90.5000000       1159.73389    
   90.7500000       1232.77075    
   91.0000000       1305.96545    
   91.2500000       1378.72974    
   91.5000000       1450.73096    
   91.7500000       1521.69910    
   92.0000000       1591.36487    
   92.2500000       1659.48218    
   92.5000000       1725.89575    
   92.7500000       1790.47473    
   93.0000000       1853.08728    
   93.2500000       1913.60144    
   93.5000000       1971.88428    
   93.7500000       2027.80188    
   94.0000000       2081.22119    
   94.2500000       2132.02588    
   94.5000000       2180.17261    
   94.7500000       2225.63452    
   95.0000000       2268.38623    
   95.2500000       2308.42627    
   95.5000000       2345.85718    
   95.7500000       2380.80591    
   96.0000000       2413.39966    
   96.2500000       2443.77612    
   96.5000000       2472.11279    
   96.7500000       2498.59668    
   97.0000000       2523.41553    
   97.2500000       2546.75439    
   97.5000000       2568.78857    
   97.7500000       2589.69067    
   98.0000000       2609.63428    
   98.2500000       2628.77466    
   98.5000000       2647.20020    
   98.7500000       2664.98267    
   99.0000000       2682.19189    
   99.2500000       2698.87524    
   99.5000000       2714.97583    
   99.7500000       2730.41333    
   100.000000       2745.10522    
   100.250000       2758.96094    
   100.500000       2771.84912    
   100.750000       2783.62842    
   101.000000       2794.15771    
   101.250000       2803.29810    
   101.500000       2810.92432    
   101.750000       2816.91284    
   102.000000       2821.14038    
   102.250000       2823.50806    
   102.500000       2824.01172    
   102.750000       2822.66992    
   103.000000       2819.50293    
   103.250000       2814.56519    
   103.500000       2808.05371    
   103.750000       2800.19995    
   104.000000       2791.23730    
   104.250000       2781.41162    
   104.500000       2771.02466    
   104.750000       2760.39185    
   105.000000       2749.83032    
   105.250000       2739.65063    
   105.500000       2730.14893    
   105.750000       2721.61597    
   106.000000       2714.34253    
   106.250000       2708.58838    
   106.500000       2704.48560    
   106.750000       2702.13477    
   107.000000       2701.63647    
   107.250000       2703.04321    
   107.500000       2706.21680    
   107.750000       2710.97144    
   108.000000       2717.12061    
   108.250000       2724.46069    
   108.500000       2732.71582    
   108.750000       2741.59155    
   109.000000       2750.79419    
   109.250000       2760.03223    
   109.500000       2769.02612    
   109.750000       2777.49780    
   110.000000       2785.17041    
   110.250000       2791.77954    
   110.500000       2797.11377    
   110.750000       2800.97412    
   111.000000       2803.16284    
   111.250000       2803.50122    
   111.500000       2801.89307    
   111.750000       2798.26270    
   112.000000       2792.53418    
   112.250000       2784.63843    
   112.500000       2774.53516    
   112.750000       2762.19116    
   113.000000       2747.57324    
   113.250000       2730.64893    
   113.500000       2711.38892    
   113.750000       2689.76489    
   114.000000       2665.74927    
   114.250000       2639.32764    
   114.500000       2610.55103    
   114.750000       2579.48242    
   115.000000       2546.18701    
   115.250000       2510.75244    
   115.500000       2473.35669    
   115.750000       2434.20190    
   116.000000       2393.48950    
   116.250000       2351.42847    
   116.500000       2308.26318    
   116.750000       2264.24487    
   117.000000       2219.62598    
   117.250000       2174.65747    
   117.500000       2129.58936    
   117.750000       2084.67139    
   118.000000       2040.15186    
   118.250000       1996.28394    
   118.500000       1953.33362    
   118.750000       1911.56982    
   119.000000       1871.26208    
   119.250000       1832.68384    
   119.500000       1796.12732    
   119.750000       1761.88879    
   120.000000       1730.26514    
   120.250000       1701.55457    
   120.500000       1676.06299    
   120.750000       1654.09802    
   121.000000       1635.96729    
   121.250000       1621.97827    
   121.500000       1612.43494    
   121.750000       1607.64087    
   122.000000       1607.89929    
   122.250000       1613.50769    
   122.500000       1624.73975    
   122.750000       1641.86292    
   123.000000       1665.14441    
   123.250000       1694.84314    
   123.500000       1731.18103    
   123.750000       1774.37183    
   124.000000       1824.62842    
   124.250000       1882.16113    
   124.500000       1947.16699    
   124.750000       2019.83984    
   125.000000       2100.37378    
   125.250000       2188.96240    
   125.500000       2285.79907    
   125.750000       2391.07715    
   126.000000       2504.98975    
   126.250000       2627.72559    
   126.500000       2759.45776    
   126.750000       2900.35571    
   127.000000       3050.58789    
   127.250000       3210.31641    
   127.500000       3379.67944    
   127.750000       3558.80786    
   128.000000       3747.83350    
   128.250000       3946.88550    
   128.500000       4156.08936    
   128.750000       4375.56836    
   129.000000       4605.44482    
   129.250000       4845.84033    
   129.500000       5096.85889    
   129.750000       5358.60352    
   130.000000       5631.17627    
   130.250000       5914.63867    
   130.500000       6208.89307    
   130.750000       6513.80322    
   131.000000       6829.23242    
   131.250000       7154.98291    
   131.500000       7490.62402    
   131.750000       7835.66064    
   132.000000       8189.60303    
   132.250000       8551.93555    
   132.500000       8922.05371    
   132.750000       9299.33301    
   133.000000       9683.14941    
   133.250000       10072.8770    
   133.500000       10467.9053    
   133.750000       10867.6279    
   134.000000       11271.4336    
   134.250000       11678.7266    
   134.500000       12088.9463    
   134.750000       12501.5430    
   135.000000       12915.9717    
   135.250000       13331.6963    
   135.500000       13748.2500    
   135.750000       14165.1816    
   136.000000       14582.0381    
   136.250000       14998.3730    
   136.500000       15413.7568    
   136.750000       15827.7656    
   137.000000       16239.9736    
   137.250000       16649.9629    
   137.500000       17057.3281    
   137.750000       17461.6758    
   138.000000       17862.6055    
   138.250000       18259.7754    
   138.500000       18653.0508    
   138.750000       19042.3535    
   139.000000       19427.6055    
   139.250000       19808.8066    
   139.500000       20186.2695    
   139.750000       20560.3867    
   140.000000       20931.5527    
   140.250000       21300.1875    
   140.500000       21666.8379    
   140.750000       22032.0742    
   141.000000       22396.4785    
   141.250000       22760.6113    
   141.500000       23125.0156    
   141.750000       23490.2207    
   142.000000       23856.7598    
   142.250000       24225.1172    
   142.500000       24595.5801    
   142.750000       24968.3887    
   143.000000       25343.7852    
   143.250000       25721.9316    
   143.500000       26102.7051    
   143.750000       26485.8984    
   144.000000       26871.3027    
   144.250000       27258.6953    
   144.500000       27647.7324    
   144.750000       28038.0664    
   145.000000       28429.3320    
   145.250000       28821.1660    
   145.500000       29213.1973    
   145.750000       29605.0449    
   146.000000       29996.3281    
   146.250000       30386.6113    
   146.500000       30775.2109    
   146.750000       31161.3926    
   147.000000       31544.4219    
   147.250000       31923.4648    
   147.500000       32297.3555    
   147.750000       32664.8223    
   148.000000       33024.6055    
   148.250000       33375.4063    
   148.500000       33715.7969    
   148.750000       34044.2969    
   149.000000       34359.4336    
   149.250000       34659.7383    
   149.500000       34943.8164    
   149.750000       35210.2539    
   150.000000       35457.6563    
   150.250000       35684.7148    
   150.500000       35890.5078    
   150.750000       36074.2070    
   151.000000       36234.9961    
   151.250000       36372.1914    
   151.500000       36485.6875    
   151.750000       36575.5273    
   152.000000       36641.7500    
   152.250000       36684.4648    
   152.500000       36703.9570    
   152.750000       36700.5938    
   153.000000       36674.7383    
   153.250000       36626.7422    
   153.500000       36556.9570    
   153.750000       36465.7266    
   154.000000       36353.4102    
   154.250000       36220.3906    
   154.500000       36067.1758    
   154.750000       35894.3281    
   155.000000       35702.3984    
   155.250000       35491.9844    
   155.500000       35263.8789    
   155.750000       35018.9219    
   156.000000       34757.9570    
   156.250000       34481.8438    
   156.500000       34191.5117    
   156.750000       33887.9180    
   157.000000       33572.0195    
   157.250000       33244.7539    
   157.500000       32907.0703    
   157.750000       32559.8730    
   158.000000       32204.0938    
   158.250000       31840.6191    
   158.500000       31470.1816    
   158.750000       31093.4863    
   159.000000       30711.2305    
   159.250000       30324.0586    
   159.500000       29932.3867    
   159.750000       29536.5801    
   160.000000       29137.0020    
   160.250000       28733.9902    
   160.500000       28327.8066    
   160.750000       27918.6836    
   161.000000       27506.8555    
   161.250000       27092.5605    
   161.500000       26676.0566    
   161.750000       26257.5938    
   162.000000       25837.4316    
   162.250000       25415.8477    
   162.500000       24993.1875    
   162.750000       24569.8203    
   163.000000       24146.1172    
   163.250000       23722.4707    
   163.500000       23299.3926    
   163.750000       22877.4160    
   164.000000       22457.0801    
   164.250000       22038.9336    
   164.500000       21623.5762    
   164.750000       21211.6055    
   165.000000       20803.6328    
   165.250000       20400.2598    
   165.500000       20002.0645    
   165.750000       19609.6230    
   166.000000       19223.5137    
   166.250000       18844.2637    
   166.500000       18472.2285    
   166.750000       18107.7129    
   167.000000       17751.0234    
   167.250000       17402.4023    
   167.500000       17061.8223    
   167.750000       16729.1895    
   168.000000       16404.4141    
   168.250000       16087.3770    
   168.500000       15777.8525    
   168.750000       15475.5928    
   169.000000       15180.3438    
   169.250000       14891.8672    
   169.500000       14609.9492    
   169.750000       14334.3906    
   170.000000       14064.9912    
   170.250000       13801.6074    
   170.500000       13544.3564    
   170.750000       13293.4160    
   171.000000       13048.9590    
   171.250000       12811.2607    
   171.500000       12580.9648    
   171.750000       12358.8125    
   172.000000       12145.5400    
   172.250000       11941.9268    
   172.500000       11748.9111    
   172.750000       11567.4648    
   173.000000       11398.5664    
   173.250000       11243.1689    
   173.500000       11102.1455    
   173.750000       10976.3486    
   174.000000       10866.6309    
   174.250000       10773.6582    
   174.500000       10697.3477    
   174.750000       10637.4346    
   175.000000       10593.6514    
   175.250000       10565.4521    
   175.500000       10551.1816    
   175.750000       10548.9082    
   176.000000       10556.6992    
   176.250000       10572.5146    
   176.500000       10593.8799    
   176.750000       10618.2119    
   177.000000       10642.9277    
   177.250000       10665.4746    
   177.500000       10683.4150    
   177.750000       10694.3447    
   178.000000       10695.8516    
   178.250000       10685.7432    
   178.500000       10662.6855    
   178.750000       10625.5557    
   179.000000       10573.2305    
   179.250000       10504.9111    
   179.500000       10421.0879    
   179.750000       10322.5771    
   180.000000       10210.1924    
   180.250000       10084.8691    
   180.500000       9948.02637    
   180.750000       9801.20703    
   181.000000       9645.95410    
   181.250000       9483.79102    
   181.500000       9316.17285    
   181.750000       9144.53711    
   182.000000       8970.32129    
   182.250000       8794.88965    
   182.500000       8619.31055    
   182.750000       8444.57813    
   183.000000       8271.68457    
   183.250000       8101.51025    
   183.500000       7934.47266    
   183.750000       7770.87500    
   184.000000       7611.02197    
   184.250000       7455.17334    
   184.500000       7303.42529    
   184.750000       7155.82764    
   185.000000       7012.43457    
   185.250000       6873.30078    
   185.500000       6738.48682    
   185.750000       6608.05762    
   186.000000       6482.07910    
   186.250000       6360.59473    
   186.500000       6243.58008    
   186.750000       6130.99121    
   187.000000       6022.78467    
   187.250000       5918.89063    
   187.500000       5819.14209    
   187.750000       5723.34717    
   188.000000       5631.31299    
   188.250000       5542.83691    
   188.500000       5457.67383    
   188.750000       5375.56934    
   189.000000       5296.26758    
   189.250000       5219.51904    
   189.500000       5145.09277    
   189.750000       5072.76172    
   190.000000       5002.29980    
   190.250000       4933.52441    
   190.500000       4866.42139    
   190.750000       4801.01953    
   191.000000       4737.34766    
   191.250000       4675.49805    
   191.500000       4615.81543    
   191.750000       4558.70752    
   192.000000       4504.58203    
   192.250000       4453.87207    
   192.500000       4407.11035    
   192.750000       4364.85547    
   193.000000       4327.66504    
   193.250000       4296.08887    
   193.500000       4270.64502    
   193.750000       4251.84473    
   194.000000       4240.19824    
   194.250000       4236.15430    
   194.500000       4239.91211    
   194.750000       4251.60889    
   195.000000       4271.38281    
   195.250000       4299.27734    
   195.500000       4334.96387    
   195.750000       4378.02051    
   196.000000       4428.02295    
   196.250000       4484.51611    
   196.500000       4546.89893    
   196.750000       4614.53711    
   197.000000       4686.79688    
   197.250000       4763.04785    
   197.500000       4842.68848    
   197.750000       4925.11963    
   198.000000       5009.74463    
   198.250000       5095.99902    
   198.500000       5183.45605    
   198.750000       5271.72168    
   199.000000       5360.40186    
   199.250000       5449.15625    
   199.500000       5537.84912    
   199.750000       5626.39746    

