TitleText: Ni(001)-(5x5)-Li     Beam (3/5,1/5)            Rfac10=0.3672
 "IV exp
   40.2500000       270.659882    
   40.5000000       271.348358    
   40.7500000       271.985504    
   41.0000000       272.545685    
   41.2500000       273.003815    
   41.5000000       273.337646    
   41.7500000       273.525482    
   42.0000000       273.545685    
   42.2500000       273.386017    
   42.5000000       273.072021    
   42.7500000       272.638641    
   43.0000000       272.120697    
   43.2500000       271.564026    
   43.5000000       271.057709    
   43.7500000       270.701630    
   44.0000000       270.595703    
   44.2500000       270.815216    
   44.5000000       271.336945    
   44.7500000       272.113037    
   45.0000000       273.095703    
   45.2500000       274.250092    
   45.5000000       275.593719    
   45.7500000       277.157104    
   46.0000000       278.970703    
   46.2500000       281.079285    
   46.5000000       283.584229    
   46.7500000       286.601166    
   47.0000000       290.245697    
   47.2500000       294.602356    
   47.5000000       299.631073    
   47.7500000       305.260895    
   48.0000000       311.420685    
   48.2500000       318.045349    
   48.5000000       325.093689    
   48.7500000       332.530548    
   49.0000000       340.320679    
   49.2500000       348.448975    
   49.5000000       356.980682    
   49.7500000       366.001099    
   50.0000000       375.595673    
   50.2500000       385.834412    
   50.5000000       396.726471    
   50.7500000       408.265594    
   51.0000000       420.445679    
   51.2500000       433.225616    
   51.5000000       446.425049    
   51.7500000       459.828522    
   52.0000000       473.220703    
   52.2500000       486.390228    
   52.5000000       499.141296    
   52.7500000       511.282074    
   53.0000000       522.620667    
   53.2500000       532.980591    
   53.5000000       542.246460    
   53.7500000       550.318237    
   54.0000000       557.095703    
   54.2500000       562.507263    
   54.5000000       566.593933    
   54.7500000       569.425293    
   55.0000000       571.070679    
   55.2500000       571.602112    
   55.5000000       571.101868    
   55.7500000       569.654785    
   56.0000000       567.345642    
   56.2500000       564.247375    
   56.5000000       560.385071    
   56.7500000       555.771790    
   57.0000000       550.420654    
   57.2500000       544.346252    
   57.5000000       537.569275    
   57.7500000       530.111633    
   58.0000000       521.995667    
   58.2500000       513.244995    
   58.5000000       503.890076    
   58.7500000       493.962982    
   59.0000000       483.495697    
   59.2500000       472.532532    
   59.5000000       461.166351    
   59.7500000       449.502380    
   60.0000000       437.645691    
   60.2500000       425.709625    
   60.5000000       413.840454    
   60.7500000       402.192627    
   61.0000000       390.920685    
   61.2500000       380.172638    
   61.5000000       370.070984    
   61.7500000       360.731628    
   62.0000000       352.270691    
   62.2500000       344.747345    
   62.5000000       337.993591    
   62.7500000       331.784637    
   63.0000000       325.895691    
   63.2500000       320.152344    
   63.5000000       314.581940    
   63.7500000       309.262146    
   64.0000000       304.270691    
   64.2500000       299.663483    
   64.5000000       295.409088    
   64.7500000       291.454254    
   65.0000000       287.745697    
   65.2500000       284.229553    
   65.5000000       280.849579    
   65.7500000       277.548920    
   66.0000000       274.270691    
   66.2500000       271.026031    
   66.5000000       268.097961    
   66.7500000       265.837494    
   67.0000000       264.595673    
   67.2500000       264.618195    
   67.5000000       265.729553    
   67.7500000       267.648987    
   68.0000000       270.095673    
   68.2500000       272.820190    
   68.5000000       275.698517    
   68.7500000       278.637878    
   69.0000000       281.545685    
   69.2500000       284.375092    
   69.5000000       287.263000    
   69.7500000       290.392242    
   70.0000000       293.945679    
   70.2500000       298.055908    
   70.5000000       302.654846    
   70.7500000       307.624176    
   71.0000000       312.845673    
   71.2500000       318.215607    
   71.5000000       323.688660    
   71.7500000       329.233948    
   72.0000000       334.820679    
   72.2500000       340.397430    
   72.5000000       345.830261    
   72.7500000       350.964569    
   73.0000000       355.645691    
   73.2500000       359.745667    
   73.5000000       363.242523    
   73.7500000       366.140991    
   74.0000000       368.445679    
   74.2500000       370.172974    
   74.5000000       371.386200    
   74.7500000       372.160400    
   75.0000000       372.570679    
   75.2500000       372.636536    
   75.5000000       372.155487    
   75.7500000       370.869568    
   76.0000000       368.520691    
   76.2500000       364.929565    
   76.5000000       360.231537    
   76.7500000       354.640594    
   77.0000000       348.370697    
   77.2500000       341.644318    
   77.5000000       334.717468    
   77.7500000       327.854736    
   78.0000000       321.320679    
   78.2500000       315.317047    
   78.5000000       309.794647    
   78.7500000       304.641541    
   79.0000000       299.745697    
   79.2500000       295.022583    
   79.5000000       290.496887    
   79.7500000       286.220581    
   80.0000000       282.245697    
   80.2500000       278.615234    
   80.5000000       275.335815    
   80.7500000       272.405090    
   81.0000000       269.820679    
   81.2500000       267.579376    
   81.5000000       265.674683    
   81.7500000       264.099243    
   82.0000000       262.845703    
   82.2500000       261.893311    
   82.5000000       261.167725    
   82.7500000       260.581085    
   83.0000000       260.045685    
   83.2500000       259.496094    
   83.5000000       258.956696    
   83.7500000       258.474304    
   84.0000000       258.095673    
   84.2500000       257.870605    
   84.5000000       257.860809    
   84.7500000       258.130951    
   85.0000000       258.745697    
   85.2500000       259.721710    
   85.5000000       260.883575    
   85.7500000       262.007721    
   86.0000000       262.870697    
   86.2500000       263.302185    
   86.5000000       263.344696    
   86.7500000       263.093964    
   87.0000000       262.645691    
   87.2500000       262.105804    
   87.5000000       261.621155    
   87.7500000       261.348755    
   88.0000000       261.445679    
   88.2500000       262.042450    
   88.5000000       263.163544    
   88.7500000       264.806976    
   89.0000000       266.970673    
   89.2500000       269.651978    
   89.5000000       272.845581    
   89.7500000       276.545502    
   90.0000000       280.745697    
   90.2500000       285.444733    
   90.5000000       290.659424    
   90.7500000       296.410950    
   91.0000000       302.720703    
   91.2500000       309.599426    
   91.5000000       317.015991    
   91.7500000       324.928650    
   92.0000000       333.295715    
   92.2500000       342.034821    
   92.5000000       350.900879    
   92.7500000       359.608124    
   93.0000000       367.870697    
   93.2500000       375.424530    
   93.5000000       382.092163    
   93.7500000       387.717804    
   94.0000000       392.145691    
   94.2500000       395.280670    
   94.5000000       397.270233    
   94.7500000       398.322540    
   95.0000000       398.645691    
   95.2500000       398.395660    
   95.5000000       397.519775    
   95.7500000       395.913116    
   96.0000000       393.470703    
   96.2500000       390.119385    
   96.5000000       385.912323    
   96.7500000       380.934448    
   97.0000000       375.270691    
   97.2500000       369.094818    
   97.5000000       362.936371    
   97.7500000       357.413849    
   98.0000000       353.145691    
   98.2500000       350.565399    
   98.5000000       349.366333    
   98.7500000       349.056976    
   99.0000000       349.145691    
   99.2500000       349.168182    
   99.5000000       348.769287    
   99.7500000       347.621094    
   100.000000       345.395691    
   100.250000       341.891479    
   100.500000       337.411896    
   100.750000       332.386749    
   101.000000       327.245697    
   101.250000       322.335388    
   101.500000       317.669708    
   101.750000       313.179535    
   102.000000       308.795685    
   102.250000       304.425598    
   102.500000       299.883423    
   102.750000       294.959869    
   103.000000       289.445709    
   103.250000       283.175446    
   103.500000       276.158295    
   103.750000       268.447388    
   104.000000       260.095703    
   104.250000       251.215668    
   104.500000       242.157532    
   104.750000       233.330994    
   105.000000       225.145691    
   105.250000       217.962616    
   105.500000       211.948151    
   105.750000       207.219940    
   106.000000       203.895691    
   106.250000       202.040375    
   106.500000       201.508331    
   106.750000       202.101227    
   107.000000       203.620697    
   107.250000       205.835571    
   107.500000       208.383270    
   107.750000       210.868439    
   108.000000       212.895691    
   108.250000       214.134491    
   108.500000       214.513916    
   108.750000       214.027985    
   109.000000       212.670685    
   109.250000       210.545959    
   109.500000       208.197693    
   109.750000       206.279663    
   110.000000       205.445679    
   110.250000       206.197510    
   110.500000       208.428772    
   110.750000       211.880981    
   111.000000       216.295685    
   111.250000       221.285248    
   111.500000       225.945587    
   111.750000       229.243500    
   112.000000       230.145691    
   112.250000       227.916016    
   112.500000       223.006653    
   112.750000       216.166809    
   113.000000       208.145691    
   113.250000       199.686066    
   113.500000       191.504974    
   113.750000       184.312988    
   114.000000       178.820679    
   114.250000       175.490753    
   114.500000       173.794403    
   114.750000       172.954926    
   115.000000       172.195679    
   115.250000       170.882050    
   115.500000       168.947784    
   115.750000       166.468719    
   116.000000       163.520691    
   116.250000       160.275848    
   116.500000       157.291687    
   116.750000       155.222015    
   117.000000       154.720673    
   117.250000       156.306641    
   117.500000       159.959564    
   117.750000       165.524292    
   118.000000       172.845673    
   118.250000       181.659973    
   118.500000       191.269135    
   118.750000       200.866577    
   119.000000       209.645691    
   119.250000       216.932281    
   119.500000       222.581757    
   119.750000       226.581940    
   120.000000       228.920685    
   120.250000       229.627991    
   120.500000       228.902924    
   120.750000       226.986755    
   121.000000       224.120697    
   121.250000       220.629059    
   121.500000       217.168121    
   121.750000       214.477203    
   122.000000       213.295685    
   122.250000       214.365479    
   122.500000       218.439331    
   122.750000       226.272583    
   123.000000       238.620667    
   123.250000       255.881958    
   123.500000       277.026764    
   123.750000       300.668579    
   124.000000       325.420715    
   124.250000       350.009003    
   124.500000       373.608948    
   124.750000       395.508575    
   125.000000       414.995697    
   125.250000       431.652344    
   125.500000       446.236542    
   125.750000       459.800293    
   126.000000       473.395691    
   126.250000       487.917511    
   126.500000       503.631500    
   126.750000       520.646362    
   127.000000       539.070679    
   127.250000       558.947510    
   127.500000       580.058411    
   127.750000       602.119141    
   128.000000       624.845642    
   128.250000       647.969788    
   128.500000       671.287048    
   128.750000       694.608521    
   129.000000       717.745667    
   129.250000       740.538452    
   129.500000       762.942322    
   129.750000       784.941589    
   130.000000       806.520630    
   130.250000       827.683899    
   130.500000       848.517456    
   130.750000       869.127625    
   131.000000       889.620667    
   131.250000       909.984436    
   131.500000       929.733521    
   131.750000       948.263611    
   132.000000       964.970703    
   132.250000       979.349426    
   132.500000       991.288391    
   132.750000       1000.77472    
   133.000000       1007.79572    
   133.250000       1012.35266    
   133.500000       1014.50299    
   133.750000       1014.31836    
   134.000000       1011.87067    
   134.250000       1007.26746    
   134.500000       1000.76135    
   134.750000       992.641235    
   135.000000       983.195679    
   135.250000       972.692200    
   135.500000       961.312927    
   135.750000       949.218811    
   136.000000       936.570679    
   136.250000       923.434692    
   136.500000       909.498352    
   136.750000       894.354431    
   137.000000       877.595642    
   137.250000       859.014526    
   137.500000       839.202026    
   137.750000       818.948914    
   138.000000       799.045654    
   138.250000       780.160400    
   138.500000       762.470459    
   138.750000       746.030701    
   139.000000       730.895691    
   139.250000       717.066223    
   139.500000       704.327454    
   139.750000       692.410278    
   140.000000       681.045715    
   140.250000       670.058411    
   140.500000       659.647034    
   140.750000       650.103699    
   141.000000       641.720703    
   141.250000       634.681030    
   141.500000       628.730652    
   141.750000       623.506592    

 "IV theory
   40.2500000       59.9038353    
   40.5000000       55.3661880    
   40.7500000       51.0980186    
   41.0000000       47.1065483    
   41.2500000       43.3988113    
   41.5000000       39.9811058    
   41.7500000       36.8595695    
   42.0000000       34.0403175    
   42.2500000       31.5279598    
   42.5000000       29.3210087    
   42.7500000       27.4164772    
   43.0000000       25.8113594    
   43.2500000       24.5003834    
   43.5000000       23.4691715    
   43.7500000       22.7010689    
   44.0000000       22.1794186    
   44.2500000       21.8867054    
   44.5000000       21.8019485    
   44.7500000       21.9033051    
   45.0000000       22.1689377    
   45.2500000       22.5771503    
   45.5000000       23.1068745    
   45.7500000       23.7371864    
   46.0000000       24.4471684    
   46.2500000       25.2167377    
   46.5000000       26.0292072    
   46.7500000       26.8687248    
   47.0000000       27.7194405    
   47.2500000       28.5668106    
   47.5000000       29.4015007    
   47.7500000       30.2154789    
   48.0000000       31.0007210    
   48.2500000       31.7496452    
   48.5000000       32.4564705    
   48.7500000       33.1158676    
   49.0000000       33.7224960    
   49.2500000       34.2711029    
   49.5000000       34.7567177    
   49.7500000       35.1744461    
   50.0000000       35.5193901    
   50.2500000       35.7878685    
   50.5000000       35.9810677    
   50.7500000       36.1013794    
   51.0000000       36.1512108    
   51.2500000       36.1347389    
   51.5000000       36.0632553    
   51.7500000       35.9498253    
   52.0000000       35.8075142    
   52.2500000       35.6501083    
   52.5000000       35.4941788    
   52.7500000       35.3570442    
   53.0000000       35.2559891    
   53.2500000       35.2080994    
   53.5000000       35.2295876    
   53.7500000       35.3364449    
   54.0000000       35.5446701    
   54.2500000       35.8685532    
   54.5000000       36.3156357    
   54.7500000       36.8917351    
   55.0000000       37.6026955    
   55.2500000       38.4517937    
   55.5000000       39.4321556    
   55.7500000       40.5343475    
   56.0000000       41.7489281    
   56.2500000       43.0655212    
   56.5000000       44.4698944    
   56.7500000       45.9468575    
   57.0000000       47.4812355    
   57.2500000       49.0579796    
   57.5000000       50.6626396    
   57.7500000       52.2809334    
   58.0000000       53.8985367    
   58.2500000       55.5018501    
   58.5000000       57.0800514    
   58.7500000       58.6229744    
   59.0000000       60.1204910    
   59.2500000       61.5635452    
   59.5000000       62.9473648    
   59.7500000       64.2682877    
   60.0000000       65.5226364    
   60.2500000       66.7070999    
   60.5000000       67.8198853    
   60.7500000       68.8595734    
   61.0000000       69.8247223    
   61.2500000       70.7139587    
   61.5000000       71.5260773    
   61.7500000       72.2599106    
   62.0000000       72.9142990    
   62.2500000       73.4889145    
   62.5000000       73.9867325    
   62.7500000       74.4115753    
   63.0000000       74.7672348    
   63.2500000       75.0587463    
   63.5000000       75.2960052    
   63.7500000       75.4901047    
   64.0000000       75.6521530    
   64.2500000       75.7937164    
   64.5000000       75.9282227    
   64.7500000       76.0695190    
   65.0000000       76.2314987    
   65.2500000       76.4279633    
   65.5000000       76.6724167    
   65.7500000       76.9783173    
   66.0000000       77.3590927    
   66.2500000       77.8278656    
   66.5000000       78.3964767    
   66.7500000       79.0764389    
   67.0000000       79.8792572    
   67.2500000       80.8159180    
   67.5000000       81.8952866    
   67.7500000       83.1256943    
   68.0000000       84.5154724    
   68.2500000       86.0728683    
   68.5000000       87.8056946    
   68.7500000       89.7216949    
   69.0000000       91.8285828    
   69.2500000       94.1337662    
   69.5000000       96.6433411    
   69.7500000       99.3630447    
   70.0000000       102.298660    
   70.2500000       105.452225    
   70.5000000       108.811119    
   70.7500000       112.358986    
   71.0000000       116.079445    
   71.2500000       119.950737    
   71.5000000       123.929367    
   71.7500000       127.966393    
   72.0000000       132.012909    
   72.2500000       136.017807    
   72.5000000       139.921295    
   72.7500000       143.661438    
   73.0000000       147.176285    
   73.2500000       150.404633    
   73.5000000       153.288254    
   73.7500000       155.769669    
   74.0000000       157.791428    
   74.2500000       159.302078    
   74.5000000       160.274414    
   74.7500000       160.687225    
   75.0000000       160.519318    
   75.2500000       159.758621    
   75.5000000       158.429337    
   75.7500000       156.564728    
   76.0000000       154.198151    
   76.2500000       151.366211    
   76.5000000       148.119278    
   76.7500000       144.510971    
   77.0000000       140.594940    
   77.2500000       136.424469    
   77.5000000       132.051117    
   77.7500000       127.526077    
   78.0000000       122.900520    
   78.2500000       118.224319    
   78.5000000       113.542145    
   78.7500000       108.897415    
   79.0000000       104.333488    
   79.2500000       99.8916626    
   79.5000000       95.6048203    
   79.7500000       91.5037308    
   80.0000000       87.6191711    
   80.2500000       83.9812546    
   80.5000000       80.6174393    
   80.7500000       77.5545197    
   81.0000000       74.8192825    
   81.2500000       72.4382019    
   81.5000000       70.4365005    
   81.7500000       68.8391113    
   82.0000000       67.6709290    
   82.2500000       66.9528351    
   82.5000000       66.6895828    
   82.7500000       66.8819122    
   83.0000000       67.5305405    
   83.2500000       68.6302490    
   83.5000000       70.1520996    
   83.7500000       72.0611649    
   84.0000000       74.3225632    
   84.2500000       76.8990707    
   84.5000000       79.7441864    
   84.7500000       82.8090973    
   85.0000000       86.0450134    
   85.2500000       89.4036865    
   85.5000000       92.8393784    
   85.7500000       96.3069153    
   86.0000000       99.7611237    
   86.2500000       103.161308    
   86.5000000       106.484535    
   86.7500000       109.712334    
   87.0000000       112.826172    
   87.2500000       115.814293    
   87.5000000       118.691528    
   87.7500000       121.479416    
   88.0000000       124.199471    
   88.2500000       126.875839    
   88.5000000       129.542999    
   88.7500000       132.238037    
   89.0000000       134.998123    
   89.2500000       137.859619    
   89.5000000       140.856171    
   89.7500000       144.020752    
   90.0000000       147.386383    
   90.2500000       150.980911    
   90.5000000       154.812134    
   90.7500000       158.882645    
   91.0000000       163.195129    
   91.2500000       167.744690    
   91.5000000       172.496033    
   91.7500000       177.406433    
   92.0000000       182.432983    
   92.2500000       187.529984    
   92.5000000       192.639938    
   92.7500000       197.702469    
   93.0000000       202.657074    
   93.2500000       207.444153    
   93.5000000       212.006821    
   93.7500000       216.289063    
   94.0000000       220.234787    
   94.2500000       223.793030    
   94.5000000       226.933136    
   94.7500000       229.629745    
   95.0000000       231.857300    
   95.2500000       233.598053    
   95.5000000       234.864960    
   95.7500000       235.678665    
   96.0000000       236.059921    
   96.2500000       236.032211    
   96.5000000       235.630722    
   96.7500000       234.893631    
   97.0000000       233.858963    
   97.2500000       232.564392    
   97.5000000       231.045609    
   97.7500000       229.337738    
   98.0000000       227.476120    
   98.2500000       225.493256    
   98.5000000       223.411835    
   98.7500000       221.251785    
   99.0000000       219.033173    
   99.2500000       216.772125    
   99.5000000       214.469315    
   99.7500000       212.121582    
   100.000000       209.725708    
   100.250000       207.277039    
   100.500000       204.765030    
   100.750000       202.177658    
   101.000000       199.502899    
   101.250000       196.729019    
   101.500000       193.845520    
   101.750000       190.842194    
   102.000000       187.708847    
   102.250000       184.437241    
   102.500000       181.026840    
   102.750000       177.479065    
   103.000000       173.795364    
   103.250000       169.980087    
   103.500000       166.049316    
   103.750000       162.022003    
   104.000000       157.917175    
   104.250000       153.754913    
   104.500000       149.559906    
   104.750000       145.357910    
   105.000000       141.174683    
   105.250000       137.035736    
   105.500000       132.965454    
   105.750000       128.987885    
   106.000000       125.127121    
   106.250000       121.405228    
   106.500000       117.836197    
   106.750000       114.432053    
   107.000000       111.204742    
   107.250000       108.163239    
   107.500000       105.304329    
   107.750000       102.621803    
   108.000000       100.109390    
   108.250000       97.7597275    
   108.500000       95.5608444    
   108.750000       93.4996262    
   109.000000       91.5629730    
   109.250000       89.7379379    
   109.500000       88.0123367    
   109.750000       86.3741150    
   110.000000       84.8112411    
   110.250000       83.3125687    
   110.500000       81.8704224    
   110.750000       80.4779816    
   111.000000       79.1284561    
   111.250000       77.8163757    
   111.500000       76.5416870    
   111.750000       75.3056793    
   112.000000       74.1096115    
   112.250000       72.9552765    
   112.500000       71.8463287    
   112.750000       70.7869492    
   113.000000       69.7812653    
   113.250000       68.8334732    
   113.500000       67.9478302    
   113.750000       67.1286240    
   114.000000       66.3801193    
   114.250000       65.7072830    
   114.500000       65.1177444    
   114.750000       64.6198196    
   115.000000       64.2218018    
   115.250000       63.9329948    
   115.500000       63.7665901    
   115.750000       63.7367630    
   116.000000       63.8577042    
   116.250000       64.1439667    
   116.500000       64.6115646    
   116.750000       65.2769089    
   117.000000       66.1563873    
   117.250000       67.2663498    
   117.500000       68.6229553    
   117.750000       70.2423325    
   118.000000       72.1405792    
   118.250000       74.3336639    
   118.500000       76.8368759    
   118.750000       79.6653671    
   119.000000       82.8342819    
   119.250000       86.3585052    
   119.500000       90.2519150    
   119.750000       94.5281448    
   120.000000       99.2008362    
   120.250000       104.283501    
   120.500000       109.789253    
   120.750000       115.731064    
   121.000000       122.122002    
   121.250000       128.975082    
   121.500000       136.303558    
   121.750000       144.120804    
   122.000000       152.440079    
   122.250000       161.275253    
   122.500000       170.642212    
   122.750000       180.557343    
   123.000000       191.037018    
   123.250000       202.098358    
   123.500000       213.761353    
   123.750000       226.046661    
   124.000000       238.975006    
   124.250000       252.567459    
   124.500000       266.846863    
   124.750000       281.836243    
   125.000000       297.558960    
   125.250000       314.037445    
   125.500000       331.292175    
   125.750000       349.342743    
   126.000000       368.208893    
   126.250000       387.904572    
   126.500000       408.420471    
   126.750000       429.741272    
   127.000000       451.851837    
   127.250000       474.728271    
   127.500000       498.311981    
   127.750000       522.535583    
   128.000000       547.331604    
   128.250000       572.629822    
   128.500000       598.346558    
   128.750000       624.395264    
   129.000000       650.689392    
   129.250000       677.142578    
   129.500000       703.669495    
   129.750000       730.184692    
   130.000000       756.603088    
   130.250000       782.838928    
   130.500000       808.804443    
   130.750000       834.410950    
   131.000000       859.570068    
   131.250000       884.192871    
   131.500000       908.187683    
   131.750000       931.462463    
   132.000000       953.925476    
   132.250000       975.484009    
   132.500000       996.043518    
   132.750000       1015.50928    
   133.000000       1033.78625    
   133.250000       1050.78064    
   133.500000       1066.40186    
   133.750000       1080.56067    
   134.000000       1093.16736    
   134.250000       1104.14209    
   134.500000       1113.44189    
   134.750000       1121.03357    
   135.000000       1126.88416    
   135.250000       1130.97375    
   135.500000       1133.33911    
   135.750000       1134.03027    
   136.000000       1133.09790    
   136.250000       1130.59729    
   136.500000       1126.60510    
   136.750000       1121.20276    
   137.000000       1114.47168    
   137.250000       1106.49304    
   137.500000       1097.34546    
   137.750000       1087.10718    
   138.000000       1075.85608    
   138.250000       1063.66882    
   138.500000       1050.61670    
   138.750000       1036.76917    
   139.000000       1022.19562    
   139.250000       1006.96356    
   139.500000       991.130798    
   139.750000       974.752991    
   140.000000       957.885559    
   140.250000       940.583435    
   140.500000       922.898315    
   140.750000       904.881042    
   141.000000       886.582581    
   141.250000       868.053772    
   141.500000       849.344238    
   141.750000       830.503906    

