TitleText: Ni(001)-(5x5)-Li     Beam (1,1/5)              Rfac10=0.1449
 "IV exp
   54.2500000       312.288849    
   54.5000000       321.879669    
   54.7500000       332.366028    
   55.0000000       344.195709    
   55.2500000       357.788940    
   55.5000000       373.456299    
   55.7500000       391.480896    
   56.0000000       412.145721    
   56.2500000       435.673431    
   56.5000000       462.044373    
   56.7500000       491.178528    
   57.0000000       522.995728    
   57.2500000       557.290588    
   57.5000000       593.356201    
   57.7500000       630.360291    
   58.0000000       667.470764    
   58.2500000       703.946533    
   58.5000000       739.411621    
   58.7500000       773.581360    
   59.0000000       806.170776    
   59.2500000       836.899719    
   59.5000000       865.506165    
   59.7500000       891.732361    
   60.0000000       915.320740    
   60.2500000       936.010620    
   60.5000000       953.528870    
   60.7500000       967.599365    
   61.0000000       977.945740    
   61.2500000       984.401672    
   61.5000000       987.240173    
   61.7500000       986.843994    
   62.0000000       983.595764    
   62.2500000       977.866028    
   62.5000000       969.975403    
   62.7500000       960.232483    
   63.0000000       948.945740    
   63.2500000       936.385071    
   63.5000000       922.666992    
   63.7500000       907.869507    
   64.0000000       892.070740    
   64.2500000       875.361572    
   64.5000000       857.884277    
   64.7500000       839.794006    
   65.0000000       821.245789    
   65.2500000       802.389648    
   65.5000000       783.354858    
   65.7500000       764.265503    
   66.0000000       745.245667    
   66.2500000       726.364502    
   66.5000000       707.470764    
   66.7500000       688.358215    
   67.0000000       668.820740    
   67.2500000       648.684448    
   67.5000000       627.905212    
   67.7500000       606.471191    
   68.0000000       584.370728    
   68.2500000       561.666260    
   68.5000000       538.717346    
   68.7500000       515.957581    
   69.0000000       493.820709    
   69.2500000       472.688446    
   69.5000000       452.734253    
   69.7500000       434.079498    
   70.0000000       416.845703    
   70.2500000       401.107727    
   70.5000000       386.754395    
   70.7500000       373.627960    
   71.0000000       361.570709    
   71.2500000       350.458374    
   71.5000000       340.300568    
   71.7500000       331.140350    
   72.0000000       323.020721    
   72.2500000       315.969727    
   72.5000000       309.955109    
   72.7500000       304.929535    
   73.0000000       300.845703    
   73.2500000       297.635376    
   73.5000000       295.146973    
   73.7500000       293.207916    
   74.0000000       291.645721    
   74.2500000       290.313293    
   74.5000000       289.165558    
   74.7500000       288.182922    
   75.0000000       287.345703    
   75.2500000       286.647766    
   75.5000000       286.136871    
   75.7500000       285.874146    
   76.0000000       285.920715    
   76.2500000       286.313202    
   76.5000000       286.989349    
   76.7500000       287.862457    
   77.0000000       288.845703    
   77.2500000       289.858948    
   77.5000000       290.848755    
   77.7500000       291.768280    
   78.0000000       292.570709    
   78.2500000       293.231903    
   78.5000000       293.818054    
   78.7500000       294.417999    
   79.0000000       295.120697    
   79.2500000       295.976807    
   79.5000000       296.884583    
   79.7500000       297.704163    
   80.0000000       298.295715    
   80.2500000       298.550812    
   80.5000000       298.486694    
   80.7500000       298.152100    
   81.0000000       297.595734    
   81.2500000       296.881012    
   81.5000000       296.130432    
   81.7500000       295.481262    
   82.0000000       295.070709    
   82.2500000       294.990906    
   82.5000000       295.153381    
   82.7500000       295.424530    
   83.0000000       295.670685    
   83.2500000       295.780365    
   83.5000000       295.730194    
   83.7500000       295.519043    
   84.0000000       295.145721    
   84.2500000       294.617798    
   84.5000000       293.978149    
   84.7500000       293.278534    
   85.0000000       292.570709    
   85.2500000       291.900970    
   85.5000000       291.294067    
   85.7500000       290.769165    
   86.0000000       290.345703    
   86.2500000       290.031860    
   86.5000000       289.791840    
   86.7500000       289.578735    
   87.0000000       289.345703    
   87.2500000       289.049683    
   87.5000000       288.662903    
   87.7500000       288.161224    
   88.0000000       287.520721    
   88.2500000       286.731506    
   88.5000000       285.840302    
   88.7500000       284.908081    
   89.0000000       283.995697    
   89.2500000       283.161896    
   89.5000000       282.456451    
   89.7500000       281.926880    
   90.0000000       281.620728    
   90.2500000       281.565460    
   90.5000000       281.708160    
   90.7500000       281.975922    
   91.0000000       282.295715    
   91.2500000       282.595123    
   91.5000000       282.803894    
   91.7500000       282.852325    
   92.0000000       282.670715    
   92.2500000       282.211212    
   92.5000000       281.513062    
   92.7500000       280.637512    
   93.0000000       279.645721    
   93.2500000       278.593811    
   93.5000000       277.518127    
   93.7500000       276.450012    
   94.0000000       275.420715    
   94.2500000       274.454620    
   94.5000000       273.548035    
   94.7500000       272.690308    
   95.0000000       271.870697    
   95.2500000       271.089722    
   95.5000000       270.392120    
   95.7500000       269.833801    
   96.0000000       269.470703    
   96.2500000       269.348267    
   96.5000000       269.470245    
   96.7500000       269.829926    
   97.0000000       270.420715    
   97.2500000       271.223145    
   97.5000000       272.166840    
   97.7500000       273.168732    
   98.0000000       274.145721    
   98.2500000       275.031555    
   98.5000000       275.827332    
   98.7500000       276.551056    
   99.0000000       277.220703    
   99.2500000       277.843719    
   99.5000000       278.385620    
   99.7500000       278.801331    
   100.000000       279.045715    
   100.250000       279.086121    
   100.500000       278.938812    
   100.750000       278.632477    
   101.000000       278.195709    
   101.250000       277.653687    
   101.500000       277.017761    
   101.750000       276.295807    
   102.000000       275.495728    
   102.250000       274.628876    
   102.500000       273.720642    
   102.750000       272.799957    
   103.000000       271.895721    
   103.250000       271.039520    
   103.500000       270.273926    
   103.750000       269.644226    
   104.000000       269.195709    
   104.250000       268.954590    
   104.500000       268.870483    
   104.750000       268.873993    
   105.000000       268.895721    
   105.250000       268.889160    
   105.500000       268.899719    
   105.750000       268.995789    
   106.000000       269.245728    
   106.250000       269.711548    
   106.500000       270.429901    
   106.750000       271.431183    
   107.000000       272.745697    
   107.250000       274.402283    
   107.500000       276.423645    
   107.750000       278.831024    
   108.000000       281.645721    
   108.250000       284.907928    
   108.500000       288.734192    
   108.750000       293.259918    
   109.000000       298.620697    
   109.250000       304.945313    
   109.500000       312.335815    
   109.750000       320.887512    
   110.000000       330.695709    
   110.250000       341.831512    
   110.500000       354.268738    
   110.750000       367.956909    
   111.000000       382.845703    
   111.250000       398.872467    
   111.500000       415.926056    
   111.750000       433.883240    
   112.000000       452.620697    
   112.250000       472.028625    
   112.500000       492.051239    
   112.750000       512.646118    
   113.000000       533.770752    
   113.250000       555.386047    
   113.500000       577.465210    
   113.750000       599.984619    
   114.000000       622.920715    
   114.250000       646.202393    
   114.500000       669.568726    
   114.750000       692.711060    
   115.000000       715.320740    
   115.250000       737.142151    
   115.500000       758.131104    
   115.750000       778.296143    
   116.000000       797.645752    
   116.250000       816.247742    
   116.500000       834.406311    
   116.750000       852.484497    
   117.000000       870.845764    
   117.250000       889.807373    
   117.500000       909.502808    
   117.750000       930.019714    
   118.000000       951.445740    
   118.250000       973.843506    
   118.500000       997.175842    
   118.750000       1021.38068    
   119.000000       1046.39575    
   119.250000       1072.21484    
   119.500000       1099.05566    
   119.750000       1127.19141    
   120.000000       1156.89563    
   120.250000       1188.39868    
   120.500000       1221.75977    
   120.750000       1256.99500    
   121.000000       1294.12073    
   121.250000       1333.03699    
   121.500000       1373.17932    
   121.750000       1413.86731    
   122.000000       1454.42065    
   122.250000       1494.28906    
   122.500000       1533.44385    
   122.750000       1571.98706    
   123.000000       1610.02063    
   123.250000       1647.72131    
   123.500000       1685.56592    
   123.750000       1724.10681    
   124.000000       1763.89563    
   124.250000       1805.33252    
   124.500000       1848.20984    
   124.750000       1892.16748    
   125.000000       1936.84570    
   125.250000       1981.85120    
   125.500000       2026.65637    
   125.750000       2070.69995    
   126.000000       2113.42065    
   126.250000       2154.33716    
   126.500000       2193.28857    
   126.750000       2230.19360    
   127.000000       2264.97070    
   127.250000       2297.52808    
   127.500000       2327.72900    
   127.750000       2355.42578    
   128.000000       2380.47070    
   128.250000       2402.78418    
   128.500000       2422.55737    
   128.750000       2440.04980    
   129.000000       2455.52100    
   129.250000       2469.15454    
   129.500000       2480.83228    
   129.750000       2490.36060    
   130.000000       2497.54565    
   130.250000       2502.20532    
   130.500000       2504.20386    
   130.750000       2503.41699    
   131.000000       2499.72070    
   131.250000       2493.10547    
   131.500000       2484.02051    
   131.750000       2473.02930    
   132.000000       2460.69580    
   132.250000       2447.43579    
   132.500000       2433.07324    
   132.750000       2417.28491    
   133.000000       2399.74585    
   133.250000       2380.19189    
   133.500000       2358.59497    
   133.750000       2334.98584    
   134.000000       2309.39600    
   134.250000       2281.84448    
   134.500000       2252.30347    
   134.750000       2220.73364    
   135.000000       2187.09595    
   135.250000       2151.36353    
   135.500000       2113.56104    
   135.750000       2073.72583    
   136.000000       2031.89575    
   136.250000       1988.21863    
   136.500000       1943.28687    
   136.750000       1897.80322    
   137.000000       1852.47070    
   137.250000       1807.80310    
   137.500000       1763.55652    
   137.750000       1719.29834    
   138.000000       1674.59558    
   138.250000       1629.07788    
   138.500000       1582.62634    
   138.750000       1535.18433    
   139.000000       1486.69568    
   139.250000       1437.22217    
   139.500000       1387.29932    
   139.750000       1337.58105    
   140.000000       1288.72070    
   140.250000       1241.34937    
   140.500000       1196.00635    
   140.750000       1153.20801    
   141.000000       1113.47070    
   141.250000       1077.02344    
   141.500000       1042.94617    
   141.750000       1010.03101    
   142.000000       977.070740    
   142.250000       943.014587    
   142.500000       907.439758    
   142.750000       870.080383    
   143.000000       830.670715    
   143.250000       789.329651    
   143.500000       747.716187    
   143.750000       707.873657    
   144.000000       671.845764    
   144.250000       641.071350    
   144.500000       614.570007    
   144.750000       590.756531    
   145.000000       568.045715    
   145.250000       545.031189    
   145.500000       521.021912    
   145.750000       495.505798    
   146.000000       467.970703    
   146.250000       438.287231    
   146.500000       407.857178    
   146.750000       378.465179    
   147.000000       351.895721    
   147.250000       329.494904    
   147.500000       310.854797    
   147.750000       295.128876    
   148.000000       281.470734    
   148.250000       269.133972    
   148.500000       257.772919    
   148.750000       247.142014    
   149.000000       236.995712    
   149.250000       227.202530    
   149.500000       218.087234    
   149.750000       210.088669    
   150.000000       203.645721    
   150.250000       198.988831    
   150.500000       195.514999    
   150.750000       192.412781    
   151.000000       188.870728    
   151.250000       184.228165    
   151.500000       178.427124    
   151.750000       171.560379    
   152.000000       163.720734    
   152.250000       155.022110    
   152.500000       145.663391    
   152.750000       135.864578    

 "IV theory
   54.2500000       76.3956757    
   54.5000000       81.3054657    
   54.7500000       86.5345612    
   55.0000000       92.0715332    
   55.2500000       97.9000168    
   55.5000000       103.983910    
   55.7500000       110.282181    
   56.0000000       116.753754    
   56.2500000       123.355698    
   56.5000000       130.037384    
   56.7500000       136.746216    
   57.0000000       143.429688    
   57.2500000       150.035706    
   57.5000000       156.514069    
   57.7500000       162.815048    
   58.0000000       168.888916    
   58.2500000       174.689255    
   58.5000000       180.182785    
   58.7500000       185.339554    
   59.0000000       190.129562    
   59.2500000       194.527847    
   59.5000000       198.529297    
   59.7500000       202.133896    
   60.0000000       205.341476    
   60.2500000       208.153839    
   60.5000000       210.580048    
   60.7500000       212.631042    
   61.0000000       214.317734    
   61.2500000       215.650925    
   61.5000000       216.640869    
   61.7500000       217.297638    
   62.0000000       217.631302    
   62.2500000       217.652206    
   62.5000000       217.371536    
   62.7500000       216.800644    
   63.0000000       215.950989    
   63.2500000       214.834183    
   63.5000000       213.462891    
   63.7500000       211.849991    
   64.0000000       210.008423    
   64.2500000       207.951157    
   64.5000000       205.691605    
   64.7500000       203.243286    
   65.0000000       200.619675    
   65.2500000       197.834305    
   65.5000000       194.900635    
   65.7500000       191.832001    
   66.0000000       188.641861    
   66.2500000       185.343582    
   66.5000000       181.950256    
   66.7500000       178.474854    
   67.0000000       174.930389    
   67.2500000       171.329819    
   67.5000000       167.685577    
   67.7500000       164.010086    
   68.0000000       160.315796    
   68.2500000       156.614975    
   68.5000000       152.919876    
   68.7500000       149.242615    
   69.0000000       145.595367    
   69.2500000       141.990311    
   69.5000000       138.439621    
   69.7500000       134.955505    
   70.0000000       131.550171    
   70.2500000       128.235901    
   70.5000000       125.025215    
   70.7500000       121.930740    
   71.0000000       118.965057    
   71.2500000       116.140877    
   71.5000000       113.471146    
   71.7500000       110.968933    
   72.0000000       108.647301    
   72.2500000       106.519386    
   72.5000000       104.598808    
   72.7500000       102.899254    
   73.0000000       101.434448    
   73.2500000       100.217781    
   73.5000000       99.2614441    
   73.7500000       98.5773087    
   74.0000000       98.1772156    
   74.2500000       98.0698242    
   74.5000000       98.2508316    
   74.7500000       98.7126465    
   75.0000000       99.4477463    
   75.2500000       100.443787    
   75.5000000       101.669258    
   75.7500000       103.087883    
   76.0000000       104.663353    
   76.2500000       106.357498    
   76.5000000       108.124649    
   76.7500000       109.917229    
   77.0000000       111.687698    
   77.2500000       113.389008    
   77.5000000       114.976227    
   77.7500000       116.404930    
   78.0000000       117.630692    
   78.2500000       118.612984    
   78.5000000       119.326889    
   78.7500000       119.751335    
   79.0000000       119.865318    
   79.2500000       119.653648    
   79.5000000       119.124657    
   79.7500000       118.292549    
   80.0000000       117.171509    
   80.2500000       115.777916    
   80.5000000       114.136925    
   80.7500000       112.275856    
   81.0000000       110.222054    
   81.2500000       108.002594    
   81.5000000       105.643532    
   81.7500000       103.170692    
   82.0000000       100.609894    
   82.2500000       97.9862518    
   82.5000000       95.3221054    
   82.7500000       92.6391373    
   83.0000000       89.9589767    
   83.2500000       87.3021927    
   83.5000000       84.6847992    
   83.7500000       82.1217499    
   84.0000000       79.6279602    
   84.2500000       77.2179642    
   84.5000000       74.9047165    
   84.7500000       72.7007828    
   85.0000000       70.6187057    
   85.2500000       68.6710434    
   85.5000000       66.8702774    
   85.7500000       65.2288742    
   86.0000000       63.7592926    
   86.2500000       62.4734802    
   86.5000000       61.3812752    
   86.7500000       60.4920082    
   87.0000000       59.8149834    
   87.2500000       59.3587494    
   87.5000000       59.1287498    
   87.7500000       59.1296616    
   88.0000000       59.3661385    
   88.2500000       59.8426018    
   88.5000000       60.5623894    
   88.7500000       61.5286064    
   89.0000000       62.7443352    
   89.2500000       64.2125931    
   89.5000000       65.9361267    
   89.7500000       67.9176025    
   90.0000000       70.1596832    
   90.2500000       72.6640320    
   90.5000000       75.4282761    
   90.7500000       78.4490128    
   91.0000000       81.7228394    
   91.2500000       85.2448807    
   91.5000000       89.0042877    
   91.7500000       92.9887238    
   92.0000000       97.1858673    
   92.2500000       101.582787    
   92.5000000       106.164337    
   92.7500000       110.914803    
   93.0000000       115.818466    
   93.2500000       120.859665    
   93.5000000       126.023125    
   93.7500000       131.293625    
   94.0000000       136.655945    
   94.2500000       142.095261    
   94.5000000       147.598282    
   94.7500000       153.152130    
   95.0000000       158.743942    
   95.2500000       164.361404    
   95.5000000       169.994614    
   95.7500000       175.634232    
   96.0000000       181.270966    
   96.2500000       186.895706    
   96.5000000       192.500320    
   96.7500000       198.076935    
   97.0000000       203.617661    
   97.2500000       209.114471    
   97.5000000       214.559113    
   97.7500000       219.943024    
   98.0000000       225.257797    
   98.2500000       230.494232    
   98.5000000       235.639923    
   98.7500000       240.681702    
   99.0000000       245.606369    
   99.2500000       250.399612    
   99.5000000       255.042480    
   99.7500000       259.514771    
   100.000000       263.796478    
   100.250000       267.866882    
   100.500000       271.703369    
   100.750000       275.282715    
   101.000000       278.581818    
   101.250000       281.577759    
   101.500000       284.249146    
   101.750000       286.574615    
   102.000000       288.533020    
   102.250000       290.106232    
   102.500000       291.288269    
   102.750000       292.076202    
   103.000000       292.467163    
   103.250000       292.462769    
   103.500000       292.083038    
   103.750000       291.352448    
   104.000000       290.295624    
   104.250000       288.938690    
   104.500000       287.314484    
   104.750000       285.457489    
   105.000000       283.402161    
   105.250000       281.182953    
   105.500000       278.834412    
   105.750000       276.391052    
   106.000000       273.887421    
   106.250000       271.359711    
   106.500000       268.850952    
   106.750000       266.405853    
   107.000000       264.069092    
   107.250000       261.887848    
   107.500000       259.918823    
   107.750000       258.221283    
   108.000000       256.854431    
   108.250000       255.878479    
   108.500000       255.357773    
   108.750000       255.357681    
   109.000000       255.943634    
   109.250000       257.180420    
   109.500000       259.130768    
   109.750000       261.856689    
   110.000000       265.420380    
   110.250000       269.879059    
   110.500000       275.270203    
   110.750000       281.626556    
   111.000000       288.980743    
   111.250000       297.358032    
   111.500000       306.754303    
   111.750000       317.158051    
   112.000000       328.557709    
   112.250000       340.939087    
   112.500000       354.277191    
   112.750000       368.544250    
   113.000000       383.712555    
   113.250000       399.754578    
   113.500000       416.643219    
   113.750000       434.351593    
   114.000000       452.852722    
   114.250000       472.118652    
   114.500000       492.116608    
   114.750000       512.812927    
   115.000000       534.173950    
   115.250000       556.164307    
   115.500000       578.742615    
   115.750000       601.866028    
   116.000000       625.491455    
   116.250000       649.575378    
   116.500000       674.071106    
   116.750000       698.931335    
   117.000000       724.108765    
   117.250000       749.556580    
   117.500000       775.230713    
   117.750000       801.087463    
   118.000000       827.083496    
   118.250000       853.181396    
   118.500000       879.369080    
   118.750000       905.640381    
   119.000000       931.989624    
   119.250000       958.420044    
   119.500000       984.971802    
   119.750000       1011.69470    
   120.000000       1038.63818    
   120.250000       1065.85547    
   120.500000       1093.41504    
   120.750000       1121.38892    
   121.000000       1149.84888    
   121.250000       1178.86584    
   121.500000       1208.50452    
   121.750000       1238.82813    
   122.000000       1269.89954    
   122.250000       1301.77039    
   122.500000       1334.44189    
   122.750000       1367.90381    
   123.000000       1402.14514    
   123.250000       1437.13708    
   123.500000       1472.77698    
   123.750000       1508.94336    
   124.000000       1545.51465    
   124.250000       1582.36279    
   124.500000       1619.33203    
   124.750000       1656.25928    
   125.000000       1692.98108    
   125.250000       1729.33606    
   125.500000       1765.16577    
   125.750000       1800.31421    
   126.000000       1834.62402    
   126.250000       1867.94336    
   126.500000       1900.13831    
   126.750000       1931.07996    
   127.000000       1960.63892    
   127.250000       1988.69421    
   127.500000       2015.15198    
   127.750000       2039.92773    
   128.000000       2062.93530    
   128.250000       2084.09204    
   128.500000       2103.32373    
   128.750000       2120.55933    
   129.000000       2135.72876    
   129.250000       2148.76025    
   129.500000       2159.58740    
   129.750000       2168.14331    
   130.000000       2174.35986    
   130.250000       2178.18164    
   130.500000       2179.59058    
   130.750000       2178.57983    
   131.000000       2175.14160    
   131.250000       2169.28345    
   131.500000       2161.07178    
   131.750000       2150.58643    
   132.000000       2137.90869    
   132.250000       2123.12402    
   132.500000       2106.34131    
   132.750000       2087.67358    
   133.000000       2067.23608    
   133.250000       2045.14063    
   133.500000       2021.49707    
   133.750000       1996.41467    
   134.000000       1970.00208    
   134.250000       1942.36438    
   134.500000       1913.59143    
   134.750000       1883.76953    
   135.000000       1852.98462    
   135.250000       1821.31750    
   135.500000       1788.82446    
   135.750000       1755.55713    
   136.000000       1721.56653    
   136.250000       1686.90125    
   136.500000       1651.60181    
   136.750000       1615.70593    
   137.000000       1579.25146    
   137.250000       1542.27686    
   137.500000       1504.82190    
   137.750000       1466.92688    
   138.000000       1428.63245    
   138.250000       1389.98059    
   138.500000       1351.02368    
   138.750000       1311.81555    
   139.000000       1272.41052    
   139.250000       1232.86646    
   139.500000       1193.25476    
   139.750000       1153.65063    
   140.000000       1114.12939    
   140.250000       1074.76746    
   140.500000       1035.64685    
   140.750000       996.851196    
   141.000000       958.463745    
   141.250000       920.567688    
   141.500000       883.244019    
   141.750000       846.573608    
   142.000000       810.637024    
   142.250000       775.511169    
   142.500000       741.258301    
   142.750000       707.936646    
   143.000000       675.604553    
   143.250000       644.314880    
   143.500000       614.097839    
   143.750000       584.977966    
   144.000000       556.980042    
   144.250000       530.126526    
   144.500000       504.432251    
   144.750000       479.910126    
   145.000000       456.572815    
   145.250000       434.433044    
   145.500000       413.502197    
   145.750000       393.791534    
   146.000000       375.312317    
   146.250000       358.070984    
   146.500000       342.054962    
   146.750000       327.246887    
   147.000000       313.629456    
   147.250000       301.178436    
   147.500000       289.841522    
   147.750000       279.559570    
   148.000000       270.273407    
   148.250000       261.921143    
   148.500000       254.430176    
   148.750000       247.725296    
   149.000000       241.731216    
   149.250000       236.373245    
   149.500000       231.578705    
   149.750000       227.275406    
   150.000000       223.391190    
   150.250000       219.856964    
   150.500000       216.615753    
   150.750000       213.613617    
   151.000000       210.796631    
   151.250000       208.115570    
   151.500000       205.539734    
   151.750000       203.043106    
   152.000000       200.599762    
   152.250000       198.185287    
   152.500000       195.781952    
   152.750000       193.373718    

