TitleText: Ni(001)-(5x5)-Li     Beam (4/5,2/5)            Rfac10=0.4166
 "IV exp
   48.2500000       4073.05615    
   48.5000000       4090.01563    
   48.7500000       4116.64600    
   49.0000000       4157.78223    
   49.2500000       4219.16162    
   49.5000000       4310.12061    
   49.7500000       4440.89795    
   50.0000000       4621.73242    
   50.2500000       4864.51904    
   50.5000000       5187.78369    
   50.7500000       5611.71045    
   51.0000000       6156.48193    
   51.2500000       6841.91650    
   51.5000000       7686.36865    
   51.7500000       8707.82813    
   52.0000000       9924.28223    
   52.2500000       11344.3818    
   52.5000000       12939.4102    
   52.7500000       14671.3125    
   53.0000000       16502.0313    
   53.2500000       18395.6543    
   53.5000000       20324.8418    
   53.7500000       22264.3828    
   54.0000000       24189.0801    
   54.2500000       26077.6016    
   54.5000000       27924.1016    
   54.7500000       29726.6016    
   55.0000000       31483.1309    
   55.2500000       33184.8242    
   55.5000000       34795.3086    
   55.7500000       36271.3008    
   56.0000000       37569.5313    
   56.2500000       38648.5234    
   56.5000000       39473.9219    
   56.7500000       40013.1641    
   57.0000000       40233.6836    
   57.2500000       40113.0000    
   57.5000000       39669.0000    
   57.7500000       38929.6719    
   58.0000000       37922.9844    
   58.2500000       36676.4531    
   58.5000000       35215.7070    
   58.7500000       33565.9141    
   59.0000000       31752.2324    
   59.2500000       29796.4297    
   59.5000000       27706.6523    
   59.7500000       25487.6523    
   60.0000000       23144.1816    
   60.2500000       20692.0313    
   60.5000000       18191.1680    
   60.7500000       15712.6162    
   61.0000000       13327.3828    
   61.2500000       11104.9043    
   61.5000000       9108.28418    
   61.7500000       7399.04395    
   62.0000000       6038.70703    
   62.2500000       5067.97266    
   62.5000000       4444.25635    
   62.7500000       4104.15283    
   63.0000000       3984.25732    
   63.2500000       4036.31836    
   63.5000000       4272.70605    
   63.7500000       4720.94385    
   64.0000000       5408.55713    
   64.2500000       6364.42920    
   64.5000000       7622.88232    
   64.7500000       9219.59863    
   65.0000000       11190.2578    
   65.2500000       13547.7861    
   65.5000000       16214.0869    
   65.7500000       19088.3047    
   66.0000000       22069.5820    
   66.2500000       25076.1426    
   66.5000000       28102.4961    
   66.7500000       31162.2324    
   67.0000000       34268.9336    
   67.2500000       37430.6563    
   67.5000000       40633.3672    
   67.7500000       43857.5000    
   68.0000000       47083.4844    
   68.2500000       50280.0039    
   68.5000000       53368.7188    
   68.7500000       56259.5430    
   69.0000000       58862.3828    
   69.2500000       61105.0156    
   69.5000000       62986.6992    
   69.7500000       64524.5469    
   70.0000000       65735.6797    
   70.2500000       66635.8828    
   70.5000000       67235.5234    
   70.7500000       67543.6250    
   71.0000000       67569.2344    
   71.2500000       67315.4453    
   71.5000000       66761.7422    
   71.7500000       65881.6563    
   72.0000000       64648.7617    
   72.2500000       63050.0898    
   72.5000000       61126.6758    
   72.7500000       58933.0547    
   73.0000000       56523.7578    
   73.2500000       53951.5234    
   73.5000000       51261.9453    
   73.7500000       48498.8125    
   74.0000000       45705.9336    
   74.2500000       42915.8320    
   74.5000000       40115.9414    
   74.7500000       37282.4219    
   75.0000000       34391.4336    
   75.2500000       31428.3066    
   75.5000000       28415.0527    
   75.7500000       25382.8457    
   76.0000000       22362.8574    
   76.2500000       19393.6152    
   76.5000000       16543.0215    
   76.7500000       13886.3281    
   77.0000000       11498.7822    
   77.2500000       9446.21777    
   77.5000000       7756.78906    
   77.7500000       6449.23242    
   78.0000000       5542.28223    
   78.2500000       5035.44189    
   78.5000000       4851.28174    
   78.7500000       4893.14063    
   79.0000000       5064.35742    
   79.2500000       5275.92236    
   79.5000000       5469.43701    
   79.7500000       5594.15527    
   80.0000000       5599.33203    
   80.2500000       5453.22510    
   80.5000000       5200.11133    
   80.7500000       4903.27002    
   81.0000000       4625.98242    
   81.2500000       4420.91309    
   81.5000000       4298.26465    
   81.7500000       4257.62549    
   82.0000000       4298.58252    
   82.2500000       4411.37695    
   82.5000000       4548.86768    
   82.7500000       4654.56543    
   83.0000000       4671.98242    
   83.2500000       4560.38281    
   83.5000000       4342.04053    
   83.7500000       4054.98145    
   84.0000000       3737.23242    
   84.2500000       3425.42188    
   84.5000000       3150.58984    
   84.7500000       2942.37891    
   85.0000000       2830.43213    
   85.2500000       2832.00513    
   85.5000000       2914.80640    
   85.7500000       3034.15820    
   86.0000000       3145.38232    
   86.2500000       3213.38281    
   86.5000000       3241.39355    
   86.7500000       3242.22974    
   87.0000000       3228.70728    
   87.2500000       3211.67969    
   87.5000000       3194.15088    
   87.7500000       3177.16260    
   88.0000000       3161.75732    
   88.2500000       3149.78857    
   88.5000000       3146.36206    
   88.7500000       3157.39575    
   89.0000000       3188.80713    
   89.2500000       3254.44702    
   89.5000000       3399.89404    
   89.7500000       3678.66016    
   90.0000000       4144.25732    
   90.2500000       4844.84521    
   90.5000000       5807.17920    
   90.7500000       7052.66504    
   91.0000000       8602.70703    
   91.2500000       10477.1650    
   91.5000000       12689.7217    
   91.7500000       15252.5146    
   92.0000000       18177.6816    
   92.2500000       21475.1855    
   92.5000000       25146.2773    
   92.7500000       29190.0332    
   93.0000000       33605.5313    
   93.2500000       38372.2461    
   93.5000000       43391.2617    
   93.7500000       48544.0547    
   94.0000000       53712.1094    
   94.2500000       58779.6797    
   94.5000000       63642.0898    
   94.7500000       68197.4453    
   95.0000000       72343.8516    
   95.2500000       76012.3750    
   95.5000000       79265.9297    
   95.7500000       82200.4063    
   96.0000000       84911.7109    
   96.2500000       87476.6953    
   96.5000000       89896.1641    
   96.7500000       92151.9063    
   97.0000000       94225.7109    
   97.2500000       96092.2500    
   97.5000000       97697.7891    
   97.7500000       98981.4609    
   98.0000000       99882.4297    
   98.2500000       100358.047    
   98.5000000       100438.516    
   98.7500000       100172.242    
   99.0000000       99607.6484    
   99.2500000       98786.6797    
   99.5000000       97725.5000    
   99.7500000       96433.7734    
   100.000000       94921.2266    
   100.250000       93196.4844    
   100.500000       91264.1016    
   100.750000       89127.5469    
   101.000000       86790.3203    
   101.250000       84251.6953    
   101.500000       81494.0469    
   101.750000       78495.5625    
   102.000000       75234.4297    
   102.250000       71699.2422    
   102.500000       67920.3828    
   102.750000       63938.6641    
   103.000000       59794.8867    
   103.250000       55538.9766    
   103.500000       51257.2578    
   103.750000       47045.1641    
   104.000000       42998.1328    
   104.250000       39192.1875    
   104.500000       35625.7500    
   104.750000       32277.8262    
   105.000000       29127.4316    
   105.250000       26156.5039    
   105.500000       23358.6563    
   105.750000       20730.4336    
   106.000000       18268.3809    
   106.250000       15979.6631    
   106.500000       13913.9600    
   106.750000       12131.5801    
   107.000000       10692.8330    
   107.250000       9634.98828    
   107.500000       8903.17480    
   107.750000       8419.48438    
   108.000000       8106.00732    
   108.250000       7892.38965    
   108.500000       7738.48340    
   108.750000       7611.69531    
   109.000000       7479.43213    
   109.250000       7316.11768    
   109.500000       7124.25146    
   109.750000       6913.35059    

 "IV theory
   48.2500000       14589.5820    
   48.5000000       15291.0313    
   48.7500000       16059.4678    
   49.0000000       16903.9805    
   49.2500000       17833.5098    
   49.5000000       18856.3945    
   49.7500000       19980.8105    
   50.0000000       21214.9453    
   50.2500000       22565.6113    
   50.5000000       24034.1465    
   50.7500000       25620.5215    
   51.0000000       27324.7051    
   51.2500000       29144.6191    
   51.5000000       31070.0078    
   51.7500000       33088.5625    
   52.0000000       35187.9766    
   52.2500000       37355.1719    
   52.5000000       39573.9961    
   52.7500000       41827.5195    
   53.0000000       44098.8164    
   53.2500000       46371.0703    
   53.5000000       48627.8984    
   53.7500000       50853.0313    
   54.0000000       53030.2109    
   54.2500000       55143.6016    
   54.5000000       57179.2109    
   54.7500000       59123.4688    
   55.0000000       60962.8281    
   55.2500000       62684.4375    
   55.5000000       64278.3555    
   55.7500000       65735.3125    
   56.0000000       67046.0781    
   56.2500000       68201.6250    
   56.5000000       69193.8047    
   56.7500000       70014.6875    
   57.0000000       70656.4063    
   57.2500000       71111.1328    
   57.5000000       71371.6016    
   57.7500000       71430.7266    
   58.0000000       71281.3906    
   58.2500000       70918.0859    
   58.5000000       70341.9766    
   58.7500000       69555.8203    
   59.0000000       68562.3906    
   59.2500000       67366.9141    
   59.5000000       65984.3594    
   59.7500000       64432.1133    
   60.0000000       62727.5898    
   60.2500000       60889.1211    
   60.5000000       58938.7969    
   60.7500000       56899.6133    
   61.0000000       54794.5977    
   61.2500000       52646.5781    
   61.5000000       50477.6094    
   61.7500000       48309.6055    
   62.0000000       46164.4453    
   62.2500000       44062.8828    
   62.5000000       42021.1055    
   62.7500000       40054.1445    
   63.0000000       38177.0391    
   63.2500000       36403.1133    
   63.5000000       34738.6602    
   63.7500000       33188.2695    
   64.0000000       31756.5156    
   64.2500000       30447.3477    
   64.5000000       29262.2441    
   64.7500000       28202.0527    
   65.0000000       27267.6289    
   65.2500000       26459.7969    
   65.5000000       25779.2500    
   65.7500000       25226.6641    
   66.0000000       24802.7070    
   66.2500000       24507.1328    
   66.5000000       24336.0352    
   66.7500000       24284.5879    
   67.0000000       24347.9648    
   67.2500000       24520.0176    
   67.5000000       24789.2754    
   67.7500000       25142.9395    
   68.0000000       25568.2188    
   68.2500000       26051.7813    
   68.5000000       26578.2148    
   68.7500000       27131.5684    
   69.0000000       27695.8984    
   69.2500000       28255.4063    
   69.5000000       28794.9063    
   69.7500000       29299.3477    
   70.0000000       29753.6914    
   70.2500000       30144.0352    
   70.5000000       30461.0117    
   70.7500000       30696.3867    
   71.0000000       30841.9453    
   71.2500000       30891.1602    
   71.5000000       30844.3711    
   71.7500000       30703.6191    
   72.0000000       30470.9609    
   72.2500000       30149.0645    
   72.5000000       29743.1387    
   72.7500000       29259.0215    
   73.0000000       28702.5449    
   73.2500000       28079.5000    
   73.5000000       27395.4883    
   73.7500000       26656.0566    
   74.0000000       25866.7598    
   74.2500000       25033.2363    
   74.5000000       24161.4531    
   74.7500000       23257.4727    
   75.0000000       22327.3457    
   75.2500000       21377.2227    
   75.5000000       20413.6289    
   75.7500000       19443.1797    
   76.0000000       18472.4922    
   76.2500000       17508.2441    
   76.5000000       16557.3262    
   76.7500000       15626.6855    
   77.0000000       14723.2705    
   77.2500000       13853.9629    
   77.5000000       13025.3613    
   77.7500000       12244.0039    
   78.0000000       11516.4189    
   78.2500000       10848.4424    
   78.5000000       10243.1250    
   78.7500000       9702.81641    
   79.0000000       9229.86719    
   79.2500000       8825.58984    
   79.5000000       8487.14844    
   79.7500000       8210.66504    
   80.0000000       7992.26270    
   80.2500000       7827.67529    
   80.5000000       7711.06738    
   80.7500000       7636.21143    
   81.0000000       7596.87939    
   81.2500000       7586.90430    
   81.5000000       7600.35303    
   81.7500000       7631.35107    
   82.0000000       7674.02490    
   82.2500000       7722.76611    
   82.5000000       7773.03271    
   82.7500000       7820.54736    
   83.0000000       7861.03320    
   83.2500000       7890.63037    
   83.5000000       7907.14551    
   83.7500000       7908.80225    
   84.0000000       7893.82324    
   84.2500000       7860.57227    
   84.5000000       7807.96826    
   84.7500000       7735.06934    
   85.0000000       7640.93604    
   85.2500000       7524.66406    
   85.5000000       7385.50293    
   85.7500000       7222.74072    
   86.0000000       7035.66602    
   86.2500000       6824.11377    
   86.5000000       6590.11230    
   86.7500000       6336.24023    
   87.0000000       6065.07275    
   87.2500000       5779.98926    
   87.5000000       5487.58252    
   87.7500000       5195.24561    
   88.0000000       4910.37158    
   88.2500000       4640.67773    
   88.5000000       4395.16602    
   88.7500000       4183.16113    
   89.0000000       4013.98877    
   89.2500000       3896.86084    
   89.5000000       3840.54272    
   89.7500000       3853.68823    
   90.0000000       3944.94946    
   90.2500000       4122.07031    
   90.5000000       4389.15479    
   90.7500000       4749.39648    
   91.0000000       5205.98877    
   91.2500000       5760.76074    
   91.5000000       6410.07227    
   91.7500000       7148.91895    
   92.0000000       7972.29395    
   92.2500000       8874.68457    
   92.5000000       9848.53809    
   92.7500000       10885.7969    
   93.0000000       11978.3965    
   93.2500000       13118.3359    
   93.5000000       14297.8320    
   93.7500000       15509.1582    
   94.0000000       16744.5879    
   94.2500000       17996.5176    
   94.5000000       19257.8301    
   94.7500000       20521.5313    
   95.0000000       21780.6270    
   95.2500000       23028.3281    
   95.5000000       24258.6758    
   95.7500000       25465.9141    
   96.0000000       26644.2891    
   96.2500000       27788.1055    
   96.5000000       28891.9180    
   96.7500000       29950.3301    
   97.0000000       30957.9551    
   97.2500000       31909.4473    
   97.5000000       32799.6406    
   97.7500000       33623.4180    
   98.0000000       34375.6641    
   98.2500000       35051.8008    
   98.5000000       35649.4258    
   98.7500000       36166.6992    
   99.0000000       36601.7578    
   99.2500000       36953.5586    
   99.5000000       37224.2969    
   99.7500000       37416.9688    
   100.000000       37534.5703    
   100.250000       37580.4063    
   100.500000       37558.9609    
   100.750000       37475.0313    
   101.000000       37333.3945    
   101.250000       37138.8320    
   101.500000       36896.0352    
   101.750000       36609.6992    
   102.000000       36284.4922    
   102.250000       35925.1992    
   102.500000       35536.9531    
   102.750000       35124.9766    
   103.000000       34694.5195    
   103.250000       34250.9141    
   103.500000       33800.0078    
   103.750000       33347.7461    
   104.000000       32900.0977    
   104.250000       32463.0645    
   104.500000       32042.8789    
   104.750000       31645.8184    
   105.000000       31278.1641    
   105.250000       30946.1660    
   105.500000       30655.9395    
   105.750000       30413.5664    
   106.000000       30225.1348    
   106.250000       30096.4258    
   106.500000       30032.0332    
   106.750000       30036.2402    
   107.000000       30113.3398    
   107.250000       30267.1680    
   107.500000       30499.7559    
   107.750000       30812.6797    
   108.000000       31207.5215    
   108.250000       31685.6953    
   108.500000       32248.0137    
   108.750000       32895.1211    
   109.000000       33627.6680    
   109.250000       34446.2773    
   109.500000       35351.4258    
   109.750000       36343.5625    

