TitleText: Ni(001)-(5x5)-Li     Beam (4/5,3/5)            Rfac10=0.7190
 "IV exp
   68.2500000       52.1924019    
   68.5000000       59.4554939    
   68.7500000       66.5011292    
   69.0000000       73.2205811    
   69.2500000       79.5154114    
   69.5000000       85.3283539    
   69.7500000       90.6124039    
   70.0000000       95.3205719    
   70.2500000       99.3932343    
   70.5000000       102.720192    
   70.7500000       105.178589    
   71.0000000       106.645584    
   71.2500000       107.042526    
   71.5000000       106.467491    
   71.7500000       105.062752    
   72.0000000       102.970581    
   72.2500000       100.336342    
   72.5000000       97.3177261    
   72.7500000       94.0755463    
   73.0000000       90.7705841    
   73.2500000       87.5180359    
   73.5000000       84.2507172    
   73.7500000       80.8558273    
   74.0000000       77.2205734    
   74.2500000       73.2669296    
   74.5000000       69.0559921    
   74.7500000       64.6835938    
   75.0000000       60.2455788    
   75.2500000       55.8513412    
   75.5000000       51.6643944    
   75.7500000       47.8617973    
   76.0000000       44.6205826    
   76.2500000       42.0535126    
   76.5000000       40.0161514    
   76.7500000       38.2997513    
   77.0000000       36.6955833    
   77.2500000       35.0233307    
   77.5000000       33.2163773    
   77.7500000       31.2365265    
   78.0000000       29.0455818    
   78.2500000       26.6418896    
   78.5000000       24.1699600    
   78.7500000       21.8108425    
   79.0000000       19.7455826    
   79.2500000       18.1208820    
   79.5000000       16.9460258    
   79.7500000       16.1959476    
   80.0000000       15.8455811    
   80.2500000       15.8594017    
   80.5000000       16.1600533    
   80.7500000       16.6597195    
   81.0000000       17.2705822    
   81.2500000       17.9083576    
   81.5000000       18.5028744    
   81.7500000       18.9874954    
   82.0000000       19.2955818    
   82.2500000       19.3814392    
   82.5000000       19.2831860    
   82.7500000       19.0598793    
   83.0000000       18.7705822    
   83.2500000       18.4784336    
   83.5000000       18.2628727    
   83.7500000       18.2074165    
   84.0000000       18.3955822    
   84.2500000       18.8970680    
   84.5000000       19.7263145    
   84.7500000       20.8839455    
   85.0000000       22.3705826    
   85.2500000       24.1829605    
   85.5000000       26.3022385    
   85.7500000       28.7056885    
   86.0000000       31.3705826    
   86.2500000       34.2555237    
   86.5000000       37.2444763    
   86.7500000       40.2027321    
   87.0000000       42.9955826    
   87.2500000       45.5207787    
   87.5000000       47.8058510    
   87.7500000       49.9107857    
   88.0000000       51.8955803    
   88.2500000       53.8290024    
   88.5000000       55.8149910    
   88.7500000       57.9662743    
   89.0000000       60.3955803    
   89.2500000       63.1706848    
   89.5000000       66.1795502    
   89.7500000       69.2651749    
   90.0000000       72.2705765    
   90.2500000       75.0644684    
   90.5000000       77.6184158    
   90.7500000       79.9296951    
   91.0000000       81.9955750    
   91.2500000       83.8288803    
   91.5000000       85.5046082    
   91.7500000       87.1133270    
   92.0000000       88.7455750    
   92.2500000       90.4895554    
   92.5000000       92.4240875    
   92.7500000       94.6256104    
   93.0000000       97.1705780    
   93.2500000       100.110550    
   93.5000000       103.397499    
   93.7500000       106.958488    
   94.0000000       110.720581    
   94.2500000       114.603035    
   94.5000000       118.493782    
   94.7500000       122.272926    
   95.0000000       125.820580    
   95.2500000       129.035172    
   95.5000000       131.888367    
   95.7500000       134.370163    
   96.0000000       136.470566    
   96.2500000       138.180923    
   96.5000000       139.498077    
   96.7500000       140.420242    
   97.0000000       140.945572    
   97.2500000       141.115707    
   97.5000000       141.145859    
   97.7500000       141.294601    
   98.0000000       141.820572    
   98.2500000       142.909744    
   98.5000000       144.457565    
   98.7500000       146.286880    
   99.0000000       148.220566    
   99.2500000       150.069534    
   99.5000000       151.597305    
   99.7500000       152.555450    
   100.000000       152.695572    
   100.250000       151.826111    
   100.500000       149.982864    
   100.750000       147.258484    
   101.000000       143.745575    
   101.250000       139.529114    
   101.500000       134.663406    
   101.750000       129.195023    
   102.000000       123.170578    
   102.250000       116.655457    
   102.500000       109.790108    
   102.750000       102.733742    
   103.000000       95.6455765    
   103.250000       88.6521912    
   103.500000       81.7496338    
   103.750000       74.9012985    
   104.000000       68.0705795    
   104.250000       61.2271957    
   104.500000       54.3660660    
   104.750000       47.4884453    
   105.000000       40.5955811    
   105.250000       33.6890831    
   105.500000       26.7720871    
   105.750000       19.8480835    

 "IV theory
   68.2500000       8.87038040    
   68.5000000       8.66271305    
   68.7500000       8.46490192    
   69.0000000       8.27686977    
   69.2500000       8.09853649    
   69.5000000       7.92980051    
   69.7500000       7.77054691    
   70.0000000       7.62066698    
   70.2500000       7.48000813    
   70.5000000       7.34825897    
   70.7500000       7.22506332    
   71.0000000       7.11006737    
   71.2500000       7.00285816    
   71.5000000       6.90277719    
   71.7500000       6.80910587    
   72.0000000       6.72112894    
   72.2500000       6.63810158    
   72.5000000       6.55918407    
   72.7500000       6.48351002    
   73.0000000       6.41021490    
   73.2500000       6.33844280    
   73.5000000       6.26737785    
   73.7500000       6.19621611    
   74.0000000       6.12414980    
   74.2500000       6.05045986    
   74.5000000       5.97476673    
   74.7500000       5.89677572    
   75.0000000       5.81619215    
   75.2500000       5.73284960    
   75.5000000       5.64709044    
   75.7500000       5.55938625    
   76.0000000       5.47020721    
   76.2500000       5.38007212    
   76.5000000       5.28969193    
   76.7500000       5.19982719    
   77.0000000       5.11123705    
   77.2500000       5.02467442    
   77.5000000       4.94085932    
   77.7500000       4.86050797    
   78.0000000       4.78433275    
   78.2500000       4.71301126    
   78.5000000       4.64707279    
   78.7500000       4.58700752    
   79.0000000       4.53330708    
   79.2500000       4.48640490    
   79.5000000       4.44650888    
   79.7500000       4.41376734    
   80.0000000       4.38832998    
   80.2500000       4.37032413    
   80.5000000       4.35979080    
   80.7500000       4.35674810    
   81.0000000       4.36121511    
   81.2500000       4.37321424    
   81.5000000       4.39279032    
   81.7500000       4.41999149    
   82.0000000       4.45486641    
   82.2500000       4.49749947    
   82.5000000       4.54811525    
   82.7500000       4.60697556    
   83.0000000       4.67434072    
   83.2500000       4.75052309    
   83.5000000       4.83604288    
   83.7500000       4.93147326    
   84.0000000       5.03738546    
   84.2500000       5.15437603    
   84.5000000       5.28313541    
   84.7500000       5.42437792    
   85.0000000       5.57881784    
   85.2500000       5.74715137    
   85.5000000       5.93000221    
   85.7500000       6.12797546    
   86.0000000       6.34167671    
   86.2500000       6.57153702    
   86.5000000       6.81728363    
   86.7500000       7.07847118    
   87.0000000       7.35465240    
   87.2500000       7.64512110    
   87.5000000       7.94812918    
   87.7500000       8.26166916    
   88.0000000       8.58373165    
   88.2500000       8.91220951    
   88.5000000       9.24458218    
   88.7500000       9.57823467    
   89.0000000       9.91054535    
   89.2500000       10.2389259    
   89.5000000       10.5608950    
   89.7500000       10.8740034    
   90.0000000       11.1757994    
   90.2500000       11.4640417    
   90.5000000       11.7373190    
   90.7500000       11.9944296    
   91.0000000       12.2341709    
   91.2500000       12.4556532    
   91.5000000       12.6592436    
   91.7500000       12.8456182    
   92.0000000       13.0154600    
   92.2500000       13.1695604    
   92.5000000       13.3091841    
   92.7500000       13.4357147    
   93.0000000       13.5505295    
   93.2500000       13.6549978    
   93.5000000       13.7504301    
   93.7500000       13.8381205    
   94.0000000       13.9193659    
   94.2500000       13.9954195    
   94.5000000       14.0673542    
   94.7500000       14.1362057    
   95.0000000       14.2030029    
   95.2500000       14.2687082    
   95.5000000       14.3340044    
   95.7500000       14.3994942    
   96.0000000       14.4657917    
   96.2500000       14.5334787    
   96.5000000       14.6030416    
   96.7500000       14.6749458    
   97.0000000       14.7496519    
   97.2500000       14.8276205    
   97.5000000       14.9092989    
   97.7500000       14.9951315    
   98.0000000       15.0855608    
   98.2500000       15.1809750    
   98.5000000       15.2815361    
   98.7500000       15.3873358    
   99.0000000       15.4984818    
   99.2500000       15.6149855    
   99.5000000       15.7365379    
   99.7500000       15.8627434    
   100.000000       15.9932079    
   100.250000       16.1274986    
   100.500000       16.2650356    
   100.750000       16.4052143    
   101.000000       16.5474167    
   101.250000       16.6910572    
   101.500000       16.8356342    
   101.750000       16.9806728    
   102.000000       17.1257019    
   102.250000       17.2704563    
   102.500000       17.4155540    
   102.750000       17.5618229    
   103.000000       17.7100925    
   103.250000       17.8615093    
   103.500000       18.0185051    
   103.750000       18.1838303    
   104.000000       18.3602333    
   104.250000       18.5505962    
   104.500000       18.7583370    
   104.750000       18.9870071    
   105.000000       19.2401581    
   105.250000       19.5212727    
   105.500000       19.8335800    
   105.750000       20.1802368    

