TitleText: Ni(001)-(5x5)-Li     Beam (1,1)                Rfac10=0.1589
 "IV exp
   86.2500000       962.716797    
   86.5000000       978.291016    
   86.7500000       994.416260    
   87.0000000       1011.36804    
   87.2500000       1029.38196    
   87.5000000       1048.53369    
   87.7500000       1068.85889    
   88.0000000       1090.39307    
   88.2500000       1113.07776    
   88.5000000       1136.47656    
   88.7500000       1160.05859    
   89.0000000       1183.29309    
   89.2500000       1205.65942    
   89.5000000       1226.67798    
   89.7500000       1245.87891    
   90.0000000       1262.79309    
   90.2500000       1277.03174    
   90.5000000       1288.52966    
   90.7500000       1297.30322    
   91.0000000       1303.36816    
   91.2500000       1306.77319    
   91.5000000       1307.69946    
   91.7500000       1306.35986    
   92.0000000       1302.96802    
   92.2500000       1297.72620    
   92.5000000       1290.79077    
   92.7500000       1282.30640    
   93.0000000       1272.41809    
   93.2500000       1261.25635    
   93.5000000       1248.89331    
   93.7500000       1235.38647    
   94.0000000       1220.79309    
   94.2500000       1205.21375    
   94.5000000       1188.91943    
   94.7500000       1172.22461    
   95.0000000       1155.44312    
   95.2500000       1138.85437    
   95.5000000       1122.59973    
   95.7500000       1106.78540    
   96.0000000       1091.51807    
   96.2500000       1076.90845    
   96.5000000       1063.08398    
   96.7500000       1050.17651    
   97.0000000       1038.31812    
   97.2500000       1027.60913    
   97.5000000       1018.02606    
   97.7500000       1009.51404    
   98.0000000       1002.01807    
   98.2500000       995.421265    
   98.5000000       989.357666    
   98.7500000       983.399292    
   99.0000000       977.118042    
   99.2500000       970.152100    
   99.5000000       962.404785    
   99.7500000       953.845215    
   100.000000       944.443115    
   100.250000       934.132446    
   100.500000       922.706787    
   100.750000       909.924255    
   101.000000       895.543091    
   101.250000       879.388184    
   101.500000       861.551514    
   101.750000       842.191895    
   102.000000       821.468018    
   102.250000       799.580688    
   102.500000       776.898499    
   102.750000       753.832397    
   103.000000       730.793091    
   103.250000       708.136963    
   103.500000       686.003357    
   103.750000       664.477112    
   104.000000       643.643066    
   104.250000       623.672791    
   104.500000       605.083923    
   104.750000       588.480957    
   105.000000       574.468079    
   105.250000       563.558472    
   105.500000       555.900513    
   105.750000       551.551331    
   106.000000       550.568054    
   106.250000       553.005310    
   106.500000       558.906860    
   106.750000       568.314026    
   107.000000       581.268066    
   107.250000       597.788147    
   107.500000       617.805481    
   107.750000       641.229065    
   108.000000       667.968079    
   108.250000       697.971558    
   108.500000       731.348389    
   108.750000       768.247620    
   109.000000       808.818054    
   109.250000       853.239136    
   109.500000       901.812378    
   109.750000       954.869751    
   110.000000       1012.74304    
   110.250000       1075.56848    
   110.500000       1142.69800    
   110.750000       1213.28735    
   111.000000       1286.49304    
   111.250000       1361.59802    
   111.500000       1438.39490    
   111.750000       1516.80347    
   112.000000       1596.74316    
   112.250000       1678.20215    
   112.500000       1761.44043    
   112.750000       1846.78638    
   113.000000       1934.56799    
   113.250000       2025.06360    
   113.500000       2118.35156    
   113.750000       2214.46045    
   114.000000       2313.41797    
   114.250000       2415.24121    
   114.500000       2519.89868    
   114.750000       2627.34692    
   115.000000       2737.54297    
   115.250000       2850.41235    
   115.500000       2965.75562    
   115.750000       3083.34277    
   116.000000       3202.94312    
   116.250000       3324.34229    
   116.500000       3447.38770    
   116.750000       3571.94189    
   117.000000       3697.86816    
   117.250000       3825.04126    
   117.500000       3953.38110    
   117.750000       4082.82056    
   118.000000       4213.29297    
   118.250000       4344.58936    
   118.500000       4475.94043    
   118.750000       4606.43701    
   119.000000       4735.16846    
   119.250000       4861.16699    
   119.500000       4983.23145    
   119.750000       5100.10156    
   120.000000       5210.51807    
   120.250000       5313.27539    
   120.500000       5407.38477    
   120.750000       5491.91016    
   121.000000       5565.91797    
   121.250000       5628.52637    
   121.500000       5679.07080    
   121.750000       5716.93799    
   122.000000       5741.51807    
   122.250000       5752.48535    
   122.500000       5750.66113    
   122.750000       5737.15234    
   123.000000       5713.06836    
   123.250000       5679.51611    
   123.500000       5637.60791    
   123.750000       5588.45410    
   124.000000       5533.16797    
   124.250000       5472.72754    
   124.500000       5407.57959    
   124.750000       5338.03857    
   125.000000       5264.41797    
   125.250000       5187.11426    
   125.500000       5106.85254    
   125.750000       5024.44287    
   126.000000       4940.69287    
   126.250000       4856.34814    
   126.500000       4771.90332    
   126.750000       4687.79102    
   127.000000       4604.44336    
   127.250000       4522.19238    
   127.500000       4440.97266    
   127.750000       4360.61963    
   128.000000       4280.96777    
   128.250000       4201.90527    
   128.500000       4123.52979    
   128.750000       4045.99219    
   129.000000       3969.44312    
   129.250000       3894.18677    
   129.500000       3821.13818    
   129.750000       3751.36743    
   130.000000       3685.94287    
   130.250000       3625.86328    
   130.500000       3571.84644    
   130.750000       3524.54028    
   131.000000       3484.59302    
   131.250000       3452.49219    
   131.500000       3428.08691    
   131.750000       3411.06616    
   132.000000       3401.11816    
   132.250000       3398.00122    
   132.500000       3401.74854    
   132.750000       3412.46191    
   133.000000       3430.24316    
   133.250000       3455.12305    
   133.500000       3486.84644    
   133.750000       3525.08667    
   134.000000       3569.51807    
   134.250000       3619.55029    
   134.500000       3673.54053    
   134.750000       3729.58179    
   135.000000       3785.76807    
   135.250000       3840.34717    
   135.500000       3892.18506    
   135.750000       3940.30151    
   136.000000       3983.71802    
   136.250000       4021.75146    
   136.500000       4054.90991    
   136.750000       4083.99731    
   137.000000       4109.81836    
   137.250000       4133.09326    
   137.500000       4154.20605    
   137.750000       4173.45605    
   138.000000       4191.14307    
   138.250000       4207.53174    
   138.500000       4222.74902    
   138.750000       4236.88867    
   139.000000       4250.04297    
   139.250000       4262.43262    
   139.500000       4274.78955    
   139.750000       4287.97314    
   140.000000       4302.84326    
   140.250000       4319.71777    
   140.500000       4336.75098    
   140.750000       4351.55518    
   141.000000       4361.74316    
   141.250000       4365.18115    
   141.500000       4360.74707    
   141.750000       4347.57422    
   142.000000       4324.79297    
   142.250000       4292.35352    
   142.500000       4253.47461    
   142.750000       4212.19238    
   143.000000       4172.54297    
   143.250000       4137.86523    
   143.500000       4108.70605    
   143.750000       4084.91553    
   144.000000       4066.34302    
   144.250000       4052.22949    
   144.500000       4039.38086    
   144.750000       4023.99463    
   145.000000       4002.26807    
   145.250000       3971.36182    
   145.500000       3932.28809    
   145.750000       3887.02319    
   146.000000       3837.54297    
   146.250000       3786.09619    
   146.500000       3736.02783    
   146.750000       3690.95435    
   147.000000       3654.49316    
   147.250000       3628.99585    
   147.500000       3611.74683    
   147.750000       3598.76465    
   148.000000       3586.06812    
   148.250000       3570.17505    
   148.500000       3549.60352    
   148.750000       3523.37036    
   149.000000       3490.49316    
   149.250000       3450.58081    
   149.500000       3405.60474    
   149.750000       3358.12939    
   150.000000       3310.71802    
   150.250000       3265.48584    
   150.500000       3222.75757    
   150.750000       3182.40967    
   151.000000       3144.31812    
   151.250000       3108.39380    
   151.500000       3074.68213    
   151.750000       3043.26343    
   152.000000       3014.21802    
   152.250000       2987.56152    
   152.500000       2963.05615    
   152.750000       2940.40063    
   153.000000       2919.29297    
   153.250000       2899.39331    
   153.500000       2880.20679    
   153.750000       2861.20093    
   154.000000       2841.84326    
   154.250000       2821.62866    
   154.500000       2800.16602    
   154.750000       2777.09180    
   155.000000       2752.04321    
   155.250000       2724.84424    
   155.500000       2696.06982    
   155.750000       2666.48193    
   156.000000       2636.84302    
   156.250000       2607.84277    
   156.500000       2579.88208    
   156.750000       2553.28931    
   157.000000       2528.39307    
   157.250000       2505.26489    
   157.500000       2482.94824    
   157.750000       2460.22876    
   158.000000       2435.89307    
   158.250000       2408.92310    
   158.500000       2379.08398    
   158.750000       2346.33691    
   159.000000       2310.64307    
   159.250000       2272.09692    
   159.500000       2231.32739    
   159.750000       2189.09692    
   160.000000       2146.16797    
   160.250000       2103.18994    
   160.500000       2060.36133    
   160.750000       2017.76733    
   161.000000       1975.49304    
   161.250000       1933.65112    
   161.500000       1892.46301    
   161.750000       1852.17761    
   162.000000       1813.04309    
   162.250000       1775.30969    
   162.500000       1739.23218    
   162.750000       1705.06628    
   163.000000       1673.06799    
   163.250000       1643.47327    
   163.500000       1616.43848    
   163.750000       1592.09961    
   164.000000       1570.59302    
   164.250000       1551.95398    
   164.500000       1535.81287    
   164.750000       1521.69946    
   165.000000       1509.14307    
   165.250000       1497.70227    
   165.500000       1487.04980    
   165.750000       1476.88782    
   166.000000       1466.91809    
   166.250000       1456.94531    
   166.500000       1447.18408    
   166.750000       1437.95239    
   167.000000       1429.56812    
   167.250000       1422.24744    
   167.500000       1415.80359    
   167.750000       1409.94812    
   168.000000       1404.39307    
   168.250000       1398.87769    
   168.500000       1393.25073    
   168.750000       1387.38879    
   169.000000       1381.16809    
   169.250000       1374.58008    
   169.500000       1368.07690    
   169.750000       1362.22559    
   170.000000       1357.59302    
   170.250000       1354.60767    
   170.500000       1353.14075    
   170.750000       1352.92505    
   171.000000       1353.69312    
   171.250000       1355.22644    
   171.500000       1357.50305    
   171.750000       1360.54956    
   172.000000       1364.39307    
   172.250000       1369.15820    
   172.500000       1375.36194    
   172.750000       1383.61865    
   173.000000       1394.54309    
   173.250000       1408.62000    
   173.500000       1425.81396    
   173.750000       1445.96008    
   174.000000       1468.89307    
   174.250000       1494.55664    
   174.500000       1523.33118    
   174.750000       1555.70532    
   175.000000       1592.16809    
   175.250000       1633.04944    
   175.500000       1678.04175    
   175.750000       1726.67847    
   176.000000       1778.49304    
   176.250000       1833.07288    
   176.500000       1890.22290    
   176.750000       1949.80151    
   177.000000       2011.66797    
   177.250000       2075.82642    
   177.500000       2142.86255    
   177.750000       2213.50781    
   178.000000       2288.49316    
   178.250000       2368.35962    
   178.500000       2452.88818    
   178.750000       2541.66919    
   179.000000       2634.29297    
   179.250000       2730.35425    
   179.500000       2829.46460    
   179.750000       2931.23901    
   180.000000       3035.29297    
   180.250000       3141.37915    
   180.500000       3249.79907    
   180.750000       3360.99097    
   181.000000       3475.39307    
   181.250000       3593.34912    
   181.500000       3714.82202    
   181.750000       3839.68042    
   182.000000       3967.79297    
   182.250000       4099.08594    
   182.500000       4233.72070    
   182.750000       4371.91699    
   183.000000       4513.89307    
   183.250000       4660.30420    
   183.500000       4813.54590    
   183.750000       4976.44922    
   184.000000       5151.84326    
   184.250000       5342.59814    
   184.500000       5551.73779    
   184.750000       5782.32422    
   185.000000       6037.41846    
   185.250000       6319.31299    
   185.500000       6627.21533    
   185.750000       6959.56299    
   186.000000       7314.79346    
   186.250000       7691.48828    
   186.500000       8088.80518    
   186.750000       8506.04785    
   187.000000       8942.51758    
   187.250000       9398.22266    
   187.500000       9875.98242    
   187.750000       10379.3223    
   188.000000       10911.7676    
   188.250000       11475.9102    
   188.500000       12070.5957    
   188.750000       12693.7441    
   189.000000       13343.2676    
   189.250000       14016.7656    
   189.500000       14710.5723    
   189.750000       15420.7012    
   190.000000       16143.1680    
   190.250000       16874.2520    
   190.500000       17611.2617    
   190.750000       18351.7754    
   191.000000       19093.3672    
   191.250000       19833.9883    
   191.500000       20573.1309    
   191.750000       21310.6602    
   192.000000       22046.4434    
   192.250000       22780.4766    
   192.500000       23513.2578    
   192.750000       24245.4141    
   193.000000       24977.5684    
   193.250000       25709.2734    
   193.500000       26435.7715    
   193.750000       27151.2363    
   194.000000       27849.8418    
   194.250000       28524.8008    
   194.500000       29165.5391    
   194.750000       29760.5156    
   195.000000       30298.1934    
   195.250000       30769.2246    
   195.500000       31172.9883    
   195.750000       31511.0410    
   196.000000       31784.9434    
   196.250000       31997.3887    
   196.500000       32155.5820    
   196.750000       32267.8672    
   197.000000       32342.5918    
   197.250000       32386.5137    
   197.500000       32400.1035    
   197.750000       32382.2578    
   198.000000       32331.8672    
   198.250000       32249.0840    
   198.500000       32139.0879    
   198.750000       32008.3203    
   199.000000       31863.2188    
   199.250000       31709.4766    
   199.500000       31549.8145    
   199.750000       31386.2031    

 "IV theory
   86.2500000       4461.92139    
   86.5000000       4398.16650    
   86.7500000       4343.38135    
   87.0000000       4297.78369    
   87.2500000       4261.43408    
   87.5000000       4233.75732    
   87.7500000       4214.02148    
   88.0000000       4201.49365    
   88.2500000       4195.38037    
   88.5000000       4194.64795    
   88.7500000       4198.20215    
   89.0000000       4204.94971    
   89.2500000       4213.80615    
   89.5000000       4223.72949    
   89.7500000       4233.68750    
   90.0000000       4242.64697    
   90.2500000       4249.63086    
   90.5000000       4253.87891    
   90.7500000       4254.68506    
   91.0000000       4251.34277    
   91.2500000       4243.23145    
   91.5000000       4230.06299    
   91.7500000       4211.63477    
   92.0000000       4187.74365    
   92.2500000       4158.21631    
   92.5000000       4122.99805    
   92.7500000       4082.06567    
   93.0000000       4035.39404    
   93.2500000       3982.96069    
   93.5000000       3924.74683    
   93.7500000       3860.73560    
   94.0000000       3790.91016    
   94.2500000       3715.29297    
   94.5000000       3634.07153    
   94.7500000       3547.47241    
   95.0000000       3455.72241    
   95.2500000       3359.10791    
   95.5000000       3258.15063    
   95.7500000       3153.43286    
   96.0000000       3045.53564    
   96.2500000       2935.06396    
   96.5000000       2822.71436    
   96.7500000       2709.20679    
   97.0000000       2595.26172    
   97.2500000       2481.59302    
   97.5000000       2368.89209    
   97.7500000       2257.84375    
   98.0000000       2149.13281    
   98.2500000       2043.40295    
   98.5000000       1941.13232    
   98.7500000       1842.75720    
   99.0000000       1748.71436    
   99.2500000       1659.37756    
   99.5000000       1574.87061    
   99.7500000       1495.25452    
   100.000000       1420.59082    
   100.250000       1350.91699    
   100.500000       1286.17834    
   100.750000       1226.29614    
   101.000000       1171.19214    
   101.250000       1120.79077    
   101.500000       1075.02551    
   101.750000       1033.83313    
   102.000000       997.149658    
   102.250000       964.916626    
   102.500000       937.093567    
   102.750000       913.645447    
   103.000000       894.536865    
   103.250000       879.740723    
   103.500000       869.262207    
   103.750000       863.114807    
   104.000000       861.311768    
   104.250000       863.869019    
   104.500000       870.812134    
   104.750000       882.168823    
   105.000000       897.967285    
   105.250000       918.236694    
   105.500000       943.013306    
   105.750000       972.334534    
   106.000000       1006.23798    
   106.250000       1044.78052    
   106.500000       1088.09680    
   106.750000       1136.34070    
   107.000000       1189.66602    
   107.250000       1248.25598    
   107.500000       1312.40955    
   107.750000       1382.45459    
   108.000000       1458.71899    
   108.250000       1541.54150    
   108.500000       1631.30017    
   108.750000       1728.38379    
   109.000000       1833.18127    
   109.250000       1946.08276    
   109.500000       2067.48462    
   109.750000       2197.78467    
   110.000000       2337.38135    
   110.250000       2486.70044    
   110.500000       2646.27905    
   110.750000       2816.68335    
   111.000000       2998.47852    
   111.250000       3192.26904    
   111.500000       3398.81470    
   111.750000       3618.91577    
   112.000000       3853.37061    
   112.250000       4103.00000    
   112.500000       4368.70801    
   112.750000       4651.41846    
   113.000000       4952.05811    
   113.250000       5271.52783    
   113.500000       5610.62402    
   113.750000       5970.12305    
   114.000000       6350.79785    
   114.250000       6753.16895    
   114.500000       7176.74219    
   114.750000       7620.76660    
   115.000000       8084.49463    
   115.250000       8566.79883    
   115.500000       9065.04590    
   115.750000       9576.22168    
   116.000000       10097.3154    
   116.250000       10625.1709    
   116.500000       11156.0508    
   116.750000       11686.0732    
   117.000000       12211.3574    
   117.250000       12728.0518    
   117.500000       13232.4287    
   117.750000       13720.7891    
   118.000000       14189.4365    
   118.250000       14634.8662    
   118.500000       15054.3516    
   118.750000       15445.3574    
   119.000000       15805.3516    
   119.250000       16132.0957    
   119.500000       16424.5371    
   119.750000       16681.9219    
   120.000000       16903.4902    
   120.250000       17088.5918    
   120.500000       17237.0039    
   120.750000       17348.5879    
   121.000000       17423.2207    
   121.250000       17460.7871    
   121.500000       17461.1934    
   121.750000       17424.3516    
   122.000000       17350.1836    
   122.250000       17238.7695    
   122.500000       17090.8965    
   122.750000       16907.5234    
   123.000000       16689.6016    
   123.250000       16438.3457    
   123.500000       16155.9814    
   123.750000       15844.9824    
   124.000000       15507.8301    
   124.250000       15147.0957    
   124.500000       14765.7461    
   124.750000       14366.8359    
   125.000000       13953.4238    
   125.250000       13528.5527    
   125.500000       13095.2012    
   125.750000       12656.3262    
   126.000000       12214.8906    
   126.250000       11773.7715    
   126.500000       11335.5107    
   126.750000       10902.5645    
   127.000000       10477.3945    
   127.250000       10062.3262    
   127.500000       9659.16699    
   127.750000       9269.59668    
   128.000000       8895.28809    
   128.250000       8537.87891    
   128.500000       8198.82715    
   128.750000       7879.55029    
   129.000000       7581.46289    
   129.250000       7305.97070    
   129.500000       7054.42871    
   129.750000       6828.18018    
   130.000000       6628.56836    
   130.250000       6456.76563    
   130.500000       6313.25293    
   130.750000       6198.34180    
   131.000000       6112.34326    
   131.250000       6055.31348    
   131.500000       6026.29053    
   131.750000       6024.05811    
   132.000000       6047.39990    
   132.250000       6095.00537    
   132.500000       6165.18359    
   132.750000       6256.15039    
   133.000000       6366.11768    
   133.250000       6493.31250    
   133.500000       6635.99268    
   133.750000       6792.42822    
   134.000000       6960.88818    
   134.250000       7139.64990    
   134.500000       7327.02246    
   134.750000       7521.32373    
   135.000000       7720.86914    
   135.250000       7923.99512    
   135.500000       8129.10352    
   135.750000       8334.61719    
   136.000000       8538.95801    
   136.250000       8740.54785    
   136.500000       8937.81445    
   136.750000       9129.18262    
   137.000000       9313.08008    
   137.250000       9487.95605    
   137.500000       9652.32422    
   137.750000       9804.72656    
   138.000000       9943.69922    
   138.250000       10067.9834    
   138.500000       10177.1260    
   138.750000       10270.8721    
   139.000000       10348.9727    
   139.250000       10411.4736    
   139.500000       10459.6123    
   139.750000       10494.9287    
   140.000000       10518.9619    
   140.250000       10533.3633    
   140.500000       10540.2539    
   140.750000       10541.8750    
   141.000000       10540.4590    
   141.250000       10538.2148    
   141.500000       10537.2236    
   141.750000       10539.5352    
   142.000000       10547.2012    
   142.250000       10562.0439    
   142.500000       10584.9707    
   142.750000       10616.6631    
   143.000000       10657.8018    
   143.250000       10708.7246    
   143.500000       10768.3936    
   143.750000       10835.4355    
   144.000000       10908.4697    
   144.250000       10985.9863    
   144.500000       11065.9492    
   144.750000       11146.1953    
   145.000000       11224.5537    
   145.250000       11298.8867    
   145.500000       11367.1680    
   145.750000       11427.3955    
   146.000000       11477.5703    
   146.250000       11515.8721    
   146.500000       11541.1904    
   146.750000       11552.5977    
   147.000000       11549.1660    
   147.250000       11530.2324    
   147.500000       11496.2227    
   147.750000       11447.8232    
   148.000000       11385.7314    
   148.250000       11310.7383    
   148.500000       11224.0439    
   148.750000       11126.9541    
   149.000000       11020.7676    
   149.250000       10906.7744    
   149.500000       10786.1953    
   149.750000       10660.2363    
   150.000000       10530.1055    
   150.250000       10396.9287    
   150.500000       10261.5244    
   150.750000       10124.6221    
   151.000000       9986.96094    
   151.250000       9849.15430    
   151.500000       9711.33594    
   151.750000       9573.51660    
   152.000000       9435.70898    
   152.250000       9297.87793    
   152.500000       9159.81152    
   152.750000       9021.24609    
   153.000000       8881.92285    
   153.250000       8741.59082    
   153.500000       8600.02344    
   153.750000       8457.00684    
   154.000000       8312.32520    
   154.250000       8165.80225    
   154.500000       8017.41211    
   154.750000       7867.17090    
   155.000000       7715.09326    
   155.250000       7561.25195    
   155.500000       7405.95508    
   155.750000       7249.56885    
   156.000000       7092.45898    
   156.250000       6935.01563    
   156.500000       6777.71777    
   156.750000       6621.06641    
   157.000000       6465.56348    
   157.250000       6311.70557    
   157.500000       6159.96729    
   157.750000       6010.81836    
   158.000000       5864.72705    
   158.250000       5722.12598    
   158.500000       5583.29688    
   158.750000       5448.48535    
   159.000000       5317.93604    
   159.250000       5191.83594    
   159.500000       5070.14893    
   159.750000       4952.78076    
   160.000000       4839.63623    
   160.250000       4730.60205    
   160.500000       4625.47559    
   160.750000       4524.03564    
   161.000000       4426.06006    
   161.250000       4331.33105    
   161.500000       4239.64258    
   161.750000       4150.79492    
   162.000000       4064.58789    
   162.250000       3980.83789    
   162.500000       3899.43628    
   162.750000       3820.29370    
   163.000000       3743.31885    
   163.250000       3668.45020    
   163.500000       3595.73804    
   163.750000       3525.26147    
   164.000000       3457.09937    
   164.250000       3391.34058    
   164.500000       3328.11743    
   164.750000       3267.57251    
   165.000000       3209.84912    
   165.250000       3155.08765    
   165.500000       3103.42065    
   165.750000       3054.97974    
   166.000000       3009.89600    
   166.250000       2968.28833    
   166.500000       2930.23291    
   166.750000       2895.79248    
   167.000000       2865.03125    
   167.250000       2837.99585    
   167.500000       2814.66406    
   167.750000       2794.99609    
   168.000000       2778.95288    
   168.250000       2766.48877    
   168.500000       2757.53394    
   168.750000       2752.01294    
   169.000000       2749.84985    
   169.250000       2750.96826    
   169.500000       2755.28955    
   169.750000       2762.73584    
   170.000000       2773.22681    
   170.250000       2786.67188    
   170.500000       2802.93335    
   170.750000       2821.86108    
   171.000000       2843.30493    
   171.250000       2867.09790    
   171.500000       2893.00513    
   171.750000       2920.77539    
   172.000000       2950.15576    
   172.250000       2980.88745    
   172.500000       3012.68091    
   172.750000       3045.23926    
   173.000000       3078.26563    
   173.250000       3111.46802    
   173.500000       3144.57397    
   173.750000       3177.31665    
   174.000000       3209.42896    
   174.250000       3240.69067    
   174.500000       3271.06909    
   174.750000       3300.57861    
   175.000000       3329.23389    
   175.250000       3357.11890    
   175.500000       3384.59790    
   175.750000       3412.10376    
   176.000000       3440.07104    
   176.250000       3468.95947    
   176.500000       3499.33740    
   176.750000       3531.79834    
   177.000000       3566.93701    
   177.250000       3605.34229    
   177.500000       3647.58105    
   177.750000       3694.21484    
   178.000000       3745.80688    
   178.250000       3802.88306    
   178.500000       3865.83813    
   178.750000       3935.03003    
   179.000000       4010.81787    
   179.250000       4093.51025    
   179.500000       4183.21045    
   179.750000       4279.97168    
   180.000000       4383.84717    
   180.250000       4494.86963    
   180.500000       4612.99268    
   180.750000       4738.14990    
   181.000000       4870.27490    
   181.250000       5009.30664    
   181.500000       5155.20654    
   181.750000       5307.94238    
   182.000000       5467.47949    
   182.250000       5633.83008    
   182.500000       5807.16699    
   182.750000       5987.71094    
   183.000000       6175.68115    
   183.250000       6371.35693    
   183.500000       6575.27686    
   183.750000       6788.03760    
   184.000000       7010.24170    
   184.250000       7242.50928    
   184.500000       7485.55078    
   184.750000       7740.10107    
   185.000000       8006.89258    
   185.250000       8286.66113    
   185.500000       8580.15234    
   185.750000       8888.11426    
   186.000000       9211.29395    
   186.250000       9550.48633    
   186.500000       9906.68555    
   186.750000       10280.9268    
   187.000000       10674.2500    
   187.250000       11087.7627    
   187.500000       11522.8496    
   187.750000       11980.9619    
   188.000000       12463.5547    
   188.250000       12972.1123    
   188.500000       13508.2500    
   188.750000       14073.6133    
   189.000000       14669.8496    
   189.250000       15298.5801    
   189.500000       15961.3174    
   189.750000       16659.5527    
   190.000000       17394.7715    
   190.250000       18168.2090    
   190.500000       18980.0645    
   190.750000       19830.2949    
   191.000000       20718.8496    
   191.250000       21645.2949    
   191.500000       22607.6641    
   191.750000       23603.6230    
   192.000000       24630.8223    
   192.250000       25686.7754    
   192.500000       26768.4219    
   192.750000       27872.5488    
   193.000000       28995.9492    
   193.250000       30135.4395    
   193.500000       31287.9160    
   193.750000       32450.2891    
   194.000000       33619.4805    
   194.250000       34792.4844    
   194.500000       35966.6602    
   194.750000       37139.4375    
   195.000000       38308.2500    
   195.250000       39470.6719    
   195.500000       40624.8242    
   195.750000       41768.9492    
   196.000000       42901.3008    
   196.250000       44020.1836    
   196.500000       45124.0742    
   196.750000       46211.5000    
   197.000000       47280.9805    
   197.250000       48331.0586    
   197.500000       49360.3242    
   197.750000       50367.3633    
   198.000000       51350.7813    
   198.250000       52309.3594    
   198.500000       53242.6289    
   198.750000       54150.2891    
   199.000000       55032.0664    
   199.250000       55887.9180    
   199.500000       56718.8398    
   199.750000       57526.0742    

