TitleText: Ni(001)-(5x5)-Li     Beam (1/5,0)              Rfac10=0.0836
 "IV exp
   21.2500000       458.410858    
   21.5000000       464.143372    
   21.7500000       473.599213    
   22.0000000       488.640015    
   22.2500000       511.345825    
   22.5000000       544.670471    
   22.7500000       591.786133    
   23.0000000       655.864990    
   23.2500000       740.082092    
   23.5000000       847.624023    
   23.7500000       981.680237    
   24.0000000       1145.43994    
   24.2500000       1341.50159    
   24.5000000       1570.09839    
   24.7500000       1830.87207    
   25.0000000       2123.46484    
   25.2500000       2446.10498    
   25.5000000       2791.36621    
   25.7500000       3150.40796    
   26.0000000       3514.38989    
   26.2500000       3873.74243    
   26.5000000       4215.97656    
   26.7500000       4527.87402    
   27.0000000       4796.21533    
   27.2500000       5010.23242    
   27.5000000       5168.95508    
   27.7500000       5273.86426    
   28.0000000       5326.43994    
   28.2500000       5329.49121    
   28.5000000       5291.14014    
   28.7500000       5220.83984    
   29.0000000       5128.04004    
   29.2500000       5021.03613    
   29.5000000       4903.49756    
   29.7500000       4777.93652    
   30.0000000       4646.86523    
   30.2500000       4512.55664    
   30.5000000       4376.32471    
   30.7500000       4239.24463    
   31.0000000       4102.39014    
   31.2500000       3967.10010    
   31.5000000       3835.77124    
   31.7500000       3711.06421    
   32.0000000       3595.63989    
   32.2500000       3491.90015    
   32.5000000       3401.21143    
   32.7500000       3324.68042    
   33.0000000       3263.41504    
   33.2500000       3217.25854    
   33.5000000       3181.00146    
   33.7500000       3148.16968    
   34.0000000       3112.28979    
   34.2500000       3066.94824    
   34.5000000       3005.97192    
   34.7500000       2923.24854    
   35.0000000       2812.66479    
   35.2500000       2670.35571    
   35.5000000       2501.44604    
   35.7500000       2313.30835    
   36.0000000       2113.31494    
   36.2500000       1908.99158    
   36.5000000       1708.47400    
   36.7500000       1520.05212    
   37.0000000       1352.01501    
   37.2500000       1210.85889    
   37.5000000       1095.90723    
   37.7500000       1004.69080    
   38.0000000       934.739990    
   38.2500000       883.302246    
   38.5000000       846.493103    
   38.7500000       820.144897    
   39.0000000       800.090027    
   39.2500000       782.691345    
   39.5000000       766.432373    
   39.7500000       750.327271    
   40.0000000       733.390015    
   40.2500000       714.812439    
   40.5000000       694.498657    
   40.7500000       672.530518    
   41.0000000       648.989990    
   41.2500000       624.033997    
   41.5000000       598.119202    
   41.7500000       571.777344    
   42.0000000       545.539978    
   42.2500000       519.892700    
   42.5000000       495.136292    
   42.7500000       471.525513    
   43.0000000       449.315002    
   43.2500000       428.648132    
   43.5000000       409.222473    
   43.7500000       390.624390    

 "IV theory
   21.2500000       2932.59692    
   21.5000000       3087.84277    
   21.7500000       3242.67261    
   22.0000000       3396.16943    
   22.2500000       3547.45044    
   22.5000000       3695.77344    
   22.7500000       3840.43213    
   23.0000000       3980.71997    
   23.2500000       4115.98535    
   23.5000000       4245.79541    
   23.7500000       4369.77197    
   24.0000000       4487.53711    
   24.2500000       4598.73242    
   24.5000000       4703.07861    
   24.7500000       4800.31494    
   25.0000000       4890.18115    
   25.2500000       4972.41797    
   25.5000000       5046.76367    
   25.7500000       5112.95752    
   26.0000000       5170.74072    
   26.2500000       5219.86670    
   26.5000000       5260.15869    
   26.7500000       5291.45508    
   27.0000000       5313.59473    
   27.2500000       5326.43945    
   27.5000000       5329.95117    
   27.7500000       5324.11377    
   28.0000000       5308.91357    
   28.2500000       5284.34229    
   28.5000000       5250.42236    
   28.7500000       5207.18555    
   29.0000000       5154.66113    
   29.2500000       5092.88525    
   29.5000000       5021.91309    
   29.7500000       4941.80518    
   30.0000000       4852.62158    
   30.2500000       4754.48584    
   30.5000000       4647.76758    
   30.7500000       4532.90039    
   31.0000000       4410.31689    
   31.2500000       4280.54102    
   31.5000000       4144.46289    
   31.7500000       4003.06152    
   32.0000000       3857.31909    
   32.2500000       3708.25171    
   32.5000000       3557.02075    
   32.7500000       3404.82471    
   33.0000000       3252.86133    
   33.2500000       3102.31738    
   33.5000000       2954.33301    
   33.7500000       2810.03784    
   34.0000000       2670.56104    
   34.2500000       2536.94214    
   34.5000000       2409.85986    
   34.7500000       2289.90405    
   35.0000000       2177.66455    
   35.2500000       2073.59497    
   35.5000000       1977.60913    
   35.7500000       1889.48425    
   36.0000000       1808.99817    
   36.2500000       1735.87854    
   36.5000000       1669.65100    
   36.7500000       1609.79028    
   37.0000000       1555.77161    
   37.2500000       1507.07605    
   37.5000000       1463.20728    
   37.7500000       1423.67554    
   38.0000000       1387.99097    
   38.2500000       1355.67883    
   38.5000000       1326.32703    
   38.7500000       1299.53894    
   39.0000000       1274.91760    
   39.2500000       1252.09204    
   39.5000000       1230.79248    
   39.7500000       1210.77417    
   40.0000000       1191.79285    
   40.2500000       1173.61279    
   40.5000000       1156.03271    
   40.7500000       1138.86023    
   41.0000000       1121.90332    
   41.2500000       1104.97046    
   41.5000000       1087.87549    
   41.7500000       1070.43311    
   42.0000000       1052.45825    
   42.2500000       1033.78735    
   42.5000000       1014.34094    
   42.7500000       994.061523    
   43.0000000       972.891541    
   43.2500000       950.804138    
   43.5000000       927.897278    
   43.7500000       904.299866    

