TitleText: Ni(001)-(5x5)-Li     Beam (3/5,0)              Rfac10=0.2248
 "IV exp
   35.2500000       499.354889    
   35.5000000       481.596527    
   35.7500000       462.207642    
   36.0000000       440.372986    
   36.2500000       415.562805    
   36.5000000       388.389832    
   36.7500000       359.752136    
   37.0000000       330.547974    
   37.2500000       301.607422    
   37.5000000       273.488312    
   37.7500000       246.680237    
   38.0000000       221.672958    
   38.2500000       198.857346    
   38.5000000       178.229156    
   38.7500000       159.685364    
   39.0000000       143.122955    
   39.2500000       128.448624    
   39.5000000       115.607880    
   39.7500000       104.555916    
   40.0000000       95.2479553    
   40.2500000       87.6058121    
   40.5000000       81.4177094    
   40.7500000       76.4384842    
   41.0000000       72.4229584    
   41.2500000       69.1721115    
   41.5000000       66.6715164    
   41.7500000       64.9528961    
   42.0000000       64.0479584    
   42.2500000       63.9665260    
   42.5000000       64.6308289    
   42.7500000       65.9411926    
   43.0000000       67.7979584    
   43.2500000       70.1292114    
   43.5000000       72.9741516    
   43.7500000       76.3997421    
   44.0000000       80.4729614    
   44.2500000       85.2571106    
   44.5000000       90.8009415    
   44.7500000       97.1495285    
   45.0000000       104.347961    
   45.2500000       112.488678    
   45.5000000       121.853577    
   45.7500000       132.771912    
   46.0000000       145.572952    
   46.2500000       160.601318    
   46.5000000       178.263123    
   46.7500000       198.979843    
   47.0000000       223.172958    
   47.2500000       251.132858    
   47.5000000       282.625458    
   47.7500000       317.285553    
   48.0000000       354.747955    
   48.2500000       394.669861    
   48.5000000       436.797852    
   48.7500000       480.900879    
   49.0000000       526.747925    
   49.2500000       574.052002    
   49.5000000       622.302124    
   49.7500000       670.931396    
   50.0000000       719.372925    
   50.2500000       767.103088    
   50.5000000       813.771851    
   50.7500000       859.072327    
   51.0000000       902.697937    
   51.2500000       944.416199    
   51.5000000       984.291931    
   51.7500000       1022.46448    
   52.0000000       1059.07300    
   52.2500000       1094.22375    
   52.5000000       1127.89185    
   52.7500000       1160.01917    
   53.0000000       1190.54797    
   53.2500000       1219.39258    
   53.5000000       1246.35681    
   53.7500000       1271.21667    
   54.0000000       1293.74805    
   54.2500000       1313.67297    
   54.5000000       1330.49683    
   54.7500000       1343.67139    
   55.0000000       1352.64795    
   55.2500000       1356.84595    
   55.5000000       1355.55615    
   55.7500000       1348.03723    
   56.0000000       1333.54810    
   56.2500000       1311.51758    
   56.5000000       1282.05713    
   56.7500000       1245.44849    
   57.0000000       1201.97302    
   57.2500000       1152.15967    
   57.5000000       1097.52527    
   57.7500000       1039.83337    
   58.0000000       980.847961    
   58.2500000       922.205383    
   58.5000000       865.032959    
   58.7500000       810.330505    
   59.0000000       759.097961    
   59.2500000       712.201477    
   59.5000000       669.971436    
   59.7500000       632.604736    
   60.0000000       600.297974    
   60.2500000       573.164185    
   60.5000000       550.981628    
   60.7500000       533.444702    
   61.0000000       520.247925    
   61.2500000       511.018982    
   61.5000000       505.117950    
   61.7500000       501.838196    
   62.0000000       500.472961    
   62.2500000       500.392914    
   62.5000000       501.278015    
   62.7500000       502.885620    
   63.0000000       504.972961    
   63.2500000       507.311951    
   63.5000000       509.732697    
   63.7500000       512.079834    
   64.0000000       514.197937    
   64.2500000       515.937622    
   64.5000000       517.172729    
   64.7500000       517.782898    
   65.0000000       517.647949    
   65.2500000       516.650574    
   65.5000000       514.685974    
   65.7500000       511.652374    
   66.0000000       507.447968    
   66.2500000       501.956726    
   66.5000000       495.005463    
   66.7500000       486.406677    
   67.0000000       475.972961    
   67.2500000       463.544647    
   67.5000000       449.073730    
   67.7500000       432.539917    
   68.0000000       413.922974    
   68.2500000       393.284027    
   68.5000000       371.009338    
   68.7500000       347.566437    
   69.0000000       323.422974    
   69.2500000       299.048096    
   69.5000000       274.917450    
   69.7500000       251.508301    
   70.0000000       229.297943    
   70.2500000       208.679413    
   70.5000000       189.708694    
   70.7500000       172.357620    
   71.0000000       156.597961    
   71.2500000       142.390778    
   71.5000000       129.654251    
   71.7500000       118.295822    
   72.0000000       108.222961    
   72.2500000       99.3725891    
   72.5000000       91.7995605    
   72.7500000       85.5882416    
   73.0000000       80.8229523    
   73.2500000       77.5238190    
   73.5000000       75.4539795    
   73.7500000       74.3123856    
   74.0000000       73.7979584    
   74.2500000       73.6538696    
   74.5000000       73.8003616    
   74.7500000       74.2018967    
   75.0000000       74.8229523    
   75.2500000       75.6312332    
   75.5000000       76.6072998    
   75.7500000       77.7349396    
   76.0000000       78.9979553    
   76.2500000       80.3366699    
   76.5000000       81.5175629    
   76.7500000       82.2636490    
   77.0000000       82.2979584    
   77.2500000       81.4578705    
   77.5000000       80.0383224    
   77.7500000       78.4485855    
   78.0000000       77.0979614    
   78.2500000       76.3019943    
   78.5000000       76.0012665    
   78.7500000       76.0426483    
   79.0000000       76.2729568    
   79.2500000       76.5515976    
   79.5000000       76.7880859    
   79.7500000       76.9045181    
   80.0000000       76.8229523    
   80.2500000       76.5324936    
   80.5000000       76.2903519    
   80.7500000       76.4207611    
   81.0000000       77.2479553    
   81.2500000       78.9952087    
   81.5000000       81.4819717    
   81.7500000       84.4267273    
   82.0000000       87.5479584    
   82.2500000       90.5915833    
   82.5000000       93.4132385    
   82.7500000       95.8960114    
   83.0000000       97.9229584    
   83.2500000       99.4394836    
   83.5000000       100.640305    
   83.7500000       101.782448    
   84.0000000       103.122955    
   84.2500000       104.946037    
   84.5000000       107.644547    
   84.7500000       111.638504    
   85.0000000       117.347946    
   85.2500000       125.101608    
   85.5000000       134.863007    
   85.7500000       146.504379    
   86.0000000       159.897949    
   86.2500000       174.871948    
   86.5000000       191.078629    
   86.7500000       208.126221    
   87.0000000       225.622955    
   87.2500000       243.254547    
   87.5000000       261.016449    
   87.7500000       278.981598    
   88.0000000       297.222961    
   88.2500000       315.800354    
   88.5000000       334.721466    
   88.7500000       353.980804    
   89.0000000       373.572968    
   89.2500000       393.495819    
   89.5000000       413.760468    
   89.7500000       434.381348    
   90.0000000       455.372955    
   90.2500000       476.752960    
   90.5000000       498.552521    
   90.7500000       520.806030    
   91.0000000       543.547913    
   91.2500000       566.767090    
   91.5000000       590.270203    
   91.7500000       613.818420    
   92.0000000       637.172913    
   92.2500000       660.161560    
   92.5000000       682.879150    
   92.7500000       705.487366    
   93.0000000       728.147888    
   93.2500000       750.984009    
   93.5000000       773.966125    
   93.7500000       797.026733    
   94.0000000       820.097961    
   94.2500000       843.087402    
   94.5000000       865.803162    
   94.7500000       888.028809    
   95.0000000       909.547913    
   95.2500000       930.188232    
   95.5000000       949.955688    
   95.7500000       968.900513    
   96.0000000       987.072937    
   96.2500000       1004.45734    
   96.5000000       1020.77417    
   96.7500000       1035.67786    
   97.0000000       1048.82300    
   97.2500000       1059.91809    
   97.5000000       1068.88855    
   97.7500000       1075.71375    
   98.0000000       1080.37305    
   98.2500000       1082.89111    
   98.5000000       1083.47229    
   98.7500000       1082.36633    
   99.0000000       1079.82300    
   99.2500000       1076.07043    
   99.5000000       1071.25110    
   99.7500000       1065.48645    
   100.000000       1058.89795    
   100.250000       1051.57251    
   100.500000       1043.46130    
   100.750000       1034.48071    
   101.000000       1024.54797    
   101.250000       1013.60785    
   101.500000       1001.71973    
   101.750000       988.970581    
   102.000000       975.447998    
   102.250000       961.259277    
   102.500000       946.591553    
   102.750000       931.652100    
   103.000000       916.647949    
   103.250000       901.779297    
   103.500000       887.217529    
   103.750000       873.127197    
   104.000000       859.672913    
   104.250000       847.010254    
   104.500000       835.260315    
   104.750000       824.535461    
   105.000000       814.947937    
   105.250000       806.555176    
   105.500000       799.194397    
   105.750000       792.647888    
   106.000000       786.697937    
   106.250000       781.167664    
   106.500000       776.043518    
   106.750000       771.352783    
   107.000000       767.122925    
   107.250000       763.395874    
   107.500000       760.272400    
   107.750000       757.867920    
   108.000000       756.297913    
   108.250000       755.587158    
   108.500000       755.398132    
   108.750000       755.302795    
   109.000000       754.872925    
   109.250000       753.692200    
   109.500000       751.391235    
   109.750000       747.612305    
   110.000000       741.997925    
   110.250000       734.283569    
   110.500000       724.577698    
   110.750000       713.081909    
   111.000000       699.997925    
   111.250000       685.544250    
   111.500000       670.007446    
   111.750000       653.690918    
   112.000000       636.897949    
   112.250000       619.827271    
   112.500000       602.258179    
   112.750000       583.865234    
   113.000000       564.322937    
   113.250000       543.424133    
   113.500000       521.434937    
   113.750000       498.739746    
   114.000000       475.722992    
   114.250000       452.743561    
   114.500000       430.058594    
   114.750000       407.899536    
   115.000000       386.497955    
   115.250000       366.087006    
   115.500000       346.906067    
   115.750000       329.196075    
   116.000000       313.197968    
   116.250000       299.211365    
   116.500000       287.770569    
   116.750000       279.468445    
   117.000000       274.897949    
   117.250000       274.223602    
   117.500000       275.896301    
   117.750000       277.938599    
   118.000000       278.372955    
   118.250000       275.601105    
   118.500000       269.541321    
   118.750000       260.491119    
   119.000000       248.747955    
   119.250000       234.905487    
   119.500000       220.741821    
   119.750000       208.331223    
   120.000000       199.747940    
   120.250000       196.361923    
   120.500000       196.725967    
   120.750000       198.688492    
   121.000000       200.097946    
   121.250000       199.113708    
   121.500000       195.138840    
   121.750000       187.887283    
   122.000000       177.072952    
   122.250000       163.029846    
   122.500000       148.571960    
   122.750000       137.133331    
   123.000000       132.147949    
   123.250000       136.305786    
   123.500000       149.320389    
   123.750000       170.161270    
   124.000000       197.797958    
   124.250000       231.066025    
   124.500000       268.265503    
   124.750000       307.562439    
   125.000000       347.122955    
   125.250000       385.691254    
   125.500000       424.324127    
   125.750000       464.656433    
   126.000000       508.322968    
   126.250000       556.667969    
   126.500000       609.872559    
   126.750000       667.827393    
   127.000000       730.422913    
   127.250000       797.405884    
   127.500000       867.948181    
   127.750000       941.077881    
   128.000000       1015.82294    
   128.250000       1091.44495    
   128.500000       1168.13794    
   128.750000       1246.32983    
   129.000000       1326.44800    
   129.250000       1408.84216    
   129.500000       1493.55029    
   129.750000       1580.53235    
   130.000000       1669.74805    
   130.250000       1761.02246    
   130.500000       1853.63965    
   130.750000       1946.74854    
   131.000000       2039.49805    
   131.250000       2130.99658    
   131.500000       2220.18872    
   131.750000       2305.97974    
   132.000000       2387.27319    
   132.250000       2463.14966    
   132.500000       2533.39331    
   132.750000       2597.96436    
   133.000000       2656.82300    
   133.250000       2710.12036    
   133.500000       2758.77295    
   133.750000       2803.88794    
   134.000000       2846.57300    
   134.250000       2887.80151    
   134.500000       2928.01221    
   134.750000       2967.50928    
   135.000000       3006.59814    
   135.250000       3045.48706    
   135.500000       3083.99854    
   135.750000       3121.86035    
   136.000000       3158.79810    
   136.250000       3194.54028    
   136.500000       3228.81934    
   136.750000       3261.36914    
   137.000000       3291.92285    
   137.250000       3320.17700    
   137.500000       3345.67480    
   137.750000       3367.92163    
   138.000000       3386.42310    
   138.250000       3400.82861    
   138.500000       3411.36060    
   138.750000       3418.38647    
   139.000000       3422.27295    
   139.250000       3423.49097    
   139.500000       3422.93018    
   139.750000       3421.58447    
   140.000000       3420.44800    
   140.250000       3419.56738    
   140.500000       3415.20044    
   140.750000       3402.65723    
   141.000000       3377.24805    
   141.250000       3335.14258    
   141.500000       3275.94678    
   141.750000       3200.12671    
   142.000000       3108.14819    
   142.250000       3001.95020    
   142.500000       2889.36646    
   142.750000       2779.70483    
   143.000000       2682.27295    
   143.250000       2604.49512    
   143.500000       2546.26318    
   143.750000       2505.58618    
   144.000000       2480.47290    
   144.250000       2468.51563    
   144.500000       2465.64282    
   144.750000       2467.36646    
   145.000000       2469.19800    
   145.250000       2467.58032    
   145.500000       2462.67798    
   145.750000       2455.58521    

 "IV theory
   35.2500000       1016.28003    
   35.5000000       995.993225    
   35.7500000       972.288452    
   36.0000000       945.456848    
   36.2500000       915.821289    
   36.5000000       883.829285    
   36.7500000       849.959900    
   37.0000000       814.692017    
   37.2500000       778.499390    
   37.5000000       741.834351    
   37.7500000       705.143616    
   38.0000000       668.874146    
   38.2500000       633.444214    
   38.5000000       599.157776    
   38.7500000       566.289917    
   39.0000000       535.116150    
   39.2500000       505.867554    
   39.5000000       478.600403    
   39.7500000       453.326874    
   40.0000000       430.059113    
   40.2500000       408.793243    
   40.5000000       389.460571    
   40.7500000       371.976349    
   41.0000000       356.255768    
   41.2500000       342.215515    
   41.5000000       329.778107    
   41.7500000       318.867615    
   42.0000000       309.407928    
   42.2500000       301.323944    
   42.5000000       294.543579    
   42.7500000       288.995667    
   43.0000000       284.608948    
   43.2500000       281.314087    
   43.5000000       279.049042    
   43.7500000       277.753571    
   44.0000000       277.367554    
   44.2500000       277.831360    
   44.5000000       279.087677    
   44.7500000       281.079834    
   45.0000000       283.751099    
   45.2500000       287.044922    
   45.5000000       290.904968    
   45.7500000       295.275208    
   46.0000000       300.099426    
   46.2500000       305.323029    
   46.5000000       310.897430    
   46.7500000       316.775543    
   47.0000000       322.910370    
   47.2500000       329.256989    
   47.5000000       335.779541    
   47.7500000       342.444214    
   48.0000000       349.217346    
   48.2500000       356.066010    
   48.5000000       362.960815    
   48.7500000       369.873169    
   49.0000000       376.774536    
   49.2500000       383.636078    
   49.5000000       390.428375    
   49.7500000       397.121552    
   50.0000000       403.685883    
   50.2500000       410.090332    
   50.5000000       416.298431    
   50.7500000       422.272034    
   51.0000000       427.973480    
   51.2500000       433.362823    
   51.5000000       438.392212    
   51.7500000       443.011932    
   52.0000000       447.172089    
   52.2500000       450.821991    
   52.5000000       453.907013    
   52.7500000       456.371796    
   53.0000000       458.160614    
   53.2500000       459.218964    
   53.5000000       459.495697    
   53.7500000       458.940552    
   54.0000000       457.503448    
   54.2500000       455.142700    
   54.5000000       451.851715    
   54.7500000       447.632507    
   55.0000000       442.486969    
   55.2500000       436.430145    
   55.5000000       429.528809    
   55.7500000       421.862579    
   56.0000000       413.511169    
   56.2500000       404.559174    
   56.5000000       395.111053    
   56.7500000       385.276306    
   57.0000000       375.164551    
   57.2500000       364.884003    
   57.5000000       354.539185    
   57.7500000       344.233307    
   58.0000000       334.069733    
   58.2500000       324.145325    
   58.5000000       314.531311    
   58.7500000       305.292450    
   59.0000000       296.493561    
   59.2500000       288.189575    
   59.5000000       280.396454    
   59.7500000       273.120148    
   60.0000000       266.366760    
   60.2500000       260.138824    
   60.5000000       254.424713    
   60.7500000       249.209259    
   61.0000000       244.477325    
   61.2500000       240.213806    
   61.5000000       236.403656    
   61.7500000       233.031891    
   62.0000000       230.083481    
   62.2500000       227.540375    
   62.5000000       225.372086    
   62.7500000       223.545074    
   63.0000000       222.025833    
   63.2500000       220.776367    
   63.5000000       219.741364    
   63.7500000       218.860947    
   64.0000000       218.075333    
   64.2500000       217.322891    
   64.5000000       216.534286    
   64.7500000       215.638382    
   65.0000000       214.564117    
   65.2500000       213.241333    
   65.5000000       211.604340    
   65.7500000       209.588486    
   66.0000000       207.128998    
   66.2500000       204.171265    
   66.5000000       200.700378    
   66.7500000       196.711472    
   67.0000000       192.199661    
   67.2500000       187.174835    
   67.5000000       181.706192    
   67.7500000       175.877640    
   68.0000000       169.773178    
   68.2500000       163.482544    
   68.5000000       157.118652    
   68.7500000       150.800110    
   69.0000000       144.645676    
   69.2500000       138.772354    
   69.5000000       133.291092    
   69.7500000       128.311188    
   70.0000000       123.941902    
   70.2500000       120.281090    
   70.5000000       117.380478    
   70.7500000       115.280350    
   71.0000000       114.020973    
   71.2500000       113.625290    
   71.5000000       114.047081    
   71.7500000       115.222763    
   72.0000000       117.088829    
   72.2500000       119.575096    
   72.5000000       122.585136    
   72.7500000       126.015839    
   73.0000000       129.764160    
   73.2500000       133.728287    
   73.5000000       137.811356    
   73.7500000       141.917801    
   74.0000000       145.952011    
   74.2500000       149.825653    
   74.5000000       153.479782    
   74.7500000       156.862625    
   75.0000000       159.922485    
   75.2500000       162.618805    
   75.5000000       164.955582    
   75.7500000       166.947983    
   76.0000000       168.611176    
   76.2500000       169.964401    
   76.5000000       171.043549    
   76.7500000       171.888535    
   77.0000000       172.539291    
   77.2500000       173.035355    
   77.5000000       173.414490    
   77.7500000       173.714066    
   78.0000000       173.971497    
   78.2500000       174.223297    
   78.5000000       174.502869    
   78.7500000       174.842804    
   79.0000000       175.275757    
   79.2500000       175.832901    
   79.5000000       176.539978    
   79.7500000       177.421432    
   80.0000000       178.501617    
   80.2500000       179.804504    
   80.5000000       181.352356    
   80.7500000       183.167023    
   81.0000000       185.270401    
   81.2500000       187.684113    
   81.5000000       190.428909    
   81.7500000       193.525330    
   82.0000000       196.993866    
   82.2500000       200.852249    
   82.5000000       205.106979    
   82.7500000       209.761627    
   83.0000000       214.819824    
   83.2500000       220.281113    
   83.5000000       226.128479    
   83.7500000       232.340881    
   84.0000000       238.897171    
   84.2500000       245.774612    
   84.5000000       252.943542    
   84.7500000       260.372681    
   85.0000000       268.030762    
   85.2500000       275.887238    
   85.5000000       283.914612    
   85.7500000       292.086090    
   86.0000000       300.375031    
   86.2500000       308.761353    
   86.5000000       317.251892    
   86.7500000       325.860321    
   87.0000000       334.600250    
   87.2500000       343.495148    
   87.5000000       352.608368    
   87.7500000       362.013214    
   88.0000000       371.782837    
   88.2500000       381.994629    
   88.5000000       392.742249    
   88.7500000       404.123535    
   89.0000000       416.236298    
   89.2500000       429.176544    
   89.5000000       443.032837    
   89.7500000       457.891998    
   90.0000000       473.840912    
   90.2500000       490.950226    
   90.5000000       509.226563    
   90.7500000       528.660156    
   91.0000000       549.241455    
   91.2500000       570.936829    
   91.5000000       593.616943    
   91.7500000       617.128235    
   92.0000000       641.317200    
   92.2500000       666.021240    
   92.5000000       691.040710    
   92.7500000       716.166931    
   93.0000000       741.190979    
   93.2500000       765.906067    
   93.5000000       790.113586    
   93.7500000       813.617004    
   94.0000000       836.219910    
   94.2500000       857.739014    
   94.5000000       878.044861    
   94.7500000       897.021729    
   95.0000000       914.553284    
   95.2500000       930.544434    
   95.5000000       944.981140    
   95.7500000       957.870056    
   96.0000000       969.217834    
   96.2500000       979.038330    
   96.5000000       987.375183    
   96.7500000       994.279053    
   97.0000000       999.800842    
   97.2500000       1003.99121    
   97.5000000       1006.90131    
   97.7500000       1008.58197    
   98.0000000       1009.08417    
   98.2500000       1008.46613    
   98.5000000       1006.81488    
   98.7500000       1004.22510    
   99.0000000       1000.79114    
   99.2500000       996.617859    
   99.5000000       991.851501    
   99.7500000       986.648132    
   100.000000       981.164612    
   100.250000       975.561523    
   100.500000       970.017517    
   100.750000       964.715210    
   101.000000       959.837830    
   101.250000       955.565674    
   101.500000       952.069763    
   101.750000       949.519043    
   102.000000       948.082458    
   102.250000       947.907288    
   102.500000       949.055908    
   102.750000       951.569214    
   103.000000       955.487976    
   103.250000       960.821411    
   103.500000       967.451477    
   103.750000       975.228271    
   104.000000       984.001892    
   104.250000       993.610596    
   104.500000       1003.84357    
   104.750000       1014.47827    
   105.000000       1025.29175    
   105.250000       1036.06396    
   105.500000       1046.58386    
   105.750000       1056.64270    
   106.000000       1066.03198    
   106.250000       1074.55713    
   106.500000       1082.07971    
   106.750000       1088.47522    
   107.000000       1093.61951    
   107.250000       1097.40942    
   107.500000       1099.82764    
   107.750000       1100.87769    
   108.000000       1100.56360    
   108.250000       1098.89722    
   108.500000       1095.92236    
   108.750000       1091.69006    
   109.000000       1086.25208    
   109.250000       1079.65869    
   109.500000       1071.95728    
   109.750000       1063.19421    
   110.000000       1053.41553    
   110.250000       1042.66541    
   110.500000       1030.97998    
   110.750000       1018.39319    
   111.000000       1004.93884    
   111.250000       990.647522    
   111.500000       975.536621    
   111.750000       959.620239    
   112.000000       942.911926    
   112.250000       925.424561    
   112.500000       907.165466    
   112.750000       888.140381    
   113.000000       868.355286    
   113.250000       847.816772    
   113.500000       826.533691    
   113.750000       804.515747    
   114.000000       781.772644    
   114.250000       758.319214    
   114.500000       734.192566    
   114.750000       709.434998    
   115.000000       684.088989    
   115.250000       658.204834    
   115.500000       631.866089    
   115.750000       605.163940    
   116.000000       578.189636    
   116.250000       551.037842    
   116.500000       523.815369    
   116.750000       496.632141    
   117.000000       469.598328    
   117.250000       442.823273    
   117.500000       416.414093    
   117.750000       390.477295    
   118.000000       365.119415    
   118.250000       340.443573    
   118.500000       316.539368    
   118.750000       293.492981    
   119.000000       271.390594    
   119.250000       250.313309    
   119.500000       230.321442    
   119.750000       211.470169    
   120.000000       193.814728    
   120.250000       177.408356    
   120.500000       162.296753    
   120.750000       148.523804    
   121.000000       136.133286    
   121.250000       125.169174    
   121.500000       115.675850    
   121.750000       107.697823    
   122.000000       101.279648    
   122.250000       96.4654236    
   122.500000       93.2976456    
   122.750000       91.8184586    
   123.000000       92.0699463    
   123.250000       94.0935593    
   123.500000       97.9280624    
   123.750000       103.611542    
   124.000000       111.182106    
   124.250000       120.678009    
   124.500000       132.138199    
   124.750000       145.601822    
   125.000000       161.107956    
   125.250000       178.694153    
   125.500000       198.391876    
   125.750000       220.230911    
   126.000000       244.241104    
   126.250000       270.435608    
   126.500000       298.760834    
   126.750000       329.146423    
   127.000000       361.522156    
   127.250000       395.792908    
   127.500000       431.765015    
   127.750000       469.219849    
   128.000000       507.938934    
   128.250000       547.694153    
   128.500000       588.218811    
   128.750000       629.236572    
   129.000000       670.471252    
   129.250000       711.648926    
   129.500000       752.505737    
   129.750000       792.780762    
   130.000000       832.212524    
   130.250000       870.558167    
   130.500000       907.647095    
   130.750000       943.327148    
   131.000000       977.445862    
   131.250000       1009.87866    
   131.500000       1040.61035    
   131.750000       1069.65344    
   132.000000       1097.02002    
   132.250000       1122.73279    
   132.500000       1146.85449    
   132.750000       1169.45813    
   133.000000       1190.61658    
   133.250000       1210.40247    
   133.500000       1228.88477    
   133.750000       1246.13257    
   134.000000       1262.21448    
   134.250000       1277.20117    
   134.500000       1291.17126    
   134.750000       1304.20508    
   135.000000       1316.38330    
   135.250000       1327.78857    
   135.500000       1338.51343    
   135.750000       1348.65259    
   136.000000       1358.30090    
   136.250000       1367.55469    
   136.500000       1376.51453    
   136.750000       1385.28308    
   137.000000       1393.96265    
   137.250000       1402.65417    
   137.500000       1411.45337    
   137.750000       1420.45581    
   138.000000       1429.75549    
   138.250000       1439.43481    
   138.500000       1449.52612    
   138.750000       1460.04895    
   139.000000       1471.02295    
   139.250000       1482.44971    
   139.500000       1494.25549    
   139.750000       1506.34924    
   140.000000       1518.63867    
   140.250000       1531.02515    
   140.500000       1543.38110    
   140.750000       1555.57166    
   141.000000       1567.46167    
   141.250000       1578.91833    
   141.500000       1589.81519    
   141.750000       1600.02795    
   142.000000       1609.43237    
   142.250000       1617.91553    
   142.500000       1625.41370    
   142.750000       1631.87427    
   143.000000       1637.24487    
   143.250000       1641.49194    
   143.500000       1644.65369    
   143.750000       1646.78735    
   144.000000       1647.94958    
   144.250000       1648.20435    
   144.500000       1647.64246    
   144.750000       1646.36121    
   145.000000       1644.45862    
   145.250000       1642.03113    
   145.500000       1639.17261    
   145.750000       1635.97534    

