TitleText: Ni(001)-(5x5)-Li     Beam (1,0)                Rfac10=0.1946
 "IV theory
   46.2500000       3220.83569    
   46.5000000       3174.03418    
   46.7500000       3122.96655    
   47.0000000       3067.78784    
   47.2500000       3008.68848    
   47.5000000       2946.00146    
   47.7500000       2880.09644    
   48.0000000       2811.34180    
   48.2500000       2740.12061    
   48.5000000       2666.87280    
   48.7500000       2592.05249    
   49.0000000       2516.11353    
   49.2500000       2439.50610    
   49.5000000       2362.66382    
   49.7500000       2286.01636    
   50.0000000       2209.99268    
   50.2500000       2134.99194    
   50.5000000       2061.28857    
   50.7500000       1989.12659    
   51.0000000       1918.74939    
   51.2500000       1850.35461    
   51.5000000       1783.95386    
   51.7500000       1719.51221    
   52.0000000       1656.99573    
   52.2500000       1596.35120    
   52.5000000       1537.45422    
   52.7500000       1480.16223    
   53.0000000       1424.33276    
   53.2500000       1369.82751    
   53.5000000       1316.52673    
   53.7500000       1264.31482    
   54.0000000       1213.07605    
   54.2500000       1162.72717    
   54.5000000       1113.31238    
   54.7500000       1064.90881    
   55.0000000       1017.59290    
   55.2500000       971.489563    
   55.5000000       926.916077    
   55.7500000       884.238220    
   56.0000000       843.821655    
   56.2500000       806.050415    
   56.5000000       771.383057    
   56.7500000       740.296570    
   57.0000000       713.268250    
   57.2500000       690.770630    
   57.5000000       673.258789    
   57.7500000       661.183533    
   58.0000000       654.995483    
   58.2500000       655.115417    
   58.5000000       661.844360    
   58.7500000       675.453430    
   59.0000000       696.213623    
   59.2500000       724.350342    
   59.5000000       759.906433    
   59.7500000       802.878845    
   60.0000000       853.264709    
   60.2500000       911.045227    
   60.5000000       976.138245    
   60.7500000       1048.44580    
   61.0000000       1127.87000    
   61.2500000       1214.31018    
   61.5000000       1307.65710    
   61.7500000       1407.79797    
   62.0000000       1514.62097    
   62.2500000       1627.97314    
   62.5000000       1747.53796    
   62.7500000       1872.95935    
   63.0000000       2003.88049    
   63.2500000       2139.88452    
   63.5000000       2280.31665    
   63.7500000       2424.46289    
   64.0000000       2571.60840    
   64.2500000       2721.01563    
   64.5000000       2871.85156    
   64.7500000       3023.26123    
   65.0000000       3174.38867    
   65.2500000       3324.38525    
   65.5000000       3472.43042    
   65.7500000       3617.70898    
   66.0000000       3759.40674    
   66.2500000       3896.76196    
   66.5000000       4029.22168    
   66.7500000       4156.28516    
   67.0000000       4277.45264    
   67.2500000       4392.30176    
   67.5000000       4500.72705    
   67.7500000       4602.70117    
   68.0000000       4698.19775    
   68.2500000       4787.21875    
   68.5000000       4869.88086    
   68.7500000       4946.33105    
   69.0000000       5016.71533    
   69.2500000       5081.17871    
   69.5000000       5139.86133    
   69.7500000       5192.90137    
   70.0000000       5240.43848    
   70.2500000       5282.62500    
   70.5000000       5319.67041    
   70.7500000       5351.79736    
   71.0000000       5379.22900    
   71.2500000       5402.20752    
   71.5000000       5421.05127    
   71.7500000       5436.10010    
   72.0000000       5447.68896    
   72.2500000       5456.16748    
   72.5000000       5461.91748    
   72.7500000       5465.33105    
   73.0000000       5466.79980    
   73.2500000       5466.70898    
   73.5000000       5465.41504    
   73.7500000       5463.26563    
   74.0000000       5460.61182    
   74.2500000       5457.73145    
   74.5000000       5454.62695    
   74.7500000       5451.23145    
   75.0000000       5447.47705    
   75.2500000       5443.19189    
   75.5000000       5437.79639    
   75.7500000       5430.60449    
   76.0000000       5420.93164    
   76.2500000       5408.05273    
   76.5000000       5391.07861    
   76.7500000       5369.07959    
   77.0000000       5341.12549    
   77.2500000       5306.30029    
   77.5000000       5263.74170    
   77.7500000       5212.59961    
   78.0000000       5152.02344    
   78.2500000       5081.27148    
   78.5000000       5000.02832    
   78.7500000       4908.08496    
   79.0000000       4805.23193    
   79.2500000       4691.42188    
   79.5000000       4567.24658    
   79.7500000       4433.46045    
   80.0000000       4290.81641    
   80.2500000       4140.12842    
   80.5000000       3982.44946    
   80.7500000       3818.89307    
   81.0000000       3650.57300    
   81.2500000       3478.59473    
   81.5000000       3304.03467    
   81.7500000       3127.96167    
   82.0000000       2951.44409    
   82.2500000       2775.52661    
   82.5000000       2601.15747    
   82.7500000       2429.26050    
   83.0000000       2260.75952    
   83.2500000       2096.54004    
   83.5000000       1937.33069    
   83.7500000       1783.82153    
   84.0000000       1636.70239    
   84.2500000       1496.65125    
   84.5000000       1364.29749    
   84.7500000       1240.25830    
   85.0000000       1125.15125    
   85.2500000       1019.58673    
   85.5000000       924.148865    
   85.7500000       839.414978    
   86.0000000       765.962219    
   86.2500000       704.284546    
   86.5000000       654.541382    
   86.7500000       616.808899    
   87.0000000       591.162842    
   87.2500000       577.555847    
   87.5000000       575.445923    
   87.7500000       584.167542    
   88.0000000       603.055420    
   88.2500000       631.396973    
   88.5000000       668.291870    
   88.7500000       712.792847    
   89.0000000       763.952454    
   89.2500000       820.831482    
   89.5000000       882.522095    
   89.7500000       948.124268    
   90.0000000       1016.73834    
   90.2500000       1087.50586    
   90.5000000       1159.73389    
   90.7500000       1232.77075    
   91.0000000       1305.96545    
   91.2500000       1378.72974    
   91.5000000       1450.73096    
   91.7500000       1521.69910    
   92.0000000       1591.36487    
   92.2500000       1659.48218    
   92.5000000       1725.89575    
   92.7500000       1790.47473    
   93.0000000       1853.08728    
   93.2500000       1913.60144    
   93.5000000       1971.88428    
   93.7500000       2027.80188    
   94.0000000       2081.22119    
   94.2500000       2132.02588    
   94.5000000       2180.17261    
   94.7500000       2225.63452    
   95.0000000       2268.38623    
   95.2500000       2308.42627    
   95.5000000       2345.85718    
   95.7500000       2380.80591    
   96.0000000       2413.39966    
   96.2500000       2443.77612    
   96.5000000       2472.11279    
   96.7500000       2498.59668    
   97.0000000       2523.41553    
   97.2500000       2546.75439    
   97.5000000       2568.78857    
   97.7500000       2589.69067    
   98.0000000       2609.63428    
   98.2500000       2628.77466    
   98.5000000       2647.20020    
   98.7500000       2664.98267    
   99.0000000       2682.19189    
   99.2500000       2698.87524    
   99.5000000       2714.97583    
   99.7500000       2730.41333    
   100.000000       2745.10522    
   100.250000       2758.96094    
   100.500000       2771.84912    
   100.750000       2783.62842    
   101.000000       2794.15771    
   101.250000       2803.29810    
   101.500000       2810.92432    
   101.750000       2816.91284    
   102.000000       2821.14038    
   102.250000       2823.50806    
   102.500000       2824.01172    
   102.750000       2822.66992    
   103.000000       2819.50293    
   103.250000       2814.56519    
   103.500000       2808.05371    
   103.750000       2800.19995    
   104.000000       2791.23730    
   104.250000       2781.41162    
   104.500000       2771.02466    
   104.750000       2760.39185    
   105.000000       2749.83032    
   105.250000       2739.65063    
   105.500000       2730.14893    
   105.750000       2721.61597    
   106.000000       2714.34253    
   106.250000       2708.58838    
   106.500000       2704.48560    
   106.750000       2702.13477    
   107.000000       2701.63647    
   107.250000       2703.04321    
   107.500000       2706.21680    
   107.750000       2710.97144    
   108.000000       2717.12061    
   108.250000       2724.46069    
   108.500000       2732.71582    
   108.750000       2741.59155    
   109.000000       2750.79419    
   109.250000       2760.03223    
   109.500000       2769.02612    
   109.750000       2777.49780    
   110.000000       2785.17041    
   110.250000       2791.77954    
   110.500000       2797.11377    
   110.750000       2800.97412    
   111.000000       2803.16284    
   111.250000       2803.50122    
   111.500000       2801.89307    
   111.750000       2798.26270    
   112.000000       2792.53418    
   112.250000       2784.63843    
   112.500000       2774.53516    
   112.750000       2762.19116    
   113.000000       2747.57324    
   113.250000       2730.64893    
   113.500000       2711.38892    
   113.750000       2689.76489    
   114.000000       2665.74927    
   114.250000       2639.32764    
   114.500000       2610.55103    
   114.750000       2579.48242    
   115.000000       2546.18701    
   115.250000       2510.75244    
   115.500000       2473.35669    
   115.750000       2434.20190    
   116.000000       2393.48950    
   116.250000       2351.42847    
   116.500000       2308.26318    
   116.750000       2264.24487    
   117.000000       2219.62598    
   117.250000       2174.65747    
   117.500000       2129.58936    
   117.750000       2084.67139    
   118.000000       2040.15186    
   118.250000       1996.28394    
   118.500000       1953.33362    
   118.750000       1911.56982    
   119.000000       1871.26208    
   119.250000       1832.68384    
   119.500000       1796.12732    
   119.750000       1761.88879    
   120.000000       1730.26514    
   120.250000       1701.55457    
   120.500000       1676.06299    
   120.750000       1654.09802    
   121.000000       1635.96729    
   121.250000       1621.97827    
   121.500000       1612.43494    
   121.750000       1607.64087    
   122.000000       1607.89929    
   122.250000       1613.50769    
   122.500000       1624.73975    
   122.750000       1641.86292    
   123.000000       1665.14441    
   123.250000       1694.84314    
   123.500000       1731.18103    
   123.750000       1774.37183    
   124.000000       1824.62842    
   124.250000       1882.16113    
   124.500000       1947.16699    
   124.750000       2019.83984    
   125.000000       2100.37378    
   125.250000       2188.96240    
   125.500000       2285.79907    
   125.750000       2391.07715    
   126.000000       2504.98975    
   126.250000       2627.72559    
   126.500000       2759.45776    
   126.750000       2900.35571    
   127.000000       3050.58789    
   127.250000       3210.31641    
   127.500000       3379.67944    
   127.750000       3558.80786    
   128.000000       3747.83350    
   128.250000       3946.88550    
   128.500000       4156.08936    
   128.750000       4375.56836    
   129.000000       4605.44482    
   129.250000       4845.84033    
   129.500000       5096.85889    
   129.750000       5358.60352    
   130.000000       5631.17627    
   130.250000       5914.63867    
   130.500000       6208.89307    
   130.750000       6513.80322    
   131.000000       6829.23242    
   131.250000       7154.98291    
   131.500000       7490.62402    
   131.750000       7835.66064    
   132.000000       8189.60303    
   132.250000       8551.93555    
   132.500000       8922.05371    
   132.750000       9299.33301    
   133.000000       9683.14941    
   133.250000       10072.8770    
   133.500000       10467.9053    
   133.750000       10867.6279    
   134.000000       11271.4336    
   134.250000       11678.7266    
   134.500000       12088.9463    
   134.750000       12501.5430    
   135.000000       12915.9717    
   135.250000       13331.6963    
   135.500000       13748.2500    
   135.750000       14165.1816    
   136.000000       14582.0381    
   136.250000       14998.3730    
   136.500000       15413.7568    
   136.750000       15827.7656    
   137.000000       16239.9736    
   137.250000       16649.9629    
   137.500000       17057.3281    
   137.750000       17461.6758    
   138.000000       17862.6055    
   138.250000       18259.7754    
   138.500000       18653.0508    
   138.750000       19042.3535    
   139.000000       19427.6055    
   139.250000       19808.8066    
   139.500000       20186.2695    
   139.750000       20560.3867    
   140.000000       20931.5527    
   140.250000       21300.1875    
   140.500000       21666.8379    
   140.750000       22032.0742    
   141.000000       22396.4785    
   141.250000       22760.6113    
   141.500000       23125.0156    
   141.750000       23490.2207    
   142.000000       23856.7598    
   142.250000       24225.1172    
   142.500000       24595.5801    
   142.750000       24968.3887    
   143.000000       25343.7852    
   143.250000       25721.9316    
   143.500000       26102.7051    
   143.750000       26485.8984    
   144.000000       26871.3027    
   144.250000       27258.6953    
   144.500000       27647.7324    
   144.750000       28038.0664    
   145.000000       28429.3320    
   145.250000       28821.1660    
   145.500000       29213.1973    
   145.750000       29605.0449    
   146.000000       29996.3281    
   146.250000       30386.6113    
   146.500000       30775.2109    
   146.750000       31161.3926    
   147.000000       31544.4219    
   147.250000       31923.4648    
   147.500000       32297.3555    
   147.750000       32664.8223    
   148.000000       33024.6055    
   148.250000       33375.4063    
   148.500000       33715.7969    
   148.750000       34044.2969    
   149.000000       34359.4336    
   149.250000       34659.7383    
   149.500000       34943.8164    
   149.750000       35210.2539    
   150.000000       35457.6563    
   150.250000       35684.7148    
   150.500000       35890.5078    
   150.750000       36074.2070    
   151.000000       36234.9961    
   151.250000       36372.1914    
   151.500000       36485.6875    
   151.750000       36575.5273    
   152.000000       36641.7500    
   152.250000       36684.4648    
   152.500000       36703.9570    
   152.750000       36700.5938    
   153.000000       36674.7383    
   153.250000       36626.7422    
   153.500000       36556.9570    
   153.750000       36465.7266    
   154.000000       36353.4102    
   154.250000       36220.3906    
   154.500000       36067.1758    
   154.750000       35894.3281    
   155.000000       35702.3984    
   155.250000       35491.9844    
   155.500000       35263.8789    
   155.750000       35018.9219    
   156.000000       34757.9570    
   156.250000       34481.8438    
   156.500000       34191.5117    
   156.750000       33887.9180    
   157.000000       33572.0195    
   157.250000       33244.7539    
   157.500000       32907.0703    
   157.750000       32559.8730    
   158.000000       32204.0938    
   158.250000       31840.6191    
   158.500000       31470.1816    
   158.750000       31093.4863    
   159.000000       30711.2305    
   159.250000       30324.0586    
   159.500000       29932.3867    
   159.750000       29536.5801    
   160.000000       29137.0020    
   160.250000       28733.9902    
   160.500000       28327.8066    
   160.750000       27918.6836    
   161.000000       27506.8555    
   161.250000       27092.5605    
   161.500000       26676.0566    
   161.750000       26257.5938    
   162.000000       25837.4316    
   162.250000       25415.8477    
   162.500000       24993.1875    
   162.750000       24569.8203    
   163.000000       24146.1172    
   163.250000       23722.4707    
   163.500000       23299.3926    
   163.750000       22877.4160    
   164.000000       22457.0801    
   164.250000       22038.9336    
   164.500000       21623.5762    
   164.750000       21211.6055    
   165.000000       20803.6328    
   165.250000       20400.2598    
   165.500000       20002.0645    
   165.750000       19609.6230    
   166.000000       19223.5137    
   166.250000       18844.2637    
   166.500000       18472.2285    
   166.750000       18107.7129    
   167.000000       17751.0234    
   167.250000       17402.4023    
   167.500000       17061.8223    
   167.750000       16729.1895    
   168.000000       16404.4141    
   168.250000       16087.3770    
   168.500000       15777.8525    
   168.750000       15475.5928    
   169.000000       15180.3438    
   169.250000       14891.8672    
   169.500000       14609.9492    
   169.750000       14334.3906    
   170.000000       14064.9912    
   170.250000       13801.6074    
   170.500000       13544.3564    
   170.750000       13293.4160    
   171.000000       13048.9590    
   171.250000       12811.2607    
   171.500000       12580.9648    
   171.750000       12358.8125    
   172.000000       12145.5400    
   172.250000       11941.9268    
   172.500000       11748.9111    
   172.750000       11567.4648    
   173.000000       11398.5664    
   173.250000       11243.1689    
   173.500000       11102.1455    
   173.750000       10976.3486    
   174.000000       10866.6309    
   174.250000       10773.6582    
   174.500000       10697.3477    
   174.750000       10637.4346    
   175.000000       10593.6514    
   175.250000       10565.4521    
   175.500000       10551.1816    
   175.750000       10548.9082    
   176.000000       10556.6992    
   176.250000       10572.5146    
   176.500000       10593.8799    
   176.750000       10618.2119    
   177.000000       10642.9277    
   177.250000       10665.4746    
   177.500000       10683.4150    
   177.750000       10694.3447    
   178.000000       10695.8516    
   178.250000       10685.7432    
   178.500000       10662.6855    
   178.750000       10625.5557    
   179.000000       10573.2305    
   179.250000       10504.9111    
   179.500000       10421.0879    
   179.750000       10322.5771    
   180.000000       10210.1924    
   180.250000       10084.8691    
   180.500000       9948.02637    
   180.750000       9801.20703    
   181.000000       9645.95410    
   181.250000       9483.79102    
   181.500000       9316.17285    
   181.750000       9144.53711    
   182.000000       8970.32129    
   182.250000       8794.88965    
   182.500000       8619.31055    
   182.750000       8444.57813    
   183.000000       8271.68457    
   183.250000       8101.51025    
   183.500000       7934.47266    
   183.750000       7770.87500    
   184.000000       7611.02197    
   184.250000       7455.17334    
   184.500000       7303.42529    
   184.750000       7155.82764    
   185.000000       7012.43457    
   185.250000       6873.30078    
   185.500000       6738.48682    
   185.750000       6608.05762    
   186.000000       6482.07910    
   186.250000       6360.59473    
   186.500000       6243.58008    
   186.750000       6130.99121    
   187.000000       6022.78467    
   187.250000       5918.89063    
   187.500000       5819.14209    
   187.750000       5723.34717    
   188.000000       5631.31299    
   188.250000       5542.83691    
   188.500000       5457.67383    
   188.750000       5375.56934    
   189.000000       5296.26758    
   189.250000       5219.51904    
   189.500000       5145.09277    
   189.750000       5072.76172    
   190.000000       5002.29980    
   190.250000       4933.52441    
   190.500000       4866.42139    
   190.750000       4801.01953    
   191.000000       4737.34766    
   191.250000       4675.49805    
   191.500000       4615.81543    
   191.750000       4558.70752    
   192.000000       4504.58203    
   192.250000       4453.87207    
   192.500000       4407.11035    
   192.750000       4364.85547    
   193.000000       4327.66504    
   193.250000       4296.08887    
   193.500000       4270.64502    
   193.750000       4251.84473    
   194.000000       4240.19824    
   194.250000       4236.15430    
   194.500000       4239.91211    
   194.750000       4251.60889    
   195.000000       4271.38281    
   195.250000       4299.27734    
   195.500000       4334.96387    
   195.750000       4378.02051    
   196.000000       4428.02295    
   196.250000       4484.51611    
   196.500000       4546.89893    
   196.750000       4614.53711    
   197.000000       4686.79688    
   197.250000       4763.04785    
   197.500000       4842.68848    
   197.750000       4925.11963    
   198.000000       5009.74463    
   198.250000       5095.99902    
   198.500000       5183.45605    
   198.750000       5271.72168    
   199.000000       5360.40186    
   199.250000       5449.15625    
   199.500000       5537.84912    
   199.750000       5626.39746    

