TitleText: Ni(001)-(5x5)-Li     Beam (1/5,1/5)            Rfac10=0.1710
 "IV exp
   60.250000000000000        349.43644894482787     
   60.500000000000000        383.82406831172455     
   60.750000000000000        418.53652852275894     
   61.000000000000000        453.73624999999998     
   61.250000000000000        489.61776399344757     
   61.500000000000000        526.50404506482641     
   61.750000000000000        564.75017860379194     
   62.000000000000000        604.71124999999995     
   62.250000000000000        646.64944820638163     
   62.500000000000000        690.45537642897000     
   62.750000000000000        735.92674143707336     
   63.000000000000000        782.86125000000004     
   63.250000000000000        831.00311505602565     
   63.500000000000000        879.88257421929382     
   63.750000000000000        928.97637127291489     
   64.000000000000000        977.76125000000002     
   64.250000000000000        1025.8427009445159     
   64.500000000000000        1073.3412016938553     
   64.750000000000000        1120.5059765962669     
   65.000000000000000        1167.5862500000003     
   65.250000000000000        1214.7744405409112     
   65.500000000000000        1262.0357440052858     
   65.750000000000000        1309.2785504670173     
   66.000000000000000        1356.4112500000001     
   66.250000000000000        1403.4059431418409     
   66.500000000000000        1450.4895722850029     
   66.750000000000000        1497.9527902856635     
   67.000000000000000        1546.0862499999998     
   67.250000000000000        1595.1368650167265     
   67.500000000000000        1645.1765918547035     
   67.750000000000000        1696.2336477653289     
   68.000000000000000        1748.3362499999998     
   68.250000000000000        1801.3496436662535     
   68.500000000000000        1854.4871852961833     
   68.750000000000000        1906.7992592780211     
   69.000000000000000        1957.3362499999998     
   69.250000000000000        2005.3597946932587     
   69.500000000000000        2050.9765419605628     
   69.750000000000000        2094.5043932475860     
   70.000000000000000        2136.2612500000000     
   70.250000000000000        2176.5333650607117     
   70.500000000000000        2215.4803968615643     
   70.750000000000000        2253.2303552316348     
   71.000000000000000        2289.9112500000001     
   71.250000000000000        2325.5140888138953     
   71.500000000000000        2359.4818705931812     
   71.750000000000000        2391.1205920758762     
   72.000000000000000        2419.7362499999999     
   72.250000000000000        2444.5809046837085     
   72.500000000000000        2464.6908707657121     
   72.750000000000000        2479.0485264648601     
   73.000000000000000        2486.6362500000000     
   73.250000000000000        2486.5551830762711     
   73.500000000000000        2478.3815213439702     
   73.750000000000000        2461.8102239396844     
   74.000000000000000        2436.5362500000001     
   74.250000000000000        2402.5475036362072     
   74.500000000000000        2361.0036688584073     
   74.750000000000000        2313.3573746514039     
   75.000000000000000        2261.0612500000002     
   75.250000000000000        2205.3371461288998     
   75.500000000000000        2146.4838032224011     
   75.750000000000000        2084.5691837047020     
   76.000000000000000        2019.6612500000001     
   76.250000000000000        1951.9366462231942     
   76.500000000000000        1882.0067432519882     
   76.750000000000000        1810.5915936547885     
   77.000000000000000        1738.4112500000001     
   77.250000000000000        1666.4302533533241     
   77.500000000000000        1596.5910987696457     
   77.750000000000000        1531.0807698011440     
   78.000000000000000        1472.0862499999998     
   78.250000000000000        1421.2375747385090     
   78.500000000000000        1377.9369866694296     
   78.750000000000000        1341.0297802656355     
   79.000000000000000        1309.3612499999999     
   79.250000000000000        1281.7318695676395     
   79.500000000000000        1256.7628295526365     
   79.750000000000000        1233.0304997613152     
   80.000000000000000        1209.1112499999999     
   80.250000000000000        1183.9903376159323     
   80.500000000000000        1158.2885701200244     
   80.750000000000000        1133.0356425641039     
   81.000000000000000        1109.2612500000000     
   81.250000000000000        1087.8524049686298     
   81.500000000000000        1069.1253899672661     
   81.750000000000000        1053.2538049822692     
   82.000000000000000        1040.4112500000001     
   82.250000000000000        1030.6089487595473     
   82.500000000000000        1023.2086200109113     
   82.750000000000000        1017.4096062568195     

 "IV theory
   60.250000000000000        581.60910727004386     
   60.500000000000000        584.33145550679285     
   60.750000000000000        590.22235233800768     
   61.000000000000000        599.16294569674244     
   61.250000000000000        611.03766920573526     
   61.500000000000000        625.74409924645886     
   61.750000000000000        643.18309789006946     
   62.000000000000000        663.25552720772362     
   62.250000000000000        685.86786582433365     
   62.500000000000000        710.94905857983679     
   62.750000000000000        738.43366686792604     
   63.000000000000000        768.25625208229485     
   63.250000000000000        800.35373717904486     
   63.500000000000000        834.67249136391206     
   63.750000000000000        871.16124540504143     
   64.000000000000000        909.76873007057725     
   64.250000000000000        950.44249323986560     
   64.500000000000000        993.12535123705766     
   64.750000000000000        1037.7589374975059     
   65.000000000000000        1084.2848854565632     
   65.250000000000000        1132.6327591698966     
   65.500000000000000        1182.6838451744338     
   65.750000000000000        1234.3073606274161     
   66.000000000000000        1287.3725226860863     
   66.250000000000000        1341.7301242456683     
   66.500000000000000        1397.1572611533168     
   66.750000000000000        1453.4126049941685     
   67.000000000000000        1510.2548273533603     
   67.250000000000000        1567.4351701864650     
   67.500000000000000        1624.6751569307964     
   67.750000000000000        1681.6888813941052     
   68.000000000000000        1738.1904373841417     
   68.250000000000000        1793.8959226111231     
   68.500000000000000        1848.5294503951366     
   68.750000000000000        1901.8171379587352     
   69.000000000000000        1953.4851025244720     
   69.250000000000000        2003.2763538073179     
   69.500000000000000        2051.0014714919098     
   69.750000000000000        2096.4879277553018     
   70.000000000000000        2139.5631947745483     
   70.250000000000000        2180.0809315368510     
   70.500000000000000        2217.9995442700078     
   70.750000000000000        2253.3036260119629     
   71.000000000000000        2285.9777698006619     
   71.250000000000000        2316.0163948241811     
   71.500000000000000        2343.4532248711148     
   71.750000000000000        2368.3318098801892     
   72.000000000000000        2390.6956997901307     
   72.250000000000000        2410.5882054391100     
   72.500000000000000        2428.0516812630835     
   72.750000000000000        2443.1282425974523     
   73.000000000000000        2455.8600047776185     
   73.250000000000000        2466.2955308659057     
   73.500000000000000        2474.5091748323202     
   73.750000000000000        2480.5817383737958     
   74.000000000000000        2484.5940231872614     
   74.250000000000000        2486.6362499999996     
   74.500000000000000        2486.8363156607070     
   74.750000000000000        2485.3315360484312     
   75.000000000000000        2482.2592270422192     
   75.250000000000000        2477.7605906903073     
   75.500000000000000        2471.9923737176764     
   75.750000000000000        2465.1152090184955     
   76.000000000000000        2457.2897294869331     
   76.250000000000000        2448.6753619269439     
   76.500000000000000        2439.4267087816283     
   76.750000000000000        2429.6971664038720     
   77.000000000000000        2419.6401311465611     
   77.250000000000000        2409.3983350503222     
   77.500000000000000        2399.0718529067462     
   77.750000000000000        2388.7500951951642     
   78.000000000000000        2378.5224723949082     
   78.250000000000000        2368.4618727751190     
   78.500000000000000        2358.5750957641767     
   78.750000000000000        2348.8524185802708     
   79.000000000000000        2339.2841184415920     
   79.250000000000000        2329.8543248941155     
   79.500000000000000        2320.5225767949664     
   79.750000000000000        2311.2422653290573     
   80.000000000000000        2301.9667816812994     
   80.250000000000000        2292.6494693895684     
   80.500000000000000        2283.2434814036114     
   80.750000000000000        2273.7019230261385     
   81.000000000000000        2263.9778995598604     
   81.250000000000000        2254.0180338608520     
   81.500000000000000        2243.7430189986426     
   81.750000000000000        2233.0670655961235     
   82.000000000000000        2221.9043842761885     
   82.250000000000000        2210.1596604268007     
   82.500000000000000        2197.6994784962103     
   82.750000000000000        2184.3808976977375     

TitleText: Ni(001)-(5x5)-Li     Beam (1/5,1/5)            Rfac10=0.2633
 "IV exp
   60.250000000000000        349.43644894482787     
   60.500000000000000        383.82406831172455     
   60.750000000000000        418.53652852275894     
   61.000000000000000        453.73624999999998     
   61.250000000000000        489.61776399344757     
   61.500000000000000        526.50404506482641     
   61.750000000000000        564.75017860379194     
   62.000000000000000        604.71124999999995     
   62.250000000000000        646.64944820638163     
   62.500000000000000        690.45537642897000     
   62.750000000000000        735.92674143707336     
   63.000000000000000        782.86125000000004     
   63.250000000000000        831.00311505602565     
   63.500000000000000        879.88257421929382     
   63.750000000000000        928.97637127291489     
   64.000000000000000        977.76125000000002     
   64.250000000000000        1025.8427009445159     
   64.500000000000000        1073.3412016938553     
   64.750000000000000        1120.5059765962669     
   65.000000000000000        1167.5862500000003     
   65.250000000000000        1214.7744405409112     
   65.500000000000000        1262.0357440052858     
   65.750000000000000        1309.2785504670173     
   66.000000000000000        1356.4112500000001     
   66.250000000000000        1403.4059431418409     
   66.500000000000000        1450.4895722850029     
   66.750000000000000        1497.9527902856635     
   67.000000000000000        1546.0862499999998     
   67.250000000000000        1595.1368650167265     
   67.500000000000000        1645.1765918547035     
   67.750000000000000        1696.2336477653289     
   68.000000000000000        1748.3362499999998     
   68.250000000000000        1801.3496436662535     
   68.500000000000000        1854.4871852961833     
   68.750000000000000        1906.7992592780211     
   69.000000000000000        1957.3362499999998     
   69.250000000000000        2005.3597946932587     
   69.500000000000000        2050.9765419605628     
   69.750000000000000        2094.5043932475860     
   70.000000000000000        2136.2612500000000     
   70.250000000000000        2176.5333650607117     
   70.500000000000000        2215.4803968615643     
   70.750000000000000        2253.2303552316348     
   71.000000000000000        2289.9112500000001     
   71.250000000000000        2325.5140888138953     
   71.500000000000000        2359.4818705931812     
   71.750000000000000        2391.1205920758762     
   72.000000000000000        2419.7362499999999     
   72.250000000000000        2444.5809046837085     
   72.500000000000000        2464.6908707657121     
   72.750000000000000        2479.0485264648601     
   73.000000000000000        2486.6362500000000     
   73.250000000000000        2486.5551830762711     
   73.500000000000000        2478.3815213439702     
   73.750000000000000        2461.8102239396844     
   74.000000000000000        2436.5362500000001     
   74.250000000000000        2402.5475036362072     
   74.500000000000000        2361.0036688584073     
   74.750000000000000        2313.3573746514039     
   75.000000000000000        2261.0612500000002     
   75.250000000000000        2205.3371461288998     
   75.500000000000000        2146.4838032224011     
   75.750000000000000        2084.5691837047020     
   76.000000000000000        2019.6612500000001     
   76.250000000000000        1951.9366462231942     
   76.500000000000000        1882.0067432519882     
   76.750000000000000        1810.5915936547885     
   77.000000000000000        1738.4112500000001     
   77.250000000000000        1666.4302533533241     
   77.500000000000000        1596.5910987696457     
   77.750000000000000        1531.0807698011440     
   78.000000000000000        1472.0862499999998     
   78.250000000000000        1421.2375747385090     
   78.500000000000000        1377.9369866694296     
   78.750000000000000        1341.0297802656355     
   79.000000000000000        1309.3612499999999     
   79.250000000000000        1281.7318695676395     
   79.500000000000000        1256.7628295526365     
   79.750000000000000        1233.0304997613152     
   80.000000000000000        1209.1112499999999     
   80.250000000000000        1183.9903376159323     
   80.500000000000000        1158.2885701200244     
   80.750000000000000        1133.0356425641039     
   81.000000000000000        1109.2612500000000     
   81.250000000000000        1087.8524049686298     
   81.500000000000000        1069.1253899672661     
   81.750000000000000        1053.2538049822692     
   82.000000000000000        1040.4112500000001     
   82.250000000000000        1030.6089487595473     
   82.500000000000000        1023.2086200109113     
   82.750000000000000        1017.4096062568195     

 "IV theory
   60.250000000000000        654.52108786702024     
   60.500000000000000        631.66892353036292     
   60.750000000000000        611.52029873401068     
   61.000000000000000        594.21247764007103     
   61.250000000000000        579.88084499567185     
   61.500000000000000        568.65326788802292     
   61.750000000000000        560.65573398935499     
   62.000000000000000        556.01423097189866     
   62.250000000000000        554.84343006850418     
   62.500000000000000        557.21273675450243     
   62.750000000000000        563.18024006584392     
   63.000000000000000        572.80402903847971     
   63.250000000000000        586.12669775272070     
   63.500000000000000        603.12886046632048     
   63.750000000000000        623.77563648139278     
   64.000000000000000        648.03214510005159     
   64.250000000000000        675.85912300164046     
   64.500000000000000        707.19977637442321     
   64.750000000000000        741.99292878389292     
   65.000000000000000        780.17740379554289     
   65.250000000000000        821.68983430459821     
   65.500000000000000        866.45809052521111     
   65.750000000000000        914.40785200126481     
   66.000000000000000        965.46479827664348     
   66.250000000000000        1019.5332274729691     
   66.500000000000000        1076.4319120228204     
   66.750000000000000        1135.9582429365139     
   67.000000000000000        1197.9096112243667     
   67.250000000000000        1262.0553050723538     
   67.500000000000000        1328.0522013690756     
   67.750000000000000        1395.5290741787917     
   68.000000000000000        1464.1146975657603     
   68.250000000000000        1533.4280130487041     
   68.500000000000000        1603.0486319642043     
   68.750000000000000        1672.5463331033041     
   69.000000000000000        1741.4908952570486     
   69.250000000000000        1809.4553962575903     
   69.500000000000000        1876.0261101015199     
   69.750000000000000        1940.7926098265359     
   70.000000000000000        2003.3444684703377     
   70.250000000000000        2063.2878408078104     
   70.500000000000000        2120.2952085625866     
   70.750000000000000        2174.0556351954842     
   71.000000000000000        2224.2581841673236     
   71.250000000000000        2270.6150235938198     
   71.500000000000000        2312.9307402102813     
   71.750000000000000        2351.0330254069104     
   72.000000000000000        2384.7495705739138     
   72.250000000000000        2413.9140603323222     
   72.500000000000000        2438.3841522264775     
   72.750000000000000        2458.0234970315496     
   73.000000000000000        2472.6957455227057     
   73.250000000000000        2482.2698851421223     
   73.500000000000000        2486.6362500000000     
   73.750000000000000        2485.6905108735436     
   74.000000000000000        2479.3283385399618     
   74.250000000000000        2467.4932449371690     
   74.500000000000000        2450.3201066459196     
   74.750000000000000        2427.9916414076774     
   75.000000000000000        2400.6905669639045     
   75.250000000000000        2368.6625116323153     
   75.500000000000000        2332.4047460356242     
   75.750000000000000        2292.4774513727925     
   76.000000000000000        2249.4408088427845     
   76.250000000000000        2203.8774561615446     
   76.500000000000000        2156.4598571129395     
   76.750000000000000        2107.8829319978181     
   77.000000000000000        2058.8416011170289     
   77.250000000000000        2010.0215522785866     
   77.500000000000000        1962.0715433191713     
   77.750000000000000        1915.6310995826300     
   78.000000000000000        1871.3397464128093     
   78.250000000000000        1829.7850519853953     
   78.500000000000000        1791.3467558034322     
   78.750000000000000        1756.3526402018042     
   79.000000000000000        1725.1304875153940     
   79.250000000000000        1697.9377196340763     
   79.500000000000000        1674.7503166676888     
   79.750000000000000        1655.4738982810593     
   80.000000000000000        1640.0140841390157     
   80.250000000000000        1628.2534665379917     
   80.500000000000000        1619.9825283008365     
   80.750000000000000        1614.9687248820064     
   81.000000000000000        1612.9795117359561     
   81.250000000000000        1613.7849182625405     
   81.500000000000000        1617.1652696432145     
   81.750000000000000        1622.9034650048332     
   82.000000000000000        1630.7824034742507     
   82.250000000000000        1640.5840285118613     
   82.500000000000000        1652.0864609122227     
   82.750000000000000        1665.0668658034306     

TitleText: Ni(001)-(5x5)-Li     Beam (1/5,1/5)            Rfac10=0.5330
 "IV exp
   60.250000000000000        349.43644894482787     
   60.500000000000000        383.82406831172455     
   60.750000000000000        418.53652852275894     
   61.000000000000000        453.73624999999998     
   61.250000000000000        489.61776399344757     
   61.500000000000000        526.50404506482641     
   61.750000000000000        564.75017860379194     
   62.000000000000000        604.71124999999995     
   62.250000000000000        646.64944820638163     
   62.500000000000000        690.45537642897000     
   62.750000000000000        735.92674143707336     
   63.000000000000000        782.86125000000004     
   63.250000000000000        831.00311505602565     
   63.500000000000000        879.88257421929382     
   63.750000000000000        928.97637127291489     
   64.000000000000000        977.76125000000002     
   64.250000000000000        1025.8427009445159     
   64.500000000000000        1073.3412016938553     
   64.750000000000000        1120.5059765962669     
   65.000000000000000        1167.5862500000003     
   65.250000000000000        1214.7744405409112     
   65.500000000000000        1262.0357440052858     
   65.750000000000000        1309.2785504670173     
   66.000000000000000        1356.4112500000001     
   66.250000000000000        1403.4059431418409     
   66.500000000000000        1450.4895722850029     
   66.750000000000000        1497.9527902856635     
   67.000000000000000        1546.0862499999998     
   67.250000000000000        1595.1368650167265     
   67.500000000000000        1645.1765918547035     
   67.750000000000000        1696.2336477653289     
   68.000000000000000        1748.3362499999998     
   68.250000000000000        1801.3496436662535     
   68.500000000000000        1854.4871852961833     
   68.750000000000000        1906.7992592780211     
   69.000000000000000        1957.3362499999998     
   69.250000000000000        2005.3597946932587     
   69.500000000000000        2050.9765419605628     
   69.750000000000000        2094.5043932475860     
   70.000000000000000        2136.2612500000000     
   70.250000000000000        2176.5333650607117     
   70.500000000000000        2215.4803968615643     
   70.750000000000000        2253.2303552316348     
   71.000000000000000        2289.9112500000001     
   71.250000000000000        2325.5140888138953     
   71.500000000000000        2359.4818705931812     
   71.750000000000000        2391.1205920758762     
   72.000000000000000        2419.7362499999999     
   72.250000000000000        2444.5809046837085     
   72.500000000000000        2464.6908707657121     
   72.750000000000000        2479.0485264648601     
   73.000000000000000        2486.6362500000000     
   73.250000000000000        2486.5551830762711     
   73.500000000000000        2478.3815213439702     
   73.750000000000000        2461.8102239396844     
   74.000000000000000        2436.5362500000001     
   74.250000000000000        2402.5475036362072     
   74.500000000000000        2361.0036688584073     
   74.750000000000000        2313.3573746514039     
   75.000000000000000        2261.0612500000002     
   75.250000000000000        2205.3371461288998     
   75.500000000000000        2146.4838032224011     
   75.750000000000000        2084.5691837047020     
   76.000000000000000        2019.6612500000001     
   76.250000000000000        1951.9366462231942     
   76.500000000000000        1882.0067432519882     
   76.750000000000000        1810.5915936547885     
   77.000000000000000        1738.4112500000001     
   77.250000000000000        1666.4302533533241     
   77.500000000000000        1596.5910987696457     
   77.750000000000000        1531.0807698011440     
   78.000000000000000        1472.0862499999998     
   78.250000000000000        1421.2375747385090     
   78.500000000000000        1377.9369866694296     
   78.750000000000000        1341.0297802656355     
   79.000000000000000        1309.3612499999999     
   79.250000000000000        1281.7318695676395     
   79.500000000000000        1256.7628295526365     
   79.750000000000000        1233.0304997613152     
   80.000000000000000        1209.1112499999999     
   80.250000000000000        1183.9903376159323     
   80.500000000000000        1158.2885701200244     
   80.750000000000000        1133.0356425641039     
   81.000000000000000        1109.2612500000000     
   81.250000000000000        1087.8524049686298     
   81.500000000000000        1069.1253899672661     
   81.750000000000000        1053.2538049822692     
   82.000000000000000        1040.4112500000001     
   82.250000000000000        1030.6089487595473     
   82.500000000000000        1023.2086200109113     
   82.750000000000000        1017.4096062568195     

 "IV theory
   60.250000000000000        2454.2794864535845     
   60.500000000000000        2416.2980417915251     
   60.750000000000000        2378.9006704557660     
   61.000000000000000        2342.2009634247897     
   61.250000000000000        2306.3161700564765     
   61.500000000000000        2271.3781732262992     
   61.750000000000000        2237.5225141891251     
   62.000000000000000        2204.8847341998230     
   62.250000000000000        2173.6078295431257     
   62.500000000000000        2143.8646166232120     
   62.750000000000000        2115.8353668741270     
   63.000000000000000        2089.7003517299136     
   63.250000000000000        2065.6435969100226     
   63.500000000000000        2043.8641452755389     
   63.750000000000000        2024.5647939729558     
   64.000000000000000        2007.9483401487662     
   64.250000000000000        1994.2177921962450     
   64.500000000000000        1983.5770034957968     
   64.750000000000000        1976.2300386746074     
   65.000000000000000        1972.3809623598622     
   65.250000000000000        1972.2052334694888     
   65.500000000000000        1975.7638880843726     
   65.750000000000000        1983.0893565761421     
   66.000000000000000        1994.2140693164240     
   66.250000000000000        2009.1120246036778     
   66.500000000000000        2027.5234924436957     
   66.750000000000000        2049.1303107691019     
   67.000000000000000        2073.6143175125198     
   67.250000000000000        2100.6275306109774     
   67.500000000000000        2129.7026880191102     
   67.750000000000000        2160.3427076959561     
   68.000000000000000        2192.0505076005534     
   68.250000000000000        2224.3287280682448     
   68.500000000000000        2256.6788989395836     
   68.750000000000000        2288.6022724314284     
   69.000000000000000        2319.6001007606392     
   69.250000000000000        2349.1858319062330     
   69.500000000000000        2376.9216968958735     
   69.750000000000000        2402.3821225193824     
   70.000000000000000        2425.1415355665818     
   70.250000000000000        2444.7991240770125     
   70.500000000000000        2461.0531210890858     
   70.750000000000000        2473.6265208909304     
   71.000000000000000        2482.2423177706760     
   71.250000000000000        2486.6362500000000     
   71.500000000000000        2486.5950317847751     
   71.750000000000000        2481.9181213144248     
   72.000000000000000        2472.4049767783686     
   72.250000000000000        2457.8548547048449     
   72.500000000000000        2438.0662049773537     
   72.750000000000000        2412.8372758182090     
   73.000000000000000        2381.9663154497271     
   73.250000000000000        2345.2953375271732     
   73.500000000000000        2302.8414174376162     
   73.750000000000000        2254.6653960010754     
   74.000000000000000        2200.8281140375716     
   74.250000000000000        2141.4799132799167     
   74.500000000000000        2077.1291391120994     
   74.750000000000000        2008.3736378309025     
   75.000000000000000        1935.8112557331081     
   75.250000000000000        1860.0854313640396     
   75.500000000000000        1782.0219722631889     
   75.750000000000000        1702.4922782185884     
   76.000000000000000        1622.3677490182704     
   76.250000000000000        1542.5204615588768     
   76.500000000000000        1463.8252011714840     
   76.750000000000000        1387.1574302957754     
   77.000000000000000        1313.3926113714358     
   77.250000000000000        1243.3485540843901     
   77.500000000000000        1177.6124571055193     
   77.750000000000000        1116.7138663519440     
   78.000000000000000        1061.1823277407859     
   78.250000000000000        1011.4297706433912     
   78.500000000000000        967.39765824800770     
   78.750000000000000        928.90983719710812     
   79.000000000000000        895.79015413316586     
   79.250000000000000        867.80243667252830     
   79.500000000000000        844.47043632704128     
   79.750000000000000        825.25788558242471     
   80.000000000000000        809.62851692439904     
   80.250000000000000        797.04544278992012     
   80.500000000000000        786.96929542088833     
   80.750000000000000        778.86008701043920     
   81.000000000000000        772.17782975170883     
   81.250000000000000        766.41710778333959     
   81.500000000000000        761.21079302599958     
   81.750000000000000        756.22632934586318     
   82.000000000000000        751.13116060910488     
   82.250000000000000        745.66311619932162     
   82.500000000000000        739.84156756979974     
   82.750000000000000        733.75627169124846     

TitleText: Ni(001)-(5x5)-Li     Beam (1/5,1/5)            Rfac10=0.7829
 "IV exp
   60.250000000000000        349.43644894482787     
   60.500000000000000        383.82406831172455     
   60.750000000000000        418.53652852275894     
   61.000000000000000        453.73624999999998     
   61.250000000000000        489.61776399344757     
   61.500000000000000        526.50404506482641     
   61.750000000000000        564.75017860379194     
   62.000000000000000        604.71124999999995     
   62.250000000000000        646.64944820638163     
   62.500000000000000        690.45537642897000     
   62.750000000000000        735.92674143707336     
   63.000000000000000        782.86125000000004     
   63.250000000000000        831.00311505602565     
   63.500000000000000        879.88257421929382     
   63.750000000000000        928.97637127291489     
   64.000000000000000        977.76125000000002     
   64.250000000000000        1025.8427009445159     
   64.500000000000000        1073.3412016938553     
   64.750000000000000        1120.5059765962669     
   65.000000000000000        1167.5862500000003     
   65.250000000000000        1214.7744405409112     
   65.500000000000000        1262.0357440052858     
   65.750000000000000        1309.2785504670173     
   66.000000000000000        1356.4112500000001     
   66.250000000000000        1403.4059431418409     
   66.500000000000000        1450.4895722850029     
   66.750000000000000        1497.9527902856635     
   67.000000000000000        1546.0862499999998     
   67.250000000000000        1595.1368650167265     
   67.500000000000000        1645.1765918547035     
   67.750000000000000        1696.2336477653289     
   68.000000000000000        1748.3362499999998     
   68.250000000000000        1801.3496436662535     
   68.500000000000000        1854.4871852961833     
   68.750000000000000        1906.7992592780211     
   69.000000000000000        1957.3362499999998     
   69.250000000000000        2005.3597946932587     
   69.500000000000000        2050.9765419605628     
   69.750000000000000        2094.5043932475860     
   70.000000000000000        2136.2612500000000     
   70.250000000000000        2176.5333650607117     
   70.500000000000000        2215.4803968615643     
   70.750000000000000        2253.2303552316348     
   71.000000000000000        2289.9112500000001     
   71.250000000000000        2325.5140888138953     
   71.500000000000000        2359.4818705931812     
   71.750000000000000        2391.1205920758762     
   72.000000000000000        2419.7362499999999     
   72.250000000000000        2444.5809046837085     
   72.500000000000000        2464.6908707657121     
   72.750000000000000        2479.0485264648601     
   73.000000000000000        2486.6362500000000     
   73.250000000000000        2486.5551830762711     
   73.500000000000000        2478.3815213439702     
   73.750000000000000        2461.8102239396844     
   74.000000000000000        2436.5362500000001     
   74.250000000000000        2402.5475036362072     
   74.500000000000000        2361.0036688584073     
   74.750000000000000        2313.3573746514039     
   75.000000000000000        2261.0612500000002     
   75.250000000000000        2205.3371461288998     
   75.500000000000000        2146.4838032224011     
   75.750000000000000        2084.5691837047020     
   76.000000000000000        2019.6612500000001     
   76.250000000000000        1951.9366462231942     
   76.500000000000000        1882.0067432519882     
   76.750000000000000        1810.5915936547885     
   77.000000000000000        1738.4112500000001     
   77.250000000000000        1666.4302533533241     
   77.500000000000000        1596.5910987696457     
   77.750000000000000        1531.0807698011440     
   78.000000000000000        1472.0862499999998     
   78.250000000000000        1421.2375747385090     
   78.500000000000000        1377.9369866694296     
   78.750000000000000        1341.0297802656355     
   79.000000000000000        1309.3612499999999     
   79.250000000000000        1281.7318695676395     
   79.500000000000000        1256.7628295526365     
   79.750000000000000        1233.0304997613152     
   80.000000000000000        1209.1112499999999     
   80.250000000000000        1183.9903376159323     
   80.500000000000000        1158.2885701200244     
   80.750000000000000        1133.0356425641039     
   81.000000000000000        1109.2612500000000     
   81.250000000000000        1087.8524049686298     
   81.500000000000000        1069.1253899672661     
   81.750000000000000        1053.2538049822692     
   82.000000000000000        1040.4112500000001     
   82.250000000000000        1030.6089487595473     
   82.500000000000000        1023.2086200109113     
   82.750000000000000        1017.4096062568195     

 "IV theory
   60.250000000000000        2425.4423279193215     
   60.500000000000000        2270.4376457857734     
   60.750000000000000        2111.9842703181771     
   61.000000000000000        1951.4924122696923     
   61.250000000000000        1790.4313268543308     
   61.500000000000000        1630.5064471295138     
   61.750000000000000        1473.4822506135147     
   62.000000000000000        1321.1232148246058     
   62.250000000000000        1175.1791559415040     
   62.500000000000000        1037.3412447846933     
   62.750000000000000        909.28599083510323     
   63.000000000000000        792.68990357366101     
   63.250000000000000        689.07092206131426     
   63.500000000000000        599.31270367908871     
   63.750000000000000        524.14033538802926     
   64.000000000000000        464.27890414918090     
   64.250000000000000        420.19728245126794     
   64.500000000000000        391.33948489373142     
   64.750000000000000        376.89331160369153     
   65.000000000000000        376.04656270826837     
   65.250000000000000        387.88265387166268     
   65.500000000000000        411.06746290639768     
   65.750000000000000        444.16248316207668     
   66.000000000000000        485.72920798830347     
   66.250000000000000        534.34162698447733     
   66.500000000000000        588.62371474917995     
   66.750000000000000        647.21194213078911     
   67.000000000000000        708.74277997768218     
   67.250000000000000        771.93651341764041     
   67.500000000000000        835.84868469605851     
   67.750000000000000        899.61865033773518     
   68.000000000000000        962.38576686746831     
   68.250000000000000        1023.4272406344264     
   68.500000000000000        1082.5716772852579     
   68.750000000000000        1139.7855322909807     
   69.000000000000000        1195.0352611226131     
   69.250000000000000        1248.3429975889587     
   69.500000000000000        1299.9535888499615     
   69.750000000000000        1350.1675604033512     
   70.000000000000000        1399.2854377468577     
   70.250000000000000        1447.6019780770903     
   70.500000000000000        1495.3888653861782     
   70.750000000000000        1542.9120153651297     
   71.000000000000000        1590.4373437049539     
   71.250000000000000        1638.1988965073663     
   71.500000000000000        1686.3032415169098     
   71.750000000000000        1734.8250768888340     
   72.000000000000000        1783.8391007783878     
   72.250000000000000        1833.3671279884293     
   72.500000000000000        1883.2194399122443     
   72.750000000000000        1933.1534345907269     
   73.000000000000000        1982.9265100647715     
   73.250000000000000        2032.2746509115652     
   73.500000000000000        2080.8481878534694     
   73.750000000000000        2128.2760381491389     
   74.000000000000000        2174.1871190572283     
   74.250000000000000        2218.2129084102990     
   74.500000000000000        2259.9951263365419     
   74.750000000000000        2299.1780535380531     
   75.000000000000000        2335.4059707169308     
   75.250000000000000        2368.3400815532809     
   75.500000000000000        2397.7092816392442     
   75.750000000000000        2423.2593895449718     
   76.000000000000000        2444.7362238406145     
   76.250000000000000        2461.9138695599881     
   76.500000000000000        2474.6794775915773     
   76.750000000000000        2482.9484652875312     
   77.000000000000000        2486.6362500000000     
   77.250000000000000        2485.6684280786521     
   77.500000000000000        2480.0113118632266     
   77.750000000000000        2469.6413926909827     
   78.000000000000000        2454.5351618991772     
   78.250000000000000        2434.6723060869904     
   78.500000000000000        2410.0452929012858     
   78.750000000000000        2380.6497852508510     
   79.000000000000000        2346.4814460444722     
   79.250000000000000        2307.5923814115945     
   79.500000000000000        2264.2604703643028     
   79.750000000000000        2216.8200351353389     
   80.000000000000000        2165.6053979574481     
   80.250000000000000        2111.0411110634932     
   80.500000000000000        2053.9126466868242     
   80.750000000000000        1995.0957070609113     
   81.000000000000000        1935.4659944192242     
   81.250000000000000        1875.9359869170569     
   81.500000000000000        1817.5652663969965     
   81.750000000000000        1761.4501906234550     
   82.000000000000000        1708.6871173608431     
   82.250000000000000        1660.3682732988307     
   82.500000000000000        1617.5693608281208     
   82.750000000000000        1581.3619512646756     

TitleText: Ni(001)-(5x5)-Li     Beam (1/5,1/5)            Rfac10=0.1057
 "IV exp
   60.250000000000000        349.43644894482787     
   60.500000000000000        383.82406831172455     
   60.750000000000000        418.53652852275894     
   61.000000000000000        453.73624999999998     
   61.250000000000000        489.61776399344757     
   61.500000000000000        526.50404506482641     
   61.750000000000000        564.75017860379194     
   62.000000000000000        604.71124999999995     
   62.250000000000000        646.64944820638163     
   62.500000000000000        690.45537642897000     
   62.750000000000000        735.92674143707336     
   63.000000000000000        782.86125000000004     
   63.250000000000000        831.00311505602565     
   63.500000000000000        879.88257421929382     
   63.750000000000000        928.97637127291489     
   64.000000000000000        977.76125000000002     
   64.250000000000000        1025.8427009445159     
   64.500000000000000        1073.3412016938553     
   64.750000000000000        1120.5059765962669     
   65.000000000000000        1167.5862500000003     
   65.250000000000000        1214.7744405409112     
   65.500000000000000        1262.0357440052858     
   65.750000000000000        1309.2785504670173     
   66.000000000000000        1356.4112500000001     
   66.250000000000000        1403.4059431418409     
   66.500000000000000        1450.4895722850029     
   66.750000000000000        1497.9527902856635     
   67.000000000000000        1546.0862499999998     
   67.250000000000000        1595.1368650167265     
   67.500000000000000        1645.1765918547035     
   67.750000000000000        1696.2336477653289     
   68.000000000000000        1748.3362499999998     
   68.250000000000000        1801.3496436662535     
   68.500000000000000        1854.4871852961833     
   68.750000000000000        1906.7992592780211     
   69.000000000000000        1957.3362499999998     
   69.250000000000000        2005.3597946932587     
   69.500000000000000        2050.9765419605628     
   69.750000000000000        2094.5043932475860     
   70.000000000000000        2136.2612500000000     
   70.250000000000000        2176.5333650607117     
   70.500000000000000        2215.4803968615643     
   70.750000000000000        2253.2303552316348     
   71.000000000000000        2289.9112500000001     
   71.250000000000000        2325.5140888138953     
   71.500000000000000        2359.4818705931812     
   71.750000000000000        2391.1205920758762     
   72.000000000000000        2419.7362499999999     
   72.250000000000000        2444.5809046837085     
   72.500000000000000        2464.6908707657121     
   72.750000000000000        2479.0485264648601     
   73.000000000000000        2486.6362500000000     
   73.250000000000000        2486.5551830762711     
   73.500000000000000        2478.3815213439702     
   73.750000000000000        2461.8102239396844     
   74.000000000000000        2436.5362500000001     
   74.250000000000000        2402.5475036362072     
   74.500000000000000        2361.0036688584073     
   74.750000000000000        2313.3573746514039     
   75.000000000000000        2261.0612500000002     
   75.250000000000000        2205.3371461288998     
   75.500000000000000        2146.4838032224011     
   75.750000000000000        2084.5691837047020     
   76.000000000000000        2019.6612500000001     
   76.250000000000000        1951.9366462231942     
   76.500000000000000        1882.0067432519882     
   76.750000000000000        1810.5915936547885     
   77.000000000000000        1738.4112500000001     
   77.250000000000000        1666.4302533533241     
   77.500000000000000        1596.5910987696457     
   77.750000000000000        1531.0807698011440     
   78.000000000000000        1472.0862499999998     
   78.250000000000000        1421.2375747385090     
   78.500000000000000        1377.9369866694296     
   78.750000000000000        1341.0297802656355     
   79.000000000000000        1309.3612499999999     
   79.250000000000000        1281.7318695676395     
   79.500000000000000        1256.7628295526365     
   79.750000000000000        1233.0304997613152     
   80.000000000000000        1209.1112499999999     
   80.250000000000000        1183.9903376159323     
   80.500000000000000        1158.2885701200244     
   80.750000000000000        1133.0356425641039     
   81.000000000000000        1109.2612500000000     
   81.250000000000000        1087.8524049686298     
   81.500000000000000        1069.1253899672661     
   81.750000000000000        1053.2538049822692     
   82.000000000000000        1040.4112500000001     
   82.250000000000000        1030.6089487595473     
   82.500000000000000        1023.2086200109113     
   82.750000000000000        1017.4096062568195     

 "IV theory
   60.250000000000000        626.22483495185065     
   60.500000000000000        631.80958365730305     
   60.750000000000000        638.05258060699646     
   61.000000000000000        644.88961179474404     
   61.250000000000000        652.26116408041628     
   61.500000000000000        660.12652778810991     
   61.750000000000000        668.44969410797830     
   62.000000000000000        677.19465423017516     
   62.250000000000000        686.34156236084686     
   62.500000000000000        695.93522477011265     
   62.750000000000000        706.03661074408444     
   63.000000000000000        716.70668956887437     
   63.250000000000000        728.02094712160840     
   63.500000000000000        740.11293564347068     
   63.750000000000000        753.13072396665893     
   64.000000000000000        767.22238092337091     
   64.250000000000000        782.53969852932494     
   64.500000000000000        799.24936153432031     
   64.750000000000000        817.52177787167511     
   65.000000000000000        837.52735547470900     
   65.250000000000000        859.43040869750700     
   65.500000000000000        883.37087757721827     
   65.750000000000000        909.48260857175967     
   66.000000000000000        937.89944813904663     
   66.250000000000000        968.73436873780884     
   66.500000000000000        1002.0168468300326     
   66.750000000000000        1037.7554848785173     
   67.000000000000000        1075.9588853460632     
   67.250000000000000        1116.6161053891408     
   67.500000000000000        1159.6380209389031     
   67.750000000000000        1204.9159626201752     
   68.000000000000000        1252.3412610577802     
   68.250000000000000        1301.8028666362318     
   68.500000000000000        1353.1802087787958     
   68.750000000000000        1406.3503366684281     
   69.000000000000000        1461.1902994880834     
   69.250000000000000        1517.5695016790132     
   69.500000000000000        1575.3267687156542     
   69.750000000000000        1634.2932813307391     
   70.000000000000000        1694.3002202570008     
   70.250000000000000        1755.1458654770420     
   70.500000000000000        1816.4968939729458     
   70.750000000000000        1877.9870819766659     
   71.000000000000000        1939.2502057201559     
   71.250000000000000        1999.8916469401822     
   71.500000000000000        2059.4032093927653     
   71.750000000000000        2117.2483023387394     
   72.000000000000000        2172.8903350389387     
   72.250000000000000        2225.7833803330818     
   72.500000000000000        2275.3441653764276     
   72.750000000000000        2320.9800809031185     
   73.000000000000000        2362.0985176472996     
   73.250000000000000        2398.1308463005289     
   73.500000000000000        2428.6043573840238     
   73.750000000000000        2453.0703213764200     
   74.000000000000000        2471.0800087563512     
   74.250000000000000        2482.2722668032820     
   74.500000000000000        2486.6362500000000     
   74.750000000000000        2484.2486896301216     
   75.000000000000000        2475.1863169772651     
   75.250000000000000        2459.6051552101299     
   75.500000000000000        2437.9783950377478     
   75.750000000000000        2410.8585190542349     
   76.000000000000000        2378.7980098537028     
   76.250000000000000        2342.3661849346249     
   76.500000000000000        2302.1997014129051     
   76.750000000000000        2258.9520513088064     
   77.000000000000000        2213.2767266425908     
   77.250000000000000        2165.8151856011464     
   77.500000000000000        2117.1607510378658     
   77.750000000000000        2067.8947119727673     
   78.000000000000000        2018.5983574258696     
   78.250000000000000        1969.8196987160086     
   78.500000000000000        1921.9736363572886     
   78.750000000000000        1875.4417931626326     
   79.000000000000000        1830.6057919449624     
   79.250000000000000        1787.8154072211955     
   79.500000000000000        1747.2930203242315     
   79.750000000000000        1709.2291642909640     
   80.000000000000000        1673.8143721582874     
   80.250000000000000        1641.2353416871076     
   80.500000000000000        1611.6634295343736     
   80.750000000000000        1585.2661570810460     
   81.000000000000000        1562.2110457080860     
   81.250000000000000        1542.6533567356535     
   81.500000000000000        1526.6993112407092     
   81.750000000000000        1514.4428702394143     
   82.000000000000000        1505.9779947479290     
   82.250000000000000        1501.3463625367583     
   82.500000000000000        1500.3805183937839     
   82.750000000000000        1502.8607238612333     

TitleText: Ni(001)-(5x5)-Li     Beam (1/5,1/5)            Rfac10=1.2640
 "IV exp
   60.250000000000000        349.43644894482787     
   60.500000000000000        383.82406831172455     
   60.750000000000000        418.53652852275894     
   61.000000000000000        453.73624999999998     
   61.250000000000000        489.61776399344757     
   61.500000000000000        526.50404506482641     
   61.750000000000000        564.75017860379194     
   62.000000000000000        604.71124999999995     
   62.250000000000000        646.64944820638163     
   62.500000000000000        690.45537642897000     
   62.750000000000000        735.92674143707336     
   63.000000000000000        782.86125000000004     
   63.250000000000000        831.00311505602565     
   63.500000000000000        879.88257421929382     
   63.750000000000000        928.97637127291489     
   64.000000000000000        977.76125000000002     
   64.250000000000000        1025.8427009445159     
   64.500000000000000        1073.3412016938553     
   64.750000000000000        1120.5059765962669     
   65.000000000000000        1167.5862500000003     
   65.250000000000000        1214.7744405409112     
   65.500000000000000        1262.0357440052858     
   65.750000000000000        1309.2785504670173     
   66.000000000000000        1356.4112500000001     
   66.250000000000000        1403.4059431418409     
   66.500000000000000        1450.4895722850029     
   66.750000000000000        1497.9527902856635     
   67.000000000000000        1546.0862499999998     
   67.250000000000000        1595.1368650167265     
   67.500000000000000        1645.1765918547035     
   67.750000000000000        1696.2336477653289     
   68.000000000000000        1748.3362499999998     
   68.250000000000000        1801.3496436662535     
   68.500000000000000        1854.4871852961833     
   68.750000000000000        1906.7992592780211     
   69.000000000000000        1957.3362499999998     
   69.250000000000000        2005.3597946932587     
   69.500000000000000        2050.9765419605628     
   69.750000000000000        2094.5043932475860     
   70.000000000000000        2136.2612500000000     
   70.250000000000000        2176.5333650607117     
   70.500000000000000        2215.4803968615643     
   70.750000000000000        2253.2303552316348     
   71.000000000000000        2289.9112500000001     
   71.250000000000000        2325.5140888138953     
   71.500000000000000        2359.4818705931812     
   71.750000000000000        2391.1205920758762     
   72.000000000000000        2419.7362499999999     
   72.250000000000000        2444.5809046837085     
   72.500000000000000        2464.6908707657121     
   72.750000000000000        2479.0485264648601     
   73.000000000000000        2486.6362500000000     
   73.250000000000000        2486.5551830762711     
   73.500000000000000        2478.3815213439702     
   73.750000000000000        2461.8102239396844     
   74.000000000000000        2436.5362500000001     
   74.250000000000000        2402.5475036362072     
   74.500000000000000        2361.0036688584073     
   74.750000000000000        2313.3573746514039     
   75.000000000000000        2261.0612500000002     
   75.250000000000000        2205.3371461288998     
   75.500000000000000        2146.4838032224011     
   75.750000000000000        2084.5691837047020     
   76.000000000000000        2019.6612500000001     
   76.250000000000000        1951.9366462231942     
   76.500000000000000        1882.0067432519882     
   76.750000000000000        1810.5915936547885     
   77.000000000000000        1738.4112500000001     
   77.250000000000000        1666.4302533533241     
   77.500000000000000        1596.5910987696457     
   77.750000000000000        1531.0807698011440     
   78.000000000000000        1472.0862499999998     
   78.250000000000000        1421.2375747385090     
   78.500000000000000        1377.9369866694296     
   78.750000000000000        1341.0297802656355     
   79.000000000000000        1309.3612499999999     
   79.250000000000000        1281.7318695676395     
   79.500000000000000        1256.7628295526365     
   79.750000000000000        1233.0304997613152     
   80.000000000000000        1209.1112499999999     
   80.250000000000000        1183.9903376159323     
   80.500000000000000        1158.2885701200244     
   80.750000000000000        1133.0356425641039     
   81.000000000000000        1109.2612500000000     
   81.250000000000000        1087.8524049686298     
   81.500000000000000        1069.1253899672661     
   81.750000000000000        1053.2538049822692     
   82.000000000000000        1040.4112500000001     
   82.250000000000000        1030.6089487595473     
   82.500000000000000        1023.2086200109113     
   82.750000000000000        1017.4096062568195     

 "IV theory
   60.250000000000000        2335.3668071944739     
   60.500000000000000        2341.1004060773057     
   60.750000000000000        2339.2069641811681     
   61.000000000000000        2330.0187026570065     
   61.250000000000000        2313.9834523127060     
   61.500000000000000        2292.0114825838941     
   61.750000000000000        2265.1286725631367     
   62.000000000000000        2234.3609013429996     
   62.250000000000000        2200.7625739960945     
   62.500000000000000        2165.5021995152169     
   62.750000000000000        2129.7768128732096     
   63.000000000000000        2094.7834490429127     
   63.250000000000000        2061.6805526174371     
   63.500000000000000        2031.4722066709601     
   63.750000000000000        2005.1239038979290     
   64.000000000000000        1983.6011369927903     
   64.250000000000000        1967.7380279537219     
   64.500000000000000        1957.8432159938307     
   64.750000000000000        1954.0939696299563     
   65.000000000000000        1956.6675573789369     
   65.250000000000000        1965.6200159199243     
   65.500000000000000        1980.5224545813207     
   65.750000000000000        2000.8247508538395     
   66.000000000000000        2025.9767822281947     
   66.250000000000000        2055.4031337959218     
   66.500000000000000        2088.4272210518443     
   66.750000000000000        2124.3471670916047     
   67.000000000000000        2162.4610950108472     
   67.250000000000000        2202.0809178048930     
   67.500000000000000        2242.5737080677754     
   67.750000000000000        2283.3203282932041     
   68.000000000000000        2323.7016409748908     
   68.250000000000000        2363.1320737364704     
   68.500000000000000        2401.1603147212827     
   68.750000000000000        2437.3686172025918     
   69.000000000000000        2471.3392344536633     
   69.250000000000000        2502.6878556004417     
   69.500000000000000        2531.1639131795969     
   69.750000000000000        2556.5502755804810     
   70.000000000000000        2578.6298111924439     
   70.250000000000000        2597.1879894049721     
   70.500000000000000        2612.0206836080870     
   70.750000000000000        2622.9263681919465     
   71.000000000000000        2629.7035175467067     
   71.250000000000000        2632.1720939226943     
   71.500000000000000        2630.2380110109084     
   71.750000000000000        2623.8286703625176     
   72.000000000000000        2612.8714735286899     
   72.250000000000000        2597.3832355390814     
   72.500000000000000        2577.7384253372966     
   72.750000000000000        2554.4009253454274     
   73.000000000000000        2527.8346179855657     
   73.250000000000000        2498.5831549389677     
   73.500000000000000        2467.5092649235462     
   73.750000000000000        2435.5554459163804     
   74.000000000000000        2403.6641958945479     
   74.250000000000000        2372.7991601214535     
   74.500000000000000        2344.0085730058067     
   74.750000000000000        2318.3618162426465     
   75.000000000000000        2296.9282715270087     
   75.250000000000000        2280.7423495890025     
   75.500000000000000        2270.6985772990170     
   75.750000000000000        2267.6565105625136     
   76.000000000000000        2272.4757052849518     
   76.250000000000000        2285.8928432217294     
   76.500000000000000        2308.1531095279911     
   76.750000000000000        2339.3788152088177     
   77.000000000000000        2379.6922712692894     
   77.250000000000000        2429.1023787139106     
   77.500000000000000        2487.1643985448791     
   77.750000000000000        2553.3201817638151     
   78.000000000000000        2627.0115793723389     
   78.250000000000000        2707.6578957683782     
   78.500000000000000        2794.5882489350879     
   78.750000000000000        2887.1092102519319     
   79.000000000000000        2984.5273510983725     
   79.250000000000000        3086.1553584116778     
   79.500000000000000        3191.3303813603370     
   79.750000000000000        3299.3956846706433     
   80.000000000000000        3409.6945330688918     
   80.250000000000000        3521.5753883018406     
   80.500000000000000        3634.4075001981082     
   80.750000000000000        3747.5653156067783     
   81.000000000000000        3860.4232813769354     
   81.250000000000000        3972.3627412115820     
   81.500000000000000        4082.7926262294036     
   81.750000000000000        4191.1287644030072     
   82.000000000000000        4296.7869837049957     
   82.250000000000000        4399.1819720837093     
   82.500000000000000        4497.7238573904115     
   82.750000000000000        4591.8216274520973     

TitleText: Ni(001)-(5x5)-Li     Beam (1/5,1/5)            Rfac10=0.1577
 "IV exp
   60.250000000000000        349.43644894482787     
   60.500000000000000        383.82406831172455     
   60.750000000000000        418.53652852275894     
   61.000000000000000        453.73624999999998     
   61.250000000000000        489.61776399344757     
   61.500000000000000        526.50404506482641     
   61.750000000000000        564.75017860379194     
   62.000000000000000        604.71124999999995     
   62.250000000000000        646.64944820638163     
   62.500000000000000        690.45537642897000     
   62.750000000000000        735.92674143707336     
   63.000000000000000        782.86125000000004     
   63.250000000000000        831.00311505602565     
   63.500000000000000        879.88257421929382     
   63.750000000000000        928.97637127291489     
   64.000000000000000        977.76125000000002     
   64.250000000000000        1025.8427009445159     
   64.500000000000000        1073.3412016938553     
   64.750000000000000        1120.5059765962669     
   65.000000000000000        1167.5862500000003     
   65.250000000000000        1214.7744405409112     
   65.500000000000000        1262.0357440052858     
   65.750000000000000        1309.2785504670173     
   66.000000000000000        1356.4112500000001     
   66.250000000000000        1403.4059431418409     
   66.500000000000000        1450.4895722850029     
   66.750000000000000        1497.9527902856635     
   67.000000000000000        1546.0862499999998     
   67.250000000000000        1595.1368650167265     
   67.500000000000000        1645.1765918547035     
   67.750000000000000        1696.2336477653289     
   68.000000000000000        1748.3362499999998     
   68.250000000000000        1801.3496436662535     
   68.500000000000000        1854.4871852961833     
   68.750000000000000        1906.7992592780211     
   69.000000000000000        1957.3362499999998     
   69.250000000000000        2005.3597946932587     
   69.500000000000000        2050.9765419605628     
   69.750000000000000        2094.5043932475860     
   70.000000000000000        2136.2612500000000     
   70.250000000000000        2176.5333650607117     
   70.500000000000000        2215.4803968615643     
   70.750000000000000        2253.2303552316348     
   71.000000000000000        2289.9112500000001     
   71.250000000000000        2325.5140888138953     
   71.500000000000000        2359.4818705931812     
   71.750000000000000        2391.1205920758762     
   72.000000000000000        2419.7362499999999     
   72.250000000000000        2444.5809046837085     
   72.500000000000000        2464.6908707657121     
   72.750000000000000        2479.0485264648601     
   73.000000000000000        2486.6362500000000     
   73.250000000000000        2486.5551830762711     
   73.500000000000000        2478.3815213439702     
   73.750000000000000        2461.8102239396844     
   74.000000000000000        2436.5362500000001     
   74.250000000000000        2402.5475036362072     
   74.500000000000000        2361.0036688584073     
   74.750000000000000        2313.3573746514039     
   75.000000000000000        2261.0612500000002     
   75.250000000000000        2205.3371461288998     
   75.500000000000000        2146.4838032224011     
   75.750000000000000        2084.5691837047020     
   76.000000000000000        2019.6612500000001     
   76.250000000000000        1951.9366462231942     
   76.500000000000000        1882.0067432519882     
   76.750000000000000        1810.5915936547885     
   77.000000000000000        1738.4112500000001     
   77.250000000000000        1666.4302533533241     
   77.500000000000000        1596.5910987696457     
   77.750000000000000        1531.0807698011440     
   78.000000000000000        1472.0862499999998     
   78.250000000000000        1421.2375747385090     
   78.500000000000000        1377.9369866694296     
   78.750000000000000        1341.0297802656355     
   79.000000000000000        1309.3612499999999     
   79.250000000000000        1281.7318695676395     
   79.500000000000000        1256.7628295526365     
   79.750000000000000        1233.0304997613152     
   80.000000000000000        1209.1112499999999     
   80.250000000000000        1183.9903376159323     
   80.500000000000000        1158.2885701200244     
   80.750000000000000        1133.0356425641039     
   81.000000000000000        1109.2612500000000     
   81.250000000000000        1087.8524049686298     
   81.500000000000000        1069.1253899672661     
   81.750000000000000        1053.2538049822692     
   82.000000000000000        1040.4112500000001     
   82.250000000000000        1030.6089487595473     
   82.500000000000000        1023.2086200109113     
   82.750000000000000        1017.4096062568195     

 "IV theory
   60.250000000000000        184.12286457428110     
   60.500000000000000        169.59411779397556     
   60.750000000000000        157.65117236742995     
   61.000000000000000        148.70041941045670     
   61.250000000000000        143.11629616199670     
   61.500000000000000        141.14542435350540     
   61.750000000000000        143.00247183956682     
   62.000000000000000        148.90210647476505     
   62.250000000000000        159.00898581058789     
   62.500000000000000        173.28772618613871     
   62.750000000000000        191.65293363742447     
   63.000000000000000        214.01921420045244     
   63.250000000000000        240.28184295591737     
   63.500000000000000        270.25877116326512     
   63.750000000000000        303.74861912662919     
   64.000000000000000        340.55000715014313     
   64.250000000000000        380.46354019692950     
   64.500000000000000        423.29776186606699     
   64.750000000000000        468.86320041562323     
   65.000000000000000        516.97038410366622     
   65.250000000000000        567.43632857985574     
   65.500000000000000        620.10399906021996     
   65.750000000000000        674.82284815237949     
   66.000000000000000        731.44232846395471     
   66.250000000000000        789.82230529298613     
   66.500000000000000        849.86429469919426     
   66.750000000000000        911.48022543271907     
   67.000000000000000        974.58202624370062     
   67.250000000000000        1039.0864372351864     
   67.500000000000000        1104.9294439218506     
   67.750000000000000        1172.0518431712742     
   68.000000000000000        1240.3944318510380     
   68.250000000000000        1309.8945702125011     
   68.500000000000000        1380.4758720421280     
   68.750000000000000        1452.0585145101604     
   69.000000000000000        1524.5626747868412     
   69.250000000000000        1597.8701600343038     
   69.500000000000000        1671.7092973822530     
   69.750000000000000        1745.7700439522837     
   70.000000000000000        1819.7423568659926     
   70.250000000000000        1893.2575194614515     
   70.500000000000000        1965.7121199426342     
   70.750000000000000        2036.4440727299896     
   71.000000000000000        2104.7912922439677     
   71.250000000000000        2170.0670703013056     
   71.500000000000000        2231.4862083038888     
   71.750000000000000        2288.2388850498919     
   72.000000000000000        2339.5152793374887     
   72.250000000000000        2384.5146743020750     
   72.500000000000000        2422.4727704279335     
   72.750000000000000        2452.6343725365709     
   73.000000000000000        2474.2442854494921     
   73.250000000000000        2486.6362499999996     
   73.500000000000000        2489.4997510685876     
   73.750000000000000        2482.6132095475464     
   74.000000000000000        2465.7550463291664     
   74.250000000000000        2438.8416204576347     
   74.500000000000000        2402.3410435847200     
   74.750000000000000        2356.8593655140889     
   75.000000000000000        2303.0026360494080     
   75.250000000000000        2241.4304651371112     
   75.500000000000000        2173.0167032947184     
   75.750000000000000        2098.6887611825205     
   76.000000000000000        2019.3740494608053     
   76.250000000000000        1935.9940346314295     
   76.500000000000000        1849.4464065625150     
   76.750000000000000        1760.6229109637502     
   77.000000000000000        1670.4152935448240     
   77.250000000000000        1579.6929551589806     
   77.500000000000000        1489.2359172336903     
   77.750000000000000        1399.8018563399787     
   78.000000000000000        1312.1484490488720     
   78.250000000000000        1226.9965367721816     
   78.500000000000000        1144.9196202848600     
   78.750000000000000        1066.4543652026464     
   79.000000000000000        992.13743714127884     
   79.250000000000000        922.49270212437250     
   79.500000000000000        857.99282780704846     
   79.750000000000000        799.09768225230403     
   80.000000000000000        746.26713352313720     
   80.250000000000000        699.95777985705411     
   80.500000000000000        660.61314018959411     
   80.750000000000000        628.67346363080549     
   81.000000000000000        604.57899929073619     
   81.250000000000000        588.71782546726433     
   81.500000000000000        581.26933720958834     
   81.750000000000000        582.36075875473625     
   82.000000000000000        592.11931433973655     
   82.250000000000000        610.59225504565984     
   82.500000000000000        637.50693932974661     
   82.750000000000000        672.51075249328005     

TitleText: Ni(001)-(5x5)-Li     Beam (1/5,1/5)            Rfac10=0.2164
 "IV exp
   60.250000000000000        349.43644894482787     
   60.500000000000000        383.82406831172455     
   60.750000000000000        418.53652852275894     
   61.000000000000000        453.73624999999998     
   61.250000000000000        489.61776399344757     
   61.500000000000000        526.50404506482641     
   61.750000000000000        564.75017860379194     
   62.000000000000000        604.71124999999995     
   62.250000000000000        646.64944820638163     
   62.500000000000000        690.45537642897000     
   62.750000000000000        735.92674143707336     
   63.000000000000000        782.86125000000004     
   63.250000000000000        831.00311505602565     
   63.500000000000000        879.88257421929382     
   63.750000000000000        928.97637127291489     
   64.000000000000000        977.76125000000002     
   64.250000000000000        1025.8427009445159     
   64.500000000000000        1073.3412016938553     
   64.750000000000000        1120.5059765962669     
   65.000000000000000        1167.5862500000003     
   65.250000000000000        1214.7744405409112     
   65.500000000000000        1262.0357440052858     
   65.750000000000000        1309.2785504670173     
   66.000000000000000        1356.4112500000001     
   66.250000000000000        1403.4059431418409     
   66.500000000000000        1450.4895722850029     
   66.750000000000000        1497.9527902856635     
   67.000000000000000        1546.0862499999998     
   67.250000000000000        1595.1368650167265     
   67.500000000000000        1645.1765918547035     
   67.750000000000000        1696.2336477653289     
   68.000000000000000        1748.3362499999998     
   68.250000000000000        1801.3496436662535     
   68.500000000000000        1854.4871852961833     
   68.750000000000000        1906.7992592780211     
   69.000000000000000        1957.3362499999998     
   69.250000000000000        2005.3597946932587     
   69.500000000000000        2050.9765419605628     
   69.750000000000000        2094.5043932475860     
   70.000000000000000        2136.2612500000000     
   70.250000000000000        2176.5333650607117     
   70.500000000000000        2215.4803968615643     
   70.750000000000000        2253.2303552316348     
   71.000000000000000        2289.9112500000001     
   71.250000000000000        2325.5140888138953     
   71.500000000000000        2359.4818705931812     
   71.750000000000000        2391.1205920758762     
   72.000000000000000        2419.7362499999999     
   72.250000000000000        2444.5809046837085     
   72.500000000000000        2464.6908707657121     
   72.750000000000000        2479.0485264648601     
   73.000000000000000        2486.6362500000000     
   73.250000000000000        2486.5551830762711     
   73.500000000000000        2478.3815213439702     
   73.750000000000000        2461.8102239396844     
   74.000000000000000        2436.5362500000001     
   74.250000000000000        2402.5475036362072     
   74.500000000000000        2361.0036688584073     
   74.750000000000000        2313.3573746514039     
   75.000000000000000        2261.0612500000002     
   75.250000000000000        2205.3371461288998     
   75.500000000000000        2146.4838032224011     
   75.750000000000000        2084.5691837047020     
   76.000000000000000        2019.6612500000001     
   76.250000000000000        1951.9366462231942     
   76.500000000000000        1882.0067432519882     
   76.750000000000000        1810.5915936547885     
   77.000000000000000        1738.4112500000001     
   77.250000000000000        1666.4302533533241     
   77.500000000000000        1596.5910987696457     
   77.750000000000000        1531.0807698011440     
   78.000000000000000        1472.0862499999998     
   78.250000000000000        1421.2375747385090     
   78.500000000000000        1377.9369866694296     
   78.750000000000000        1341.0297802656355     
   79.000000000000000        1309.3612499999999     
   79.250000000000000        1281.7318695676395     
   79.500000000000000        1256.7628295526365     
   79.750000000000000        1233.0304997613152     
   80.000000000000000        1209.1112499999999     
   80.250000000000000        1183.9903376159323     
   80.500000000000000        1158.2885701200244     
   80.750000000000000        1133.0356425641039     
   81.000000000000000        1109.2612500000000     
   81.250000000000000        1087.8524049686298     
   81.500000000000000        1069.1253899672661     
   81.750000000000000        1053.2538049822692     
   82.000000000000000        1040.4112500000001     
   82.250000000000000        1030.6089487595473     
   82.500000000000000        1023.2086200109113     
   82.750000000000000        1017.4096062568195     

 "IV theory
   60.250000000000000        1656.6476590204550     
   60.500000000000000        1638.2534220662312     
   60.750000000000000        1625.1025414874448     
   61.000000000000000        1616.6851462357106     
   61.250000000000000        1612.4893305425899     
   61.500000000000000        1611.9950497594327     
   61.750000000000000        1614.6802245175352     
   62.000000000000000        1620.0227754481934     
   62.250000000000000        1627.5264705756695     
   62.500000000000000        1636.7984674960856     
   62.750000000000000        1647.4717711985290     
   63.000000000000000        1659.1793866720875     
   63.250000000000000        1671.6093586894588     
   63.500000000000000        1684.6698911577780     
   63.750000000000000        1698.3242277677916     
   64.000000000000000        1712.5356122102453     
   64.250000000000000        1727.2969834254236     
   64.500000000000000        1742.7200613517680     
   64.750000000000000        1758.9462611772583     
   65.000000000000000        1776.1169980898746     
   65.250000000000000        1794.3749180454929     
   65.500000000000000        1813.8675900715734     
   65.750000000000000        1834.7438139634723     
   66.000000000000000        1857.1523895165462     
   66.250000000000000        1881.2206600612553     
   66.500000000000000        1906.9901430684820     
   66.750000000000000        1934.4808995442108     
   67.000000000000000        1963.7129904944281     
   67.250000000000000        1994.6604828369191     
   67.500000000000000        2027.1134671366640     
   67.750000000000000        2060.8160398704426     
   68.000000000000000        2095.5122975150352     
   68.250000000000000        2130.9215644504638     
   68.500000000000000        2166.6640766697242     
   68.750000000000000        2202.3352980690543     
   69.000000000000000        2237.5306925446912     
   69.250000000000000        2271.8446422777165     
   69.500000000000000        2304.8672025885726     
   69.750000000000000        2336.1873470825431     
   70.000000000000000        2365.3940493649125     
   70.250000000000000        2392.0963013462288     
   70.500000000000000        2415.9831681580913     
   70.750000000000000        2436.7637332373606     
   71.000000000000000        2454.1470800208990     
   71.250000000000000        2467.8852028372098     
   71.500000000000000        2477.9017395813594     
   71.750000000000000        2484.1632390400532     
   72.000000000000000        2486.6362500000000     
   72.250000000000000        2485.3105502210719     
   72.500000000000000        2480.2688333558094     
   72.750000000000000        2471.6170220299186     
   73.000000000000000        2459.4610388691053     
   73.250000000000000        2443.9074205307879     
   73.500000000000000        2425.0651597992364     
   73.750000000000000        2403.0438634904317     
   74.000000000000000        2377.9531384203560     
   74.250000000000000        2349.9004330942012     
   74.500000000000000        2318.9845627740069     
   74.750000000000000        2285.3021844110217     
   75.000000000000000        2248.9499549564939     
   75.250000000000000        2210.0201585312921     
   75.500000000000000        2168.5875879347541     
   75.750000000000000        2124.7226631358358     
   76.000000000000000        2078.4958041034947     
   76.250000000000000        2029.9752295799187     
   76.500000000000000        1979.2203534002256     
   76.750000000000000        1926.2883881727655     
   77.000000000000000        1871.2365465058876     
   77.250000000000000        1814.1213449619665     
   77.500000000000000        1754.9965159194726     
   77.750000000000000        1693.9150957109009     
   78.000000000000000        1630.9301206687464     
   78.250000000000000        1566.1217922655262     
   78.500000000000000        1499.6789725338499     
   78.750000000000000        1431.8176886463484     
   79.000000000000000        1362.7539677756538     
   79.250000000000000        1292.7626868342550     
   79.500000000000000        1222.3541216940710     
   79.750000000000000        1152.0973979668784     
   80.000000000000000        1082.5616412644538     
   80.250000000000000        1014.3474658024527     
   80.500000000000000        948.18144021204444     
   80.750000000000000        884.82162172827736     
   81.000000000000000        825.02606758620016     
   81.250000000000000        769.55473398351444     
   81.500000000000000        719.17517296853578     
   81.750000000000000        674.65683555223302     
   82.000000000000000        636.76917274557570     
   82.250000000000000        606.23434892111709     
   82.500000000000000        583.58538189774856     
   82.750000000000000        569.30800285594569     

