TitleText: Ni(001)-(5x5)-Li     Beam (4/5,4/5)            Rfac10=0.6671
 "IV exp
   72.2500000       35.7186317    
   72.5000000       38.5388908    
   72.7500000       41.6821365    
   73.0000000       45.3098679    
   73.2500000       49.5513802    
   73.5000000       54.4071732    
   73.7500000       59.8455620    
   74.0000000       65.8348618    
   74.2500000       72.3194351    
   74.5000000       79.1478653    
   74.7500000       86.1447983    
   75.0000000       93.1348648    
   75.2500000       99.9488068    
   75.5000000       106.441795    
   75.7500000       112.475060    
   76.0000000       117.909866    
   76.2500000       122.600761    
   76.5000000       126.375420    
   76.7500000       129.054810    
   77.0000000       130.459869    
   77.2500000       130.446411    
   77.5000000       129.009506    
   77.7500000       126.179024    
   78.0000000       121.984871    
   78.2500000       116.529831    
   78.5000000       110.208290    
   78.7500000       103.487534    
   79.0000000       96.8348618    
   79.2500000       90.6665192    
   79.5000000       85.1946640    
   79.7500000       80.5804062    
   80.0000000       76.9848633    
   80.2500000       74.5534973    
   80.5000000       73.3691177    
   80.7500000       73.4988632    
   81.0000000       75.0098648    
   81.2500000       77.9716339    
   81.5000000       82.4630432    
   81.7500000       88.5653763    
   82.0000000       96.3598633    
   82.2500000       105.916824    
   82.5000000       117.262863    
   82.7500000       130.413651    
   83.0000000       145.384857    
   83.2500000       162.151108    
   83.5000000       180.522797    
   83.7500000       200.269272    
   84.0000000       221.159866    
   84.2500000       242.911758    
   84.5000000       265.033325    
   84.7500000       286.980652    
   85.0000000       308.209869    
   85.2500000       328.208313    
   85.5000000       346.587616    
   85.7500000       362.990540    
   86.0000000       377.059875    
   86.2500000       388.475189    
   86.5000000       397.063019    
   86.7500000       402.686768    
   87.0000000       405.209900    
   87.2500000       404.561981    
   87.5000000       400.938354    
   87.7500000       394.600494    
   88.0000000       385.809875    
   88.2500000       374.869293    
   88.5000000       362.245972    
   88.7500000       348.448334    
   89.0000000       333.984863    
   89.2500000       319.340027    
   89.5000000       304.902649    
   89.7500000       291.037628    
   90.0000000       278.109863    
   90.2500000       266.428253    
   90.5000000       256.077667    
   90.7500000       247.086899    
   91.0000000       239.484863    
   91.2500000       233.264740    
   91.5000000       228.277191    
   91.7500000       224.337219    
   92.0000000       221.259872    
   92.2500000       218.877472    
   92.5000000       217.091599    
   92.7500000       215.821106    
   93.0000000       214.984863    
   93.2500000       214.519730    
   93.5000000       214.434418    
   93.7500000       214.755569    
   94.0000000       215.509872    
   94.2500000       216.691864    
   94.5000000       218.167465    
   94.7500000       219.770554    
   95.0000000       221.334869    
   95.2500000       222.693939    
   95.5000000       223.679901    
   95.7500000       224.124588    
   96.0000000       223.859863    
   96.2500000       222.774811    
   96.5000000       220.987732    
   96.7500000       218.674210    
   97.0000000       216.009857    
   97.2500000       213.153885    
   97.5000000       210.200211    
   97.7500000       207.226364    
   98.0000000       204.309860    
   98.2500000       201.530472    
   98.5000000       198.976822    
   98.7500000       196.739685    
   99.0000000       194.909866    
   99.2500000       193.600159    
   99.5000000       193.011078    
   99.7500000       193.365128    
   100.000000       194.884857    
   100.250000       197.742935    
   100.500000       201.913040    
   100.750000       207.319061    
   101.000000       213.884857    
   101.250000       221.518463    
   101.500000       230.064636    
   101.750000       239.352158    
   102.000000       249.209869    
   102.250000       259.470032    
   102.500000       269.978241    
   102.750000       280.583496    
   103.000000       291.134857    
   103.250000       301.478577    
   103.500000       311.450348    
   103.750000       320.883118    
   104.000000       329.609863    
   104.250000       337.480255    
   104.500000       344.410828    
   104.750000       350.334656    
   105.000000       355.184875    
   105.250000       358.887604    
   105.500000       361.340576    
   105.750000       362.434448    
   106.000000       362.059875    
   106.250000       360.126587    
   106.500000       356.620422    
   106.750000       351.546570    
   107.000000       344.909882    
   107.250000       336.786896    
   107.500000       327.540009    
   107.750000       317.603058    
   108.000000       307.409851    
   108.250000       297.296692    
   108.500000       287.209869    
   108.750000       276.998016    
   109.000000       266.509888    
   109.250000       255.608856    
   109.500000       244.217178    
   109.750000       232.271881    
   110.000000       219.709869    
   110.250000       206.622452    
   110.500000       193.718109    
   110.750000       181.859634    
   111.000000       171.909866    
   111.250000       164.472305    
   111.500000       159.113358    
   111.750000       155.140182    

 "IV theory
   72.2500000       201.881241    
   72.5000000       192.562378    
   72.7500000       185.145981    
   73.0000000       179.429169    
   73.2500000       175.212524    
   73.5000000       172.311127    
   73.7500000       170.543579    
   74.0000000       169.728577    
   74.2500000       169.692276    
   74.5000000       170.291122    
   74.7500000       171.389084    
   75.0000000       172.850113    
   75.2500000       174.544189    
   75.5000000       176.365219    
   75.7500000       178.213074    
   76.0000000       179.987656    
   76.2500000       181.588547    
   76.5000000       182.914246    
   76.7500000       183.862823    
   77.0000000       184.332504    
   77.2500000       184.230423    
   77.5000000       183.499710    
   77.7500000       182.092499    
   78.0000000       179.960892    
   78.2500000       177.084015    
   78.5000000       173.548660    
   78.7500000       169.468689    
   79.0000000       164.957886    
   79.2500000       160.148880    
   79.5000000       155.249557    
   79.7500000       150.486588    
   80.0000000       146.086716    
   80.2500000       142.280716    
   80.5000000       139.315811    
   80.7500000       137.443344    
   81.0000000       136.914642    
   81.2500000       137.962860    
   81.5000000       140.748291    
   81.7500000       145.413132    
   82.0000000       152.099533    
   82.2500000       160.898071    
   82.5000000       171.693008    
   82.7500000       184.317032    
   83.0000000       198.602844    
   83.2500000       214.346405    
   83.5000000       231.196960    
   83.7500000       248.767059    
   84.0000000       266.669220    
   84.2500000       284.509552    
   84.5000000       301.868347    
   84.7500000       318.319519    
   85.0000000       333.436890    
   85.2500000       346.815308    
   85.5000000       358.133575    
   85.7500000       367.091278    
   86.0000000       373.388184    
   86.2500000       376.781891    
   86.5000000       377.261871    
   86.7500000       374.875427    
   87.0000000       369.669952    
   87.2500000       361.734558    
   87.5000000       351.325348    
   87.7500000       338.740265    
   88.0000000       324.277130    
   88.2500000       308.239807    
   88.5000000       290.955841    
   88.7500000       272.758759    
   89.0000000       253.982132    
   89.2500000       234.948593    
   89.5000000       215.937149    
   89.7500000       197.215836    
   90.0000000       179.052780    
   90.2500000       161.687988    
   90.5000000       145.249283    
   90.7500000       129.836288    
   91.0000000       115.548767    
   91.2500000       102.465858    
   91.5000000       90.5844955    
   91.7500000       79.8810272    
   92.0000000       70.3318329    
   92.2500000       61.9108887    
   92.5000000       54.5826035    
   92.7500000       48.3090248    
   93.0000000       43.0521851    
   93.2500000       38.7746162    
   93.5000000       35.4408188    
   93.7500000       33.0157738    
   94.0000000       31.4644814    
   94.2500000       30.7515259    
   94.5000000       30.8399239    
   94.7500000       31.6922741    
   95.0000000       33.2711868    
   95.2500000       35.5391846    
   95.5000000       38.4584770    
   95.7500000       41.9911728    
   96.0000000       46.0993958    
   96.2500000       50.7450676    
   96.5000000       55.8892975    
   96.7500000       61.4930115    
   97.0000000       67.5171127    
   97.2500000       73.9241867    
   97.5000000       80.6833878    
   97.7500000       87.7655487    
   98.0000000       95.1414719    
   98.2500000       102.786797    
   98.5000000       110.696358    
   98.7500000       118.869774    
   99.0000000       127.306694    
   99.2500000       136.010162    
   99.5000000       144.996994    
   99.7500000       154.287399    
   100.000000       163.901581    
   100.250000       173.860306    
   100.500000       184.186325    
   100.750000       194.903030    
   101.000000       206.033752    
   101.250000       217.600647    
   101.500000       229.621277    
   101.750000       242.112030    
   102.000000       255.089310    
   102.250000       268.566498    
   102.500000       282.544800    
   102.750000       297.022339    
   103.000000       311.997284    
   103.250000       327.465576    
   103.500000       343.414001    
   103.750000       359.827240    
   104.000000       376.689850    
   104.250000       393.986267    
   104.500000       411.700470    
   104.750000       429.816315    
   105.000000       448.317657    
   105.250000       467.187042    
   105.500000       486.402252    
   105.750000       505.939636    
   106.000000       525.775696    
   106.250000       545.883118    
   106.500000       566.219482    
   106.750000       586.738708    
   107.000000       607.394653    
   107.250000       628.138245    
   107.500000       648.909912    
   107.750000       669.646851    
   108.000000       690.286499    
   108.250000       710.766052    
   108.500000       731.022095    
   108.750000       750.990540    
   109.000000       770.607727    
   109.250000       789.808716    
   109.500000       808.524414    
   109.750000       826.684631    
   110.000000       844.219055    
   110.250000       861.054016    
   110.500000       877.102051    
   110.750000       892.272339    
   111.000000       906.473633    
   111.250000       919.613037    
   111.500000       931.588501    
   111.750000       942.296021    

TitleText: Ni(001)-(5x5)-Li     Beam (4/5,4/5)            Rfac10=0.4381
 "IV exp
   72.2500000       35.7186317    
   72.5000000       38.5388908    
   72.7500000       41.6821365    
   73.0000000       45.3098679    
   73.2500000       49.5513802    
   73.5000000       54.4071732    
   73.7500000       59.8455620    
   74.0000000       65.8348618    
   74.2500000       72.3194351    
   74.5000000       79.1478653    
   74.7500000       86.1447983    
   75.0000000       93.1348648    
   75.2500000       99.9488068    
   75.5000000       106.441795    
   75.7500000       112.475060    
   76.0000000       117.909866    
   76.2500000       122.600761    
   76.5000000       126.375420    
   76.7500000       129.054810    
   77.0000000       130.459869    
   77.2500000       130.446411    
   77.5000000       129.009506    
   77.7500000       126.179024    
   78.0000000       121.984871    
   78.2500000       116.529831    
   78.5000000       110.208290    
   78.7500000       103.487534    
   79.0000000       96.8348618    
   79.2500000       90.6665192    
   79.5000000       85.1946640    
   79.7500000       80.5804062    
   80.0000000       76.9848633    
   80.2500000       74.5534973    
   80.5000000       73.3691177    
   80.7500000       73.4988632    
   81.0000000       75.0098648    
   81.2500000       77.9716339    
   81.5000000       82.4630432    
   81.7500000       88.5653763    
   82.0000000       96.3598633    
   82.2500000       105.916824    
   82.5000000       117.262863    
   82.7500000       130.413651    
   83.0000000       145.384857    
   83.2500000       162.151108    
   83.5000000       180.522797    
   83.7500000       200.269272    
   84.0000000       221.159866    
   84.2500000       242.911758    
   84.5000000       265.033325    
   84.7500000       286.980652    
   85.0000000       308.209869    
   85.2500000       328.208313    
   85.5000000       346.587616    
   85.7500000       362.990540    
   86.0000000       377.059875    
   86.2500000       388.475189    
   86.5000000       397.063019    
   86.7500000       402.686768    
   87.0000000       405.209900    
   87.2500000       404.561981    
   87.5000000       400.938354    
   87.7500000       394.600494    
   88.0000000       385.809875    
   88.2500000       374.869293    
   88.5000000       362.245972    
   88.7500000       348.448334    
   89.0000000       333.984863    
   89.2500000       319.340027    
   89.5000000       304.902649    
   89.7500000       291.037628    
   90.0000000       278.109863    
   90.2500000       266.428253    
   90.5000000       256.077667    
   90.7500000       247.086899    
   91.0000000       239.484863    
   91.2500000       233.264740    
   91.5000000       228.277191    
   91.7500000       224.337219    
   92.0000000       221.259872    
   92.2500000       218.877472    
   92.5000000       217.091599    
   92.7500000       215.821106    
   93.0000000       214.984863    
   93.2500000       214.519730    
   93.5000000       214.434418    
   93.7500000       214.755569    
   94.0000000       215.509872    
   94.2500000       216.691864    
   94.5000000       218.167465    
   94.7500000       219.770554    
   95.0000000       221.334869    
   95.2500000       222.693939    
   95.5000000       223.679901    
   95.7500000       224.124588    
   96.0000000       223.859863    
   96.2500000       222.774811    
   96.5000000       220.987732    
   96.7500000       218.674210    
   97.0000000       216.009857    
   97.2500000       213.153885    
   97.5000000       210.200211    
   97.7500000       207.226364    
   98.0000000       204.309860    
   98.2500000       201.530472    
   98.5000000       198.976822    
   98.7500000       196.739685    
   99.0000000       194.909866    
   99.2500000       193.600159    
   99.5000000       193.011078    
   99.7500000       193.365128    
   100.000000       194.884857    
   100.250000       197.742935    
   100.500000       201.913040    
   100.750000       207.319061    
   101.000000       213.884857    
   101.250000       221.518463    
   101.500000       230.064636    
   101.750000       239.352158    
   102.000000       249.209869    
   102.250000       259.470032    
   102.500000       269.978241    
   102.750000       280.583496    
   103.000000       291.134857    
   103.250000       301.478577    
   103.500000       311.450348    
   103.750000       320.883118    
   104.000000       329.609863    
   104.250000       337.480255    
   104.500000       344.410828    
   104.750000       350.334656    
   105.000000       355.184875    
   105.250000       358.887604    
   105.500000       361.340576    
   105.750000       362.434448    
   106.000000       362.059875    
   106.250000       360.126587    
   106.500000       356.620422    
   106.750000       351.546570    
   107.000000       344.909882    
   107.250000       336.786896    
   107.500000       327.540009    
   107.750000       317.603058    
   108.000000       307.409851    
   108.250000       297.296692    
   108.500000       287.209869    
   108.750000       276.998016    
   109.000000       266.509888    
   109.250000       255.608856    
   109.500000       244.217178    
   109.750000       232.271881    
   110.000000       219.709869    
   110.250000       206.622452    
   110.500000       193.718109    
   110.750000       181.859634    
   111.000000       171.909866    
   111.250000       164.472305    
   111.500000       159.113358    
   111.750000       155.140182    

 "IV theory
   72.2500000       193.689285    
   72.5000000       195.455811    
   72.7500000       198.595062    
   73.0000000       202.927917    
   73.2500000       208.277100    
   73.5000000       214.472931    
   73.7500000       221.347626    
   74.0000000       228.733368    
   74.2500000       236.465454    
   74.5000000       244.391327    
   74.7500000       252.361588    
   75.0000000       260.226776    
   75.2500000       267.842163    
   75.5000000       275.082336    
   75.7500000       281.826508    
   76.0000000       287.954010    
   76.2500000       293.344757    
   76.5000000       297.881317    
   76.7500000       301.446838    
   77.0000000       303.924591    
   77.2500000       305.200836    
   77.5000000       305.174347    
   77.7500000       303.747070    
   78.0000000       300.820831    
   78.2500000       296.321014    
   78.5000000       290.266754    
   78.7500000       282.700409    
   79.0000000       273.664703    
   79.2500000       263.231873    
   79.5000000       251.593460    
   79.7500000       238.970871    
   80.0000000       225.585464    
   80.2500000       211.669144    
   80.5000000       197.496017    
   80.7500000       183.350800    
   81.0000000       169.518219    
   81.2500000       156.277237    
   81.5000000       143.884064    
   81.7500000       132.589203    
   82.0000000       122.643143    
   82.2500000       114.264465    
   82.5000000       107.544060    
   82.7500000       102.540924    
   83.0000000       99.3140335    
   83.2500000       97.8809738    
   83.5000000       98.0938797    
   83.7500000       99.7634735    
   84.0000000       102.700462    
   84.2500000       106.701668    
   84.5000000       111.507988    
   84.7500000       116.846451    
   85.0000000       122.444046    
   85.2500000       128.033051    
   85.5000000       133.366989    
   85.7500000       138.204651    
   86.0000000       142.304886    
   86.2500000       145.452362    
   86.5000000       147.535248    
   86.7500000       148.467651    
   87.0000000       148.163635    
   87.2500000       146.571136    
   87.5000000       143.773743    
   87.7500000       139.888901    
   88.0000000       135.034088    
   88.2500000       129.337906    
   88.5000000       122.973465    
   88.7500000       116.125038    
   89.0000000       108.976906    
   89.2500000       101.710106    
   89.5000000       94.4928131    
   89.7500000       87.4899826    
   90.0000000       80.8665848    
   90.2500000       74.7743683    
   90.5000000       69.3121338    
   90.7500000       64.5655136    
   91.0000000       60.6200867    
   91.2500000       57.5438919    
   91.5000000       55.3345566    
   91.7500000       53.9721413    
   92.0000000       53.4366913    
   92.2500000       53.7027016    
   92.5000000       54.7223969    
   92.7500000       56.4424210    
   93.0000000       58.8094215    
   93.2500000       61.7709465    
   93.5000000       65.2780991    
   93.7500000       69.2828217    
   94.0000000       73.7371063    
   94.2500000       78.5942917    
   94.5000000       83.8131409    
   94.7500000       89.3537445    
   95.0000000       95.1762619    
   95.2500000       101.242867    
   95.5000000       107.523949    
   95.7500000       113.992020    
   96.0000000       120.619514    
   96.2500000       127.379463    
   96.5000000       134.247009    
   96.7500000       141.197922    
   97.0000000       148.207870    
   97.2500000       155.252823    
   97.5000000       162.309860    
   97.7500000       169.356293    
   98.0000000       176.369400    
   98.2500000       183.328995    
   98.5000000       190.224625    
   98.7500000       197.048279    
   99.0000000       203.792068    
   99.2500000       210.451004    
   99.5000000       217.032532    
   99.7500000       223.547211    
   100.000000       230.005585    
   100.250000       236.419250    
   100.500000       242.804367    
   100.750000       249.178192    
   101.000000       255.558075    
   101.250000       261.960480    
   101.500000       268.399170    
   101.750000       274.887115    
   102.000000       281.437225    
   102.250000       288.058350    
   102.500000       294.742371    
   102.750000       301.477081    
   103.000000       308.250275    
   103.250000       315.044220    
   103.500000       321.819580    
   103.750000       328.531586    
   104.000000       335.135590    
   104.250000       341.584869    
   104.500000       347.825195    
   104.750000       353.800476    
   105.000000       359.454651    
   105.250000       364.732452    
   105.500000       369.582672    
   105.750000       373.954987    
   106.000000       377.799072    
   106.250000       381.069916    
   106.500000       383.743591    
   106.750000       385.801575    
   107.000000       387.225311    
   107.250000       388.003082    
   107.500000       388.151001    
   107.750000       387.691895    
   108.000000       386.648773    
   108.250000       385.046783    
   108.500000       382.919617    
   108.750000       380.303284    
   109.000000       377.233673    
   109.250000       373.746490    
   109.500000       369.876678    
   109.750000       365.659027    
   110.000000       361.128235    
   110.250000       356.319611    
   110.500000       351.270508    
   110.750000       346.018890    
   111.000000       340.602722    
   111.250000       335.060486    
   111.500000       329.432953    
   111.750000       323.761536    

TitleText: Ni(001)-(5x5)-Li     Beam (4/5,4/5)            Rfac10=0.6265
 "IV exp
   72.2500000       35.7186317    
   72.5000000       38.5388908    
   72.7500000       41.6821365    
   73.0000000       45.3098679    
   73.2500000       49.5513802    
   73.5000000       54.4071732    
   73.7500000       59.8455620    
   74.0000000       65.8348618    
   74.2500000       72.3194351    
   74.5000000       79.1478653    
   74.7500000       86.1447983    
   75.0000000       93.1348648    
   75.2500000       99.9488068    
   75.5000000       106.441795    
   75.7500000       112.475060    
   76.0000000       117.909866    
   76.2500000       122.600761    
   76.5000000       126.375420    
   76.7500000       129.054810    
   77.0000000       130.459869    
   77.2500000       130.446411    
   77.5000000       129.009506    
   77.7500000       126.179024    
   78.0000000       121.984871    
   78.2500000       116.529831    
   78.5000000       110.208290    
   78.7500000       103.487534    
   79.0000000       96.8348618    
   79.2500000       90.6665192    
   79.5000000       85.1946640    
   79.7500000       80.5804062    
   80.0000000       76.9848633    
   80.2500000       74.5534973    
   80.5000000       73.3691177    
   80.7500000       73.4988632    
   81.0000000       75.0098648    
   81.2500000       77.9716339    
   81.5000000       82.4630432    
   81.7500000       88.5653763    
   82.0000000       96.3598633    
   82.2500000       105.916824    
   82.5000000       117.262863    
   82.7500000       130.413651    
   83.0000000       145.384857    
   83.2500000       162.151108    
   83.5000000       180.522797    
   83.7500000       200.269272    
   84.0000000       221.159866    
   84.2500000       242.911758    
   84.5000000       265.033325    
   84.7500000       286.980652    
   85.0000000       308.209869    
   85.2500000       328.208313    
   85.5000000       346.587616    
   85.7500000       362.990540    
   86.0000000       377.059875    
   86.2500000       388.475189    
   86.5000000       397.063019    
   86.7500000       402.686768    
   87.0000000       405.209900    
   87.2500000       404.561981    
   87.5000000       400.938354    
   87.7500000       394.600494    
   88.0000000       385.809875    
   88.2500000       374.869293    
   88.5000000       362.245972    
   88.7500000       348.448334    
   89.0000000       333.984863    
   89.2500000       319.340027    
   89.5000000       304.902649    
   89.7500000       291.037628    
   90.0000000       278.109863    
   90.2500000       266.428253    
   90.5000000       256.077667    
   90.7500000       247.086899    
   91.0000000       239.484863    
   91.2500000       233.264740    
   91.5000000       228.277191    
   91.7500000       224.337219    
   92.0000000       221.259872    
   92.2500000       218.877472    
   92.5000000       217.091599    
   92.7500000       215.821106    
   93.0000000       214.984863    
   93.2500000       214.519730    
   93.5000000       214.434418    
   93.7500000       214.755569    
   94.0000000       215.509872    
   94.2500000       216.691864    
   94.5000000       218.167465    
   94.7500000       219.770554    
   95.0000000       221.334869    
   95.2500000       222.693939    
   95.5000000       223.679901    
   95.7500000       224.124588    
   96.0000000       223.859863    
   96.2500000       222.774811    
   96.5000000       220.987732    
   96.7500000       218.674210    
   97.0000000       216.009857    
   97.2500000       213.153885    
   97.5000000       210.200211    
   97.7500000       207.226364    
   98.0000000       204.309860    
   98.2500000       201.530472    
   98.5000000       198.976822    
   98.7500000       196.739685    
   99.0000000       194.909866    
   99.2500000       193.600159    
   99.5000000       193.011078    
   99.7500000       193.365128    
   100.000000       194.884857    
   100.250000       197.742935    
   100.500000       201.913040    
   100.750000       207.319061    
   101.000000       213.884857    
   101.250000       221.518463    
   101.500000       230.064636    
   101.750000       239.352158    
   102.000000       249.209869    
   102.250000       259.470032    
   102.500000       269.978241    
   102.750000       280.583496    
   103.000000       291.134857    
   103.250000       301.478577    
   103.500000       311.450348    
   103.750000       320.883118    
   104.000000       329.609863    
   104.250000       337.480255    
   104.500000       344.410828    
   104.750000       350.334656    
   105.000000       355.184875    
   105.250000       358.887604    
   105.500000       361.340576    
   105.750000       362.434448    
   106.000000       362.059875    
   106.250000       360.126587    
   106.500000       356.620422    
   106.750000       351.546570    
   107.000000       344.909882    
   107.250000       336.786896    
   107.500000       327.540009    
   107.750000       317.603058    
   108.000000       307.409851    
   108.250000       297.296692    
   108.500000       287.209869    
   108.750000       276.998016    
   109.000000       266.509888    
   109.250000       255.608856    
   109.500000       244.217178    
   109.750000       232.271881    
   110.000000       219.709869    
   110.250000       206.622452    
   110.500000       193.718109    
   110.750000       181.859634    
   111.000000       171.909866    
   111.250000       164.472305    
   111.500000       159.113358    
   111.750000       155.140182    

 "IV theory
   72.2500000       21.9498825    
   72.5000000       21.7019653    
   72.7500000       21.6438828    
   73.0000000       21.7908592    
   73.2500000       22.1576519    
   73.5000000       22.7572155    
   73.7500000       23.6020546    
   74.0000000       24.7046719    
   74.2500000       26.0766335    
   74.5000000       27.7257843    
   74.7500000       29.6590233    
   75.0000000       31.8832607    
   75.2500000       34.4049072    
   75.5000000       37.2283859    
   75.7500000       40.3576279    
   76.0000000       43.7965584    
   76.2500000       47.5491295    
   76.5000000       51.6193657    
   76.7500000       56.0113182    
   77.0000000       60.7290344    
   77.2500000       65.7745743    
   77.5000000       71.1421509    
   77.7500000       76.8239517    
   78.0000000       82.8121948    
   78.2500000       89.0949631    
   78.5000000       95.6438065    
   78.7500000       102.426170    
   79.0000000       109.409500    
   79.2500000       116.559059    
   79.5000000       123.831520    
   79.7500000       131.181458    
   80.0000000       138.563370    
   80.2500000       145.931793    
   80.5000000       153.240921    
   80.7500000       160.444977    
   81.0000000       167.498199    
   81.2500000       174.356720    
   81.5000000       180.984619    
   81.7500000       187.347946    
   82.0000000       193.412689    
   82.2500000       199.149017    
   82.5000000       204.543442    
   82.7500000       209.586624    
   83.0000000       214.269257    
   83.2500000       218.584061    
   83.5000000       222.532425    
   83.7500000       226.117813    
   84.0000000       229.343735    
   84.2500000       232.213745    
   84.5000000       234.731506    
   84.7500000       236.900818    
   85.0000000       238.725449    
   85.2500000       240.207916    
   85.5000000       241.345840    
   85.7500000       242.135635    
   86.0000000       242.573730    
   86.2500000       242.653946    
   86.5000000       242.359970    
   86.7500000       241.672882    
   87.0000000       240.573746    
   87.2500000       239.042374    
   87.5000000       237.053329    
   87.7500000       234.579865    
   88.0000000       231.595154    
   88.2500000       228.072418    
   88.5000000       223.984344    
   88.7500000       219.303543    
   89.0000000       214.002579    
   89.2500000       208.060699    
   89.5000000       201.483414    
   89.7500000       194.282852    
   90.0000000       186.471115    
   90.2500000       178.074051    
   90.5000000       169.172623    
   90.7500000       159.861465    
   91.0000000       150.235275    
   91.2500000       140.395874    
   91.5000000       130.473709    
   91.7500000       120.606407    
   92.0000000       110.931564    
   92.2500000       101.587013    
   92.5000000       92.7113876    
   92.7500000       84.4435425    
   93.0000000       76.9223022    
   93.2500000       70.2785950    
   93.5000000       64.6115723    
   93.7500000       60.0124397    
   94.0000000       56.5724297    
   94.2500000       54.3662262    
   94.5000000       53.4024467    
   94.7500000       53.6731949    
   95.0000000       55.1705513    
   95.2500000       57.8779678    
   95.5000000       61.7442970    
   95.7500000       66.7097321    
   96.0000000       72.7144699    
   96.2500000       79.6986313    
   96.5000000       87.6020432    
   96.7500000       96.3644257    
   97.0000000       105.925545    
   97.2500000       116.222015    
   97.5000000       127.178169    
   97.7500000       138.715210    
   98.0000000       150.754318    
   98.2500000       163.210190    
   98.5000000       175.971329    
   98.7500000       188.919662    
   99.0000000       201.937149    
   99.2500000       214.902359    
   99.5000000       227.680435    
   99.7500000       240.133118    
   100.000000       252.122162    
   100.250000       263.509125    
   100.500000       274.154785    
   100.750000       283.919678    
   101.000000       292.664368    
   101.250000       300.260773    
   101.500000       306.626221    
   101.750000       311.689270    
   102.000000       315.378693    
   102.250000       317.646759    
   102.500000       318.540619    
   102.750000       318.131165    
   103.000000       316.489136    
   103.250000       313.697754    
   103.500000       309.889648    
   103.750000       305.209656    
   104.000000       299.802795    
   104.250000       293.814240    
   104.500000       287.390320    
   104.750000       280.677643    
   105.000000       273.822784    
   105.250000       266.964233    
   105.500000       260.207642    
   105.750000       253.650558    
   106.000000       247.390472    
   106.250000       241.507996    
   106.500000       236.015579    
   106.750000       230.908875    
   107.000000       226.183456    
   107.250000       221.826004    
   107.500000       217.787750    
   107.750000       214.011017    
   108.000000       210.438202    
   108.250000       207.011444    
   108.500000       203.672241    
   108.750000       200.361862    
   109.000000       197.021622    
   109.250000       193.596985    
   109.500000       190.050140    
   109.750000       186.347397    
   110.000000       182.455231    
   110.250000       178.348602    
   110.500000       174.037125    
   110.750000       169.539185    
   111.000000       164.873047    
   111.250000       160.061569    
   111.500000       155.145676    
   111.750000       150.170837    

TitleText: Ni(001)-(5x5)-Li     Beam (4/5,4/5)            Rfac10=1.2584
 "IV exp
   72.2500000       35.7186317    
   72.5000000       38.5388908    
   72.7500000       41.6821365    
   73.0000000       45.3098679    
   73.2500000       49.5513802    
   73.5000000       54.4071732    
   73.7500000       59.8455620    
   74.0000000       65.8348618    
   74.2500000       72.3194351    
   74.5000000       79.1478653    
   74.7500000       86.1447983    
   75.0000000       93.1348648    
   75.2500000       99.9488068    
   75.5000000       106.441795    
   75.7500000       112.475060    
   76.0000000       117.909866    
   76.2500000       122.600761    
   76.5000000       126.375420    
   76.7500000       129.054810    
   77.0000000       130.459869    
   77.2500000       130.446411    
   77.5000000       129.009506    
   77.7500000       126.179024    
   78.0000000       121.984871    
   78.2500000       116.529831    
   78.5000000       110.208290    
   78.7500000       103.487534    
   79.0000000       96.8348618    
   79.2500000       90.6665192    
   79.5000000       85.1946640    
   79.7500000       80.5804062    
   80.0000000       76.9848633    
   80.2500000       74.5534973    
   80.5000000       73.3691177    
   80.7500000       73.4988632    
   81.0000000       75.0098648    
   81.2500000       77.9716339    
   81.5000000       82.4630432    
   81.7500000       88.5653763    
   82.0000000       96.3598633    
   82.2500000       105.916824    
   82.5000000       117.262863    
   82.7500000       130.413651    
   83.0000000       145.384857    
   83.2500000       162.151108    
   83.5000000       180.522797    
   83.7500000       200.269272    
   84.0000000       221.159866    
   84.2500000       242.911758    
   84.5000000       265.033325    
   84.7500000       286.980652    
   85.0000000       308.209869    
   85.2500000       328.208313    
   85.5000000       346.587616    
   85.7500000       362.990540    
   86.0000000       377.059875    
   86.2500000       388.475189    
   86.5000000       397.063019    
   86.7500000       402.686768    
   87.0000000       405.209900    
   87.2500000       404.561981    
   87.5000000       400.938354    
   87.7500000       394.600494    
   88.0000000       385.809875    
   88.2500000       374.869293    
   88.5000000       362.245972    
   88.7500000       348.448334    
   89.0000000       333.984863    
   89.2500000       319.340027    
   89.5000000       304.902649    
   89.7500000       291.037628    
   90.0000000       278.109863    
   90.2500000       266.428253    
   90.5000000       256.077667    
   90.7500000       247.086899    
   91.0000000       239.484863    
   91.2500000       233.264740    
   91.5000000       228.277191    
   91.7500000       224.337219    
   92.0000000       221.259872    
   92.2500000       218.877472    
   92.5000000       217.091599    
   92.7500000       215.821106    
   93.0000000       214.984863    
   93.2500000       214.519730    
   93.5000000       214.434418    
   93.7500000       214.755569    
   94.0000000       215.509872    
   94.2500000       216.691864    
   94.5000000       218.167465    
   94.7500000       219.770554    
   95.0000000       221.334869    
   95.2500000       222.693939    
   95.5000000       223.679901    
   95.7500000       224.124588    
   96.0000000       223.859863    
   96.2500000       222.774811    
   96.5000000       220.987732    
   96.7500000       218.674210    
   97.0000000       216.009857    
   97.2500000       213.153885    
   97.5000000       210.200211    
   97.7500000       207.226364    
   98.0000000       204.309860    
   98.2500000       201.530472    
   98.5000000       198.976822    
   98.7500000       196.739685    
   99.0000000       194.909866    
   99.2500000       193.600159    
   99.5000000       193.011078    
   99.7500000       193.365128    
   100.000000       194.884857    
   100.250000       197.742935    
   100.500000       201.913040    
   100.750000       207.319061    
   101.000000       213.884857    
   101.250000       221.518463    
   101.500000       230.064636    
   101.750000       239.352158    
   102.000000       249.209869    
   102.250000       259.470032    
   102.500000       269.978241    
   102.750000       280.583496    
   103.000000       291.134857    
   103.250000       301.478577    
   103.500000       311.450348    
   103.750000       320.883118    
   104.000000       329.609863    
   104.250000       337.480255    
   104.500000       344.410828    
   104.750000       350.334656    
   105.000000       355.184875    
   105.250000       358.887604    
   105.500000       361.340576    
   105.750000       362.434448    
   106.000000       362.059875    
   106.250000       360.126587    
   106.500000       356.620422    
   106.750000       351.546570    
   107.000000       344.909882    
   107.250000       336.786896    
   107.500000       327.540009    
   107.750000       317.603058    
   108.000000       307.409851    
   108.250000       297.296692    
   108.500000       287.209869    
   108.750000       276.998016    
   109.000000       266.509888    
   109.250000       255.608856    
   109.500000       244.217178    
   109.750000       232.271881    
   110.000000       219.709869    
   110.250000       206.622452    
   110.500000       193.718109    
   110.750000       181.859634    
   111.000000       171.909866    
   111.250000       164.472305    
   111.500000       159.113358    
   111.750000       155.140182    

 "IV theory
   72.2500000       206.263290    
   72.5000000       204.854370    
   72.7500000       204.440018    
   73.0000000       204.873611    
   73.2500000       206.000320    
   73.5000000       207.633133    
   73.7500000       209.576859    
   74.0000000       211.636444    
   74.2500000       213.617188    
   74.5000000       215.326370    
   74.7500000       216.571686    
   75.0000000       217.160995    
   75.2500000       216.919754    
   75.5000000       215.744751    
   75.7500000       213.550507    
   76.0000000       210.251556    
   76.2500000       205.796036    
   76.5000000       200.266312    
   76.7500000       193.778366    
   77.0000000       186.448059    
   77.2500000       178.407318    
   77.5000000       169.851532    
   77.7500000       160.992096    
   78.0000000       152.040314    
   78.2500000       143.207001    
   78.5000000       134.700241    
   78.7500000       126.727669    
   79.0000000       119.496872    
   79.2500000       113.197243    
   79.5000000       107.945786    
   79.7500000       103.841324    
   80.0000000       100.982712    
   80.2500000       99.4345169    
   80.5000000       99.1242828    
   80.7500000       99.9452438    
   81.0000000       101.790688    
   81.2500000       104.537659    
   81.5000000       107.998405    
   81.7500000       111.968987    
   82.0000000       116.245422    
   82.2500000       120.624329    
   82.5000000       124.904671    
   82.7500000       128.885895    
   83.0000000       132.367554    
   83.2500000       135.164108    
   83.5000000       137.149872    
   83.7500000       138.214081    
   84.0000000       138.246109    
   84.2500000       137.163498    
   84.5000000       134.997314    
   84.7500000       131.806885    
   85.0000000       127.651573    
   85.2500000       122.604034    
   85.5000000       116.790390    
   85.7500000       110.350029    
   86.0000000       103.422363    
   86.2500000       96.1465607    
   86.5000000       88.6605377    
   86.7500000       81.1020279    
   87.0000000       73.6086731    
   87.2500000       66.3157730    
   87.5000000       59.3490601    
   87.7500000       52.8319016    
   88.0000000       46.8876419    
   88.2500000       41.6349754    
   88.5000000       37.1739311    
   88.7500000       33.5998573    
   89.0000000       31.0081234    
   89.2500000       29.4919872    
   89.5000000       29.1363182    
   89.7500000       30.0238876    
   90.0000000       32.2374611    
   90.2500000       35.8595734    
   90.5000000       40.9717407    
   90.7500000       47.6552620    
   91.0000000       55.9914131    
   91.2500000       66.0461807    
   91.5000000       77.8243942    
   91.7500000       91.3155441    
   92.0000000       106.509163    
   92.2500000       123.366005    
   92.5000000       141.731812    
   92.7500000       161.423584    
   93.0000000       182.258286    
   93.2500000       204.039307    
   93.5000000       226.515533    
   93.7500000       249.422256    
   94.0000000       272.494781    
   94.2500000       295.468872    
   94.5000000       318.082275    
   94.7500000       340.073303    
   95.0000000       361.180267    
   95.2500000       381.154327    
   95.5000000       399.799042    
   95.7500000       416.930908    
   96.0000000       432.366425    
   96.2500000       445.946899    
   96.5000000       457.612366    
   96.7500000       467.327667    
   97.0000000       475.057648    
   97.2500000       480.778687    
   97.5000000       484.513489    
   97.7500000       486.296448    
   98.0000000       486.161865    
   98.2500000       484.143951    
   98.5000000       480.276825    
   98.7500000       474.594269    
   99.0000000       467.130310    
   99.2500000       457.926666    
   99.5000000       447.056793    
   99.7500000       434.601959    
   100.000000       420.643280    
   100.250000       405.276794    
   100.500000       388.657227    
   100.750000       370.954071    
   101.000000       352.336761    
   101.250000       332.981842    
   101.500000       313.093750    
   101.750000       292.883972    
   102.000000       272.564148    
   102.250000       252.345306    
   102.500000       232.437149    
   102.750000       213.048935    
   103.000000       194.390060    
   103.250000       176.657028    
   103.500000       159.995575    
   103.750000       144.538727    
   104.000000       130.419418    
   104.250000       117.746651    
   104.500000       106.533371    
   104.750000       96.7684479    
   105.000000       88.4407578    
   105.250000       81.5278931    
   105.500000       75.9620972    
   105.750000       71.6643753    
   106.000000       68.5556564    
   106.250000       66.5571747    
   106.500000       65.5912552    
   106.750000       65.5804977    
   107.000000       66.4474945    
   107.250000       68.1183853    
   107.500000       70.5333633    
   107.750000       73.6362228    
   108.000000       77.3706741    
   108.250000       81.6872330    
   108.500000       86.5634079    
   108.750000       91.9834518    
   109.000000       97.9316406    
   109.250000       104.395424    
   109.500000       111.374947    
   109.750000       118.873604    
   110.000000       126.894745    
   110.250000       135.441635    
   110.500000       144.517075    
   110.750000       154.123840    
   111.000000       164.264542    
   111.250000       174.939407    
   111.500000       186.137772    
   111.750000       197.846649    

TitleText: Ni(001)-(5x5)-Li     Beam (4/5,4/5)            Rfac10=0.7678
 "IV exp
   72.2500000       35.7186317    
   72.5000000       38.5388908    
   72.7500000       41.6821365    
   73.0000000       45.3098679    
   73.2500000       49.5513802    
   73.5000000       54.4071732    
   73.7500000       59.8455620    
   74.0000000       65.8348618    
   74.2500000       72.3194351    
   74.5000000       79.1478653    
   74.7500000       86.1447983    
   75.0000000       93.1348648    
   75.2500000       99.9488068    
   75.5000000       106.441795    
   75.7500000       112.475060    
   76.0000000       117.909866    
   76.2500000       122.600761    
   76.5000000       126.375420    
   76.7500000       129.054810    
   77.0000000       130.459869    
   77.2500000       130.446411    
   77.5000000       129.009506    
   77.7500000       126.179024    
   78.0000000       121.984871    
   78.2500000       116.529831    
   78.5000000       110.208290    
   78.7500000       103.487534    
   79.0000000       96.8348618    
   79.2500000       90.6665192    
   79.5000000       85.1946640    
   79.7500000       80.5804062    
   80.0000000       76.9848633    
   80.2500000       74.5534973    
   80.5000000       73.3691177    
   80.7500000       73.4988632    
   81.0000000       75.0098648    
   81.2500000       77.9716339    
   81.5000000       82.4630432    
   81.7500000       88.5653763    
   82.0000000       96.3598633    
   82.2500000       105.916824    
   82.5000000       117.262863    
   82.7500000       130.413651    
   83.0000000       145.384857    
   83.2500000       162.151108    
   83.5000000       180.522797    
   83.7500000       200.269272    
   84.0000000       221.159866    
   84.2500000       242.911758    
   84.5000000       265.033325    
   84.7500000       286.980652    
   85.0000000       308.209869    
   85.2500000       328.208313    
   85.5000000       346.587616    
   85.7500000       362.990540    
   86.0000000       377.059875    
   86.2500000       388.475189    
   86.5000000       397.063019    
   86.7500000       402.686768    
   87.0000000       405.209900    
   87.2500000       404.561981    
   87.5000000       400.938354    
   87.7500000       394.600494    
   88.0000000       385.809875    
   88.2500000       374.869293    
   88.5000000       362.245972    
   88.7500000       348.448334    
   89.0000000       333.984863    
   89.2500000       319.340027    
   89.5000000       304.902649    
   89.7500000       291.037628    
   90.0000000       278.109863    
   90.2500000       266.428253    
   90.5000000       256.077667    
   90.7500000       247.086899    
   91.0000000       239.484863    
   91.2500000       233.264740    
   91.5000000       228.277191    
   91.7500000       224.337219    
   92.0000000       221.259872    
   92.2500000       218.877472    
   92.5000000       217.091599    
   92.7500000       215.821106    
   93.0000000       214.984863    
   93.2500000       214.519730    
   93.5000000       214.434418    
   93.7500000       214.755569    
   94.0000000       215.509872    
   94.2500000       216.691864    
   94.5000000       218.167465    
   94.7500000       219.770554    
   95.0000000       221.334869    
   95.2500000       222.693939    
   95.5000000       223.679901    
   95.7500000       224.124588    
   96.0000000       223.859863    
   96.2500000       222.774811    
   96.5000000       220.987732    
   96.7500000       218.674210    
   97.0000000       216.009857    
   97.2500000       213.153885    
   97.5000000       210.200211    
   97.7500000       207.226364    
   98.0000000       204.309860    
   98.2500000       201.530472    
   98.5000000       198.976822    
   98.7500000       196.739685    
   99.0000000       194.909866    
   99.2500000       193.600159    
   99.5000000       193.011078    
   99.7500000       193.365128    
   100.000000       194.884857    
   100.250000       197.742935    
   100.500000       201.913040    
   100.750000       207.319061    
   101.000000       213.884857    
   101.250000       221.518463    
   101.500000       230.064636    
   101.750000       239.352158    
   102.000000       249.209869    
   102.250000       259.470032    
   102.500000       269.978241    
   102.750000       280.583496    
   103.000000       291.134857    
   103.250000       301.478577    
   103.500000       311.450348    
   103.750000       320.883118    
   104.000000       329.609863    
   104.250000       337.480255    
   104.500000       344.410828    
   104.750000       350.334656    
   105.000000       355.184875    
   105.250000       358.887604    
   105.500000       361.340576    
   105.750000       362.434448    
   106.000000       362.059875    
   106.250000       360.126587    
   106.500000       356.620422    
   106.750000       351.546570    
   107.000000       344.909882    
   107.250000       336.786896    
   107.500000       327.540009    
   107.750000       317.603058    
   108.000000       307.409851    
   108.250000       297.296692    
   108.500000       287.209869    
   108.750000       276.998016    
   109.000000       266.509888    
   109.250000       255.608856    
   109.500000       244.217178    
   109.750000       232.271881    
   110.000000       219.709869    
   110.250000       206.622452    
   110.500000       193.718109    
   110.750000       181.859634    
   111.000000       171.909866    
   111.250000       164.472305    
   111.500000       159.113358    
   111.750000       155.140182    

 "IV theory
   72.2500000       106.639511    
   72.5000000       107.738808    
   72.7500000       108.855820    
   73.0000000       110.077179    
   73.2500000       111.484276    
   73.5000000       113.137726    
   73.7500000       115.092911    
   74.0000000       117.405235    
   74.2500000       120.115311    
   74.5000000       123.204636    
   74.7500000       126.639946    
   75.0000000       130.387970    
   75.2500000       134.404404    
   75.5000000       138.600830    
   75.7500000       142.877792    
   76.0000000       147.135818    
   76.2500000       151.273376    
   76.5000000       155.180527    
   76.7500000       158.745255    
   77.0000000       161.855545    
   77.2500000       164.405212    
   77.5000000       166.311050    
   77.7500000       167.495758    
   78.0000000       167.881927    
   78.2500000       167.408890    
   78.5000000       166.082214    
   78.7500000       163.924194    
   79.0000000       160.957031    
   79.2500000       157.215454    
   79.5000000       152.783936    
   79.7500000       147.759506    
   80.0000000       142.239120    
   80.2500000       136.321854    
   80.5000000       130.115128    
   80.7500000       123.728432    
   81.0000000       117.271324    
   81.2500000       110.849083    
   81.5000000       104.550323    
   81.7500000       98.4594498    
   82.0000000       92.6608887    
   82.2500000       87.2274933    
   82.5000000       82.1859131    
   82.7500000       77.5512543    
   83.0000000       73.3386230    
   83.2500000       69.5543823    
   83.5000000       66.1699295    
   83.7500000       63.1479568    
   84.0000000       60.4511261    
   84.2500000       58.0407448    
   84.5000000       55.8726654    
   84.7500000       53.9013977    
   85.0000000       52.0814209    
   85.2500000       50.3693390    
   85.5000000       48.7301407    
   85.7500000       47.1309242    
   86.0000000       45.5387840    
   86.2500000       43.9263458    
   86.5000000       42.2884216    
   86.7500000       40.6253624    
   87.0000000       38.9375191    
   87.2500000       37.2294731    
   87.5000000       35.5227432    
   87.7500000       33.8430672    
   88.0000000       32.2161865    
   88.2500000       30.6684532    
   88.5000000       29.2286282    
   88.7500000       27.9260769    
   89.0000000       26.7901688    
   89.2500000       25.8497124    
   89.5000000       25.1312943    
   89.7500000       24.6609554    
   90.0000000       24.4647236    
   90.2500000       24.5673885    
   90.5000000       24.9887466    
   90.7500000       25.7473431    
   91.0000000       26.8617229    
   91.2500000       28.3494015    
   91.5000000       30.2237358    
   91.7500000       32.4970551    
   92.0000000       35.1816788    
   92.2500000       38.2899971    
   92.5000000       41.8346786    
   92.7500000       45.8284378    
   93.0000000       50.2840004    
   93.2500000       55.2124290    
   93.5000000       60.6181107    
   93.7500000       66.5037613    
   94.0000000       72.8721237    
   94.2500000       79.7206726    
   94.5000000       87.0259933    
   94.7500000       94.7594528    
   95.0000000       102.892433    
   95.2500000       111.392418    
   95.5000000       120.211487    
   95.7500000       129.297821    
   96.0000000       138.599640    
   96.2500000       148.064407    
   96.5000000       157.636673    
   96.7500000       167.260269    
   97.0000000       176.878983    
   97.2500000       186.438614    
   97.5000000       195.892822    
   97.7500000       205.197296    
   98.0000000       214.307648    
   98.2500000       223.185165    
   98.5000000       231.813751    
   98.7500000       240.182953    
   99.0000000       248.282318    
   99.2500000       256.105591    
   99.5000000       263.663635    
   99.7500000       270.971344    
   100.000000       278.043671    
   100.250000       284.896393    
   100.500000       291.548035    
   100.750000       298.017883    
   101.000000       304.325195    
   101.250000       310.487793    
   101.500000       316.517731    
   101.750000       322.425659    
   102.000000       328.222198    
   102.250000       333.914032    
   102.500000       339.491852    
   102.750000       344.942505    
   103.000000       350.252625    
   103.250000       355.406006    
   103.500000       360.374420    
   103.750000       365.126495    
   104.000000       369.631012    
   104.250000       373.856201    
   104.500000       377.768372    
   104.750000       381.333405    
   105.000000       384.517212    
   105.250000       387.286346    
   105.500000       389.610504    
   105.750000       391.460083    
   106.000000       392.805267    
   106.250000       393.618622    
   106.500000       393.880188    
   106.750000       393.572205    
   107.000000       392.676758    
   107.250000       391.177582    
   107.500000       389.064758    
   107.750000       386.329834    
   108.000000       382.964386    
   108.250000       378.960022    
   108.500000       374.308228    
   108.750000       369.000397    
   109.000000       363.027954    
   109.250000       356.384277    
   109.500000       349.070496    
   109.750000       341.089691    
   110.000000       332.444946    
   110.250000       323.145416    
   110.500000       313.224670    
   110.750000       302.722412    
   111.000000       291.678284    
   111.250000       280.136505    
   111.500000       268.159607    
   111.750000       255.814728    

TitleText: Ni(001)-(5x5)-Li     Beam (4/5,4/5)            Rfac10=0.5213
 "IV exp
   72.2500000       35.7186317    
   72.5000000       38.5388908    
   72.7500000       41.6821365    
   73.0000000       45.3098679    
   73.2500000       49.5513802    
   73.5000000       54.4071732    
   73.7500000       59.8455620    
   74.0000000       65.8348618    
   74.2500000       72.3194351    
   74.5000000       79.1478653    
   74.7500000       86.1447983    
   75.0000000       93.1348648    
   75.2500000       99.9488068    
   75.5000000       106.441795    
   75.7500000       112.475060    
   76.0000000       117.909866    
   76.2500000       122.600761    
   76.5000000       126.375420    
   76.7500000       129.054810    
   77.0000000       130.459869    
   77.2500000       130.446411    
   77.5000000       129.009506    
   77.7500000       126.179024    
   78.0000000       121.984871    
   78.2500000       116.529831    
   78.5000000       110.208290    
   78.7500000       103.487534    
   79.0000000       96.8348618    
   79.2500000       90.6665192    
   79.5000000       85.1946640    
   79.7500000       80.5804062    
   80.0000000       76.9848633    
   80.2500000       74.5534973    
   80.5000000       73.3691177    
   80.7500000       73.4988632    
   81.0000000       75.0098648    
   81.2500000       77.9716339    
   81.5000000       82.4630432    
   81.7500000       88.5653763    
   82.0000000       96.3598633    
   82.2500000       105.916824    
   82.5000000       117.262863    
   82.7500000       130.413651    
   83.0000000       145.384857    
   83.2500000       162.151108    
   83.5000000       180.522797    
   83.7500000       200.269272    
   84.0000000       221.159866    
   84.2500000       242.911758    
   84.5000000       265.033325    
   84.7500000       286.980652    
   85.0000000       308.209869    
   85.2500000       328.208313    
   85.5000000       346.587616    
   85.7500000       362.990540    
   86.0000000       377.059875    
   86.2500000       388.475189    
   86.5000000       397.063019    
   86.7500000       402.686768    
   87.0000000       405.209900    
   87.2500000       404.561981    
   87.5000000       400.938354    
   87.7500000       394.600494    
   88.0000000       385.809875    
   88.2500000       374.869293    
   88.5000000       362.245972    
   88.7500000       348.448334    
   89.0000000       333.984863    
   89.2500000       319.340027    
   89.5000000       304.902649    
   89.7500000       291.037628    
   90.0000000       278.109863    
   90.2500000       266.428253    
   90.5000000       256.077667    
   90.7500000       247.086899    
   91.0000000       239.484863    
   91.2500000       233.264740    
   91.5000000       228.277191    
   91.7500000       224.337219    
   92.0000000       221.259872    
   92.2500000       218.877472    
   92.5000000       217.091599    
   92.7500000       215.821106    
   93.0000000       214.984863    
   93.2500000       214.519730    
   93.5000000       214.434418    
   93.7500000       214.755569    
   94.0000000       215.509872    
   94.2500000       216.691864    
   94.5000000       218.167465    
   94.7500000       219.770554    
   95.0000000       221.334869    
   95.2500000       222.693939    
   95.5000000       223.679901    
   95.7500000       224.124588    
   96.0000000       223.859863    
   96.2500000       222.774811    
   96.5000000       220.987732    
   96.7500000       218.674210    
   97.0000000       216.009857    
   97.2500000       213.153885    
   97.5000000       210.200211    
   97.7500000       207.226364    
   98.0000000       204.309860    
   98.2500000       201.530472    
   98.5000000       198.976822    
   98.7500000       196.739685    
   99.0000000       194.909866    
   99.2500000       193.600159    
   99.5000000       193.011078    
   99.7500000       193.365128    
   100.000000       194.884857    
   100.250000       197.742935    
   100.500000       201.913040    
   100.750000       207.319061    
   101.000000       213.884857    
   101.250000       221.518463    
   101.500000       230.064636    
   101.750000       239.352158    
   102.000000       249.209869    
   102.250000       259.470032    
   102.500000       269.978241    
   102.750000       280.583496    
   103.000000       291.134857    
   103.250000       301.478577    
   103.500000       311.450348    
   103.750000       320.883118    
   104.000000       329.609863    
   104.250000       337.480255    
   104.500000       344.410828    
   104.750000       350.334656    
   105.000000       355.184875    
   105.250000       358.887604    
   105.500000       361.340576    
   105.750000       362.434448    
   106.000000       362.059875    
   106.250000       360.126587    
   106.500000       356.620422    
   106.750000       351.546570    
   107.000000       344.909882    
   107.250000       336.786896    
   107.500000       327.540009    
   107.750000       317.603058    
   108.000000       307.409851    
   108.250000       297.296692    
   108.500000       287.209869    
   108.750000       276.998016    
   109.000000       266.509888    
   109.250000       255.608856    
   109.500000       244.217178    
   109.750000       232.271881    
   110.000000       219.709869    
   110.250000       206.622452    
   110.500000       193.718109    
   110.750000       181.859634    
   111.000000       171.909866    
   111.250000       164.472305    
   111.500000       159.113358    
   111.750000       155.140182    

 "IV theory
   72.2500000       113.827209    
   72.5000000       124.661392    
   72.7500000       136.068176    
   73.0000000       147.911514    
   73.2500000       160.050522    
   73.5000000       172.324936    
   73.7500000       184.569717    
   74.0000000       196.619690    
   74.2500000       208.313538    
   74.5000000       219.504776    
   74.7500000       230.050568    
   75.0000000       239.808136    
   75.2500000       248.648285    
   75.5000000       256.495575    
   75.7500000       263.288177    
   76.0000000       268.964264    
   76.2500000       273.476257    
   76.5000000       276.833557    
   76.7500000       279.059906    
   77.0000000       280.178925    
   77.2500000       280.217407    
   77.5000000       279.214264    
   77.7500000       277.211426    
   78.0000000       274.251007    
   78.2500000       270.375824    
   78.5000000       265.632812    
   78.7500000       260.069733    
   79.0000000       253.734390    
   79.2500000       246.682053    
   79.5000000       238.997787    
   79.7500000       230.774139    
   80.0000000       222.103546    
   80.2500000       213.085693    
   80.5000000       203.848862    
   80.7500000       194.528580    
   81.0000000       185.260208    
   81.2500000       176.181992    
   81.5000000       167.442841    
   81.7500000       159.194443    
   82.0000000       151.588470    
   82.2500000       144.771271    
   82.5000000       138.868149    
   82.7500000       133.999054    
   83.0000000       130.283936    
   83.2500000       127.819824    
   83.5000000       126.611763    
   83.7500000       126.641830    
   84.0000000       127.892113    
   84.2500000       130.321152    
   84.5000000       133.793350    
   84.7500000       138.149582    
   85.0000000       143.230698    
   85.2500000       148.871231    
   85.5000000       154.880173    
   85.7500000       161.060181    
   86.0000000       167.213943    
   86.2500000       173.149109    
   86.5000000       178.693405    
   86.7500000       183.679657    
   87.0000000       187.940598    
   87.2500000       191.327438    
   87.5000000       193.764969    
   87.7500000       195.196365    
   88.0000000       195.564819    
   88.2500000       194.832855    
   88.5000000       193.040375    
   88.7500000       190.246552    
   89.0000000       186.510574    
   89.2500000       181.896118    
   89.5000000       176.484589    
   89.7500000       170.361877    
   90.0000000       163.613815    
   90.2500000       156.326035    
   90.5000000       148.583221    
   90.7500000       140.469818    
   91.0000000       132.070267    
   91.2500000       123.471863    
   91.5000000       114.773552    
   91.7500000       106.077072    
   92.0000000       97.4842453    
   92.2500000       89.0992126    
   92.5000000       81.0357590    
   92.7500000       73.4100342    
   93.0000000       66.3381958    
   93.2500000       59.9379578    
   93.5000000       54.3332634    
   93.7500000       49.6496353    
   94.0000000       46.0125961    
   94.2500000       43.5426559    
   94.5000000       42.3403664    
   94.7500000       42.5012856    
   95.0000000       44.1209717    
   95.2500000       47.2723656    
   95.5000000       51.9378777    
   95.7500000       58.0773201    
   96.0000000       65.6504745    
   96.2500000       74.5941010    
   96.5000000       84.7528000    
   96.7500000       95.9481430    
   97.0000000       108.001717    
   97.2500000       120.728607    
   97.5000000       133.918137    
   97.7500000       147.353134    
   98.0000000       160.816437    
   98.2500000       174.096924    
   98.5000000       187.007370    
   98.7500000       199.366653    
   99.0000000       210.993515    
   99.2500000       221.729919    
   99.5000000       231.510147    
   99.7500000       240.291641    
   100.000000       248.031738    
   100.250000       254.711777    
   100.500000       260.408752    
   100.750000       265.223694    
   101.000000       269.257446    
   101.250000       272.617279    
   101.500000       275.435608    
   101.750000       277.850983    
   102.000000       280.002106    
   102.250000       282.023407    
   102.500000       284.032227    
   102.750000       286.141724    
   103.000000       288.464966    
   103.250000       291.100189    
   103.500000       294.086182    
   103.750000       297.446533    
   104.000000       301.205170    
   104.250000       305.370239    
   104.500000       309.887604    
   104.750000       314.687500    
   105.000000       319.700256    
   105.250000       324.852142    
   105.500000       330.053619    
   105.750000       335.210999    
   106.000000       340.230865    
   106.250000       345.021759    
   106.500000       349.501221    
   106.750000       353.589081    
   107.000000       357.205078    
   107.250000       360.276062    
   107.500000       362.757477    
   107.750000       364.611694    
   108.000000       365.801300    
   108.250000       366.296265    
   108.500000       366.097229    
   108.750000       365.212463    
   109.000000       363.650085    
   109.250000       361.420013    
   109.500000       358.538208    
   109.750000       355.022400    
   110.000000       350.890259    
   110.250000       346.160217    
   110.500000       340.853638    
   110.750000       334.992981    
   111.000000       328.600403    
   111.250000       321.703369    
   111.500000       314.349609    
   111.750000       306.592316    

TitleText: Ni(001)-(5x5)-Li     Beam (4/5,4/5)            Rfac10=0.4269
 "IV exp
   72.2500000       35.7186317    
   72.5000000       38.5388908    
   72.7500000       41.6821365    
   73.0000000       45.3098679    
   73.2500000       49.5513802    
   73.5000000       54.4071732    
   73.7500000       59.8455620    
   74.0000000       65.8348618    
   74.2500000       72.3194351    
   74.5000000       79.1478653    
   74.7500000       86.1447983    
   75.0000000       93.1348648    
   75.2500000       99.9488068    
   75.5000000       106.441795    
   75.7500000       112.475060    
   76.0000000       117.909866    
   76.2500000       122.600761    
   76.5000000       126.375420    
   76.7500000       129.054810    
   77.0000000       130.459869    
   77.2500000       130.446411    
   77.5000000       129.009506    
   77.7500000       126.179024    
   78.0000000       121.984871    
   78.2500000       116.529831    
   78.5000000       110.208290    
   78.7500000       103.487534    
   79.0000000       96.8348618    
   79.2500000       90.6665192    
   79.5000000       85.1946640    
   79.7500000       80.5804062    
   80.0000000       76.9848633    
   80.2500000       74.5534973    
   80.5000000       73.3691177    
   80.7500000       73.4988632    
   81.0000000       75.0098648    
   81.2500000       77.9716339    
   81.5000000       82.4630432    
   81.7500000       88.5653763    
   82.0000000       96.3598633    
   82.2500000       105.916824    
   82.5000000       117.262863    
   82.7500000       130.413651    
   83.0000000       145.384857    
   83.2500000       162.151108    
   83.5000000       180.522797    
   83.7500000       200.269272    
   84.0000000       221.159866    
   84.2500000       242.911758    
   84.5000000       265.033325    
   84.7500000       286.980652    
   85.0000000       308.209869    
   85.2500000       328.208313    
   85.5000000       346.587616    
   85.7500000       362.990540    
   86.0000000       377.059875    
   86.2500000       388.475189    
   86.5000000       397.063019    
   86.7500000       402.686768    
   87.0000000       405.209900    
   87.2500000       404.561981    
   87.5000000       400.938354    
   87.7500000       394.600494    
   88.0000000       385.809875    
   88.2500000       374.869293    
   88.5000000       362.245972    
   88.7500000       348.448334    
   89.0000000       333.984863    
   89.2500000       319.340027    
   89.5000000       304.902649    
   89.7500000       291.037628    
   90.0000000       278.109863    
   90.2500000       266.428253    
   90.5000000       256.077667    
   90.7500000       247.086899    
   91.0000000       239.484863    
   91.2500000       233.264740    
   91.5000000       228.277191    
   91.7500000       224.337219    
   92.0000000       221.259872    
   92.2500000       218.877472    
   92.5000000       217.091599    
   92.7500000       215.821106    
   93.0000000       214.984863    
   93.2500000       214.519730    
   93.5000000       214.434418    
   93.7500000       214.755569    
   94.0000000       215.509872    
   94.2500000       216.691864    
   94.5000000       218.167465    
   94.7500000       219.770554    
   95.0000000       221.334869    
   95.2500000       222.693939    
   95.5000000       223.679901    
   95.7500000       224.124588    
   96.0000000       223.859863    
   96.2500000       222.774811    
   96.5000000       220.987732    
   96.7500000       218.674210    
   97.0000000       216.009857    
   97.2500000       213.153885    
   97.5000000       210.200211    
   97.7500000       207.226364    
   98.0000000       204.309860    
   98.2500000       201.530472    
   98.5000000       198.976822    
   98.7500000       196.739685    
   99.0000000       194.909866    
   99.2500000       193.600159    
   99.5000000       193.011078    
   99.7500000       193.365128    
   100.000000       194.884857    
   100.250000       197.742935    
   100.500000       201.913040    
   100.750000       207.319061    
   101.000000       213.884857    
   101.250000       221.518463    
   101.500000       230.064636    
   101.750000       239.352158    
   102.000000       249.209869    
   102.250000       259.470032    
   102.500000       269.978241    
   102.750000       280.583496    
   103.000000       291.134857    
   103.250000       301.478577    
   103.500000       311.450348    
   103.750000       320.883118    
   104.000000       329.609863    
   104.250000       337.480255    
   104.500000       344.410828    
   104.750000       350.334656    
   105.000000       355.184875    
   105.250000       358.887604    
   105.500000       361.340576    
   105.750000       362.434448    
   106.000000       362.059875    
   106.250000       360.126587    
   106.500000       356.620422    
   106.750000       351.546570    
   107.000000       344.909882    
   107.250000       336.786896    
   107.500000       327.540009    
   107.750000       317.603058    
   108.000000       307.409851    
   108.250000       297.296692    
   108.500000       287.209869    
   108.750000       276.998016    
   109.000000       266.509888    
   109.250000       255.608856    
   109.500000       244.217178    
   109.750000       232.271881    
   110.000000       219.709869    
   110.250000       206.622452    
   110.500000       193.718109    
   110.750000       181.859634    
   111.000000       171.909866    
   111.250000       164.472305    
   111.500000       159.113358    
   111.750000       155.140182    

 "IV theory
   72.2500000       213.574249    
   72.5000000       223.289444    
   72.7500000       233.620972    
   73.0000000       244.527145    
   73.2500000       255.944427    
   73.5000000       267.721619    
   73.7500000       279.685486    
   74.0000000       291.662872    
   74.2500000       303.470093    
   74.5000000       314.881378    
   74.7500000       325.660339    
   75.0000000       335.570801    
   75.2500000       344.376984    
   75.5000000       351.845245    
   75.7500000       357.742615    
   76.0000000       361.836090    
   76.2500000       363.916077    
   76.5000000       363.866852    
   76.7500000       361.596039    
   77.0000000       357.011322    
   77.2500000       350.064972    
   77.5000000       340.887543    
   77.7500000       329.654144    
   78.0000000       316.540070    
   78.2500000       301.741638    
   78.5000000       285.540222    
   78.7500000       268.238373    
   79.0000000       250.138672    
   79.2500000       231.543106    
   79.5000000       212.751251    
   79.7500000       194.061981    
   80.0000000       175.774277    
   80.2500000       158.170547    
   80.5000000       141.467300    
   80.7500000       125.864410    
   81.0000000       111.561890    
   81.2500000       98.7281494    
   81.5000000       87.4055252    
   81.7500000       77.6048584    
   82.0000000       69.3370056    
   82.2500000       62.5978355    
   82.5000000       57.3235092    
   82.7500000       53.4352531    
   83.0000000       50.8542938    
   83.2500000       49.5020561    
   83.5000000       49.3008003    
   83.7500000       50.1729851    
   84.0000000       52.0410576    
   84.2500000       54.8255272    
   84.5000000       58.4390259    
   84.7500000       62.7922173    
   85.0000000       67.7957764    
   85.2500000       73.3568039    
   85.5000000       79.3681183    
   85.7500000       85.7189331    
   86.0000000       92.2984924    
   86.2500000       98.9942703    
   86.5000000       105.686668    
   86.7500000       112.254333    
   87.0000000       118.575882    
   87.2500000       124.530182    
   87.5000000       129.996964    
   87.7500000       134.856232    
   88.0000000       138.987930    
   88.2500000       142.284088    
   88.5000000       144.684830    
   88.7500000       146.142349    
   89.0000000       146.608749    
   89.2500000       146.059067    
   89.5000000       144.559631    
   89.7500000       142.199615    
   90.0000000       139.068161    
   90.2500000       135.265366    
   90.5000000       130.934937    
   90.7500000       126.231430    
   91.0000000       121.309486    
   91.2500000       116.323288    
   91.5000000       111.425430    
   91.7500000       106.768150    
   92.0000000       102.503632    
   92.2500000       98.7701416    
   92.5000000       95.6500702    
   92.7500000       93.2118912    
   93.0000000       91.5240326    
   93.2500000       90.6283875    
   93.5000000       90.4605560    
   93.7500000       90.9296036    
   94.0000000       91.9445648    
   94.2500000       93.4017639    
   94.5000000       95.1467896    
   94.7500000       97.0124664    
   95.0000000       98.8316498    
   95.2500000       100.437714    
   95.5000000       101.666122    
   95.7500000       102.352859    
   96.0000000       102.333908    
   96.2500000       101.465164    
   96.5000000       99.6821899    
   96.7500000       96.9404297    
   97.0000000       93.1953354    
   97.2500000       88.4402542    
   97.5000000       82.8199921    
   97.7500000       76.5172958    
   98.0000000       69.7148132    
   98.2500000       62.6133881    
   98.5000000       55.4861450    
   98.7500000       48.6243439    
   99.0000000       42.3192482    
   99.2500000       36.8613853    
   99.5000000       32.5385475    
   99.7500000       29.6377964    
   100.000000       28.4462109    
   100.250000       29.2256317    
   100.500000       32.1370163    
   100.750000       37.3160706    
   101.000000       44.8985176    
   101.250000       54.9720383    
   101.500000       67.4321747    
   101.750000       82.1263962    
   102.000000       98.9022369    
   102.250000       117.584343    
   102.500000       137.905975    
   102.750000       159.577606    
   103.000000       182.309631    
   103.250000       205.813080    
   103.500000       229.801117    
   103.750000       253.987518    
   104.000000       278.085968    
   104.250000       301.821838    
   104.500000       324.966492    
   104.750000       347.302826    
   105.000000       368.613800    
   105.250000       388.704529    
   105.500000       407.468567    
   105.750000       424.821625    
   106.000000       440.679382    
   106.250000       454.967987    
   106.500000       467.655151    
   106.750000       478.719208    
   107.000000       488.138336    
   107.250000       495.890778    
   107.500000       501.954956    
   107.750000       506.309509    
   108.000000       508.932983    
   108.250000       509.817474    
   108.500000       509.009979    
   108.750000       506.570892    
   109.000000       502.560730    
   109.250000       497.065857    
   109.500000       490.275848    
   109.750000       482.406036    
   110.000000       473.671936    
   110.250000       464.301239    
   110.500000       454.570892    
   110.750000       444.770264    
   111.000000       435.188721    
   111.250000       426.115082    
   111.500000       417.836853    
   111.750000       410.641083    

TitleText: Ni(001)-(5x5)-Li     Beam (4/5,4/5)            Rfac10=0.6270
 "IV exp
   72.2500000       35.7186317    
   72.5000000       38.5388908    
   72.7500000       41.6821365    
   73.0000000       45.3098679    
   73.2500000       49.5513802    
   73.5000000       54.4071732    
   73.7500000       59.8455620    
   74.0000000       65.8348618    
   74.2500000       72.3194351    
   74.5000000       79.1478653    
   74.7500000       86.1447983    
   75.0000000       93.1348648    
   75.2500000       99.9488068    
   75.5000000       106.441795    
   75.7500000       112.475060    
   76.0000000       117.909866    
   76.2500000       122.600761    
   76.5000000       126.375420    
   76.7500000       129.054810    
   77.0000000       130.459869    
   77.2500000       130.446411    
   77.5000000       129.009506    
   77.7500000       126.179024    
   78.0000000       121.984871    
   78.2500000       116.529831    
   78.5000000       110.208290    
   78.7500000       103.487534    
   79.0000000       96.8348618    
   79.2500000       90.6665192    
   79.5000000       85.1946640    
   79.7500000       80.5804062    
   80.0000000       76.9848633    
   80.2500000       74.5534973    
   80.5000000       73.3691177    
   80.7500000       73.4988632    
   81.0000000       75.0098648    
   81.2500000       77.9716339    
   81.5000000       82.4630432    
   81.7500000       88.5653763    
   82.0000000       96.3598633    
   82.2500000       105.916824    
   82.5000000       117.262863    
   82.7500000       130.413651    
   83.0000000       145.384857    
   83.2500000       162.151108    
   83.5000000       180.522797    
   83.7500000       200.269272    
   84.0000000       221.159866    
   84.2500000       242.911758    
   84.5000000       265.033325    
   84.7500000       286.980652    
   85.0000000       308.209869    
   85.2500000       328.208313    
   85.5000000       346.587616    
   85.7500000       362.990540    
   86.0000000       377.059875    
   86.2500000       388.475189    
   86.5000000       397.063019    
   86.7500000       402.686768    
   87.0000000       405.209900    
   87.2500000       404.561981    
   87.5000000       400.938354    
   87.7500000       394.600494    
   88.0000000       385.809875    
   88.2500000       374.869293    
   88.5000000       362.245972    
   88.7500000       348.448334    
   89.0000000       333.984863    
   89.2500000       319.340027    
   89.5000000       304.902649    
   89.7500000       291.037628    
   90.0000000       278.109863    
   90.2500000       266.428253    
   90.5000000       256.077667    
   90.7500000       247.086899    
   91.0000000       239.484863    
   91.2500000       233.264740    
   91.5000000       228.277191    
   91.7500000       224.337219    
   92.0000000       221.259872    
   92.2500000       218.877472    
   92.5000000       217.091599    
   92.7500000       215.821106    
   93.0000000       214.984863    
   93.2500000       214.519730    
   93.5000000       214.434418    
   93.7500000       214.755569    
   94.0000000       215.509872    
   94.2500000       216.691864    
   94.5000000       218.167465    
   94.7500000       219.770554    
   95.0000000       221.334869    
   95.2500000       222.693939    
   95.5000000       223.679901    
   95.7500000       224.124588    
   96.0000000       223.859863    
   96.2500000       222.774811    
   96.5000000       220.987732    
   96.7500000       218.674210    
   97.0000000       216.009857    
   97.2500000       213.153885    
   97.5000000       210.200211    
   97.7500000       207.226364    
   98.0000000       204.309860    
   98.2500000       201.530472    
   98.5000000       198.976822    
   98.7500000       196.739685    
   99.0000000       194.909866    
   99.2500000       193.600159    
   99.5000000       193.011078    
   99.7500000       193.365128    
   100.000000       194.884857    
   100.250000       197.742935    
   100.500000       201.913040    
   100.750000       207.319061    
   101.000000       213.884857    
   101.250000       221.518463    
   101.500000       230.064636    
   101.750000       239.352158    
   102.000000       249.209869    
   102.250000       259.470032    
   102.500000       269.978241    
   102.750000       280.583496    
   103.000000       291.134857    
   103.250000       301.478577    
   103.500000       311.450348    
   103.750000       320.883118    
   104.000000       329.609863    
   104.250000       337.480255    
   104.500000       344.410828    
   104.750000       350.334656    
   105.000000       355.184875    
   105.250000       358.887604    
   105.500000       361.340576    
   105.750000       362.434448    
   106.000000       362.059875    
   106.250000       360.126587    
   106.500000       356.620422    
   106.750000       351.546570    
   107.000000       344.909882    
   107.250000       336.786896    
   107.500000       327.540009    
   107.750000       317.603058    
   108.000000       307.409851    
   108.250000       297.296692    
   108.500000       287.209869    
   108.750000       276.998016    
   109.000000       266.509888    
   109.250000       255.608856    
   109.500000       244.217178    
   109.750000       232.271881    
   110.000000       219.709869    
   110.250000       206.622452    
   110.500000       193.718109    
   110.750000       181.859634    
   111.000000       171.909866    
   111.250000       164.472305    
   111.500000       159.113358    
   111.750000       155.140182    

 "IV theory
   72.2500000       171.664429    
   72.5000000       178.261673    
   72.7500000       184.925293    
   73.0000000       191.671387    
   73.2500000       198.516464    
   73.5000000       205.477966    
   73.7500000       212.573776    
   74.0000000       219.821655    
   74.2500000       227.236069    
   74.5000000       234.818192    
   74.7500000       242.565842    
   75.0000000       250.476913    
   75.2500000       258.542114    
   75.5000000       266.723663    
   75.7500000       274.976685    
   76.0000000       283.256317    
   76.2500000       291.513855    
   76.5000000       299.685242    
   76.7500000       307.702637    
   77.0000000       315.498108    
   77.2500000       323.003571    
   77.5000000       330.149841    
   77.7500000       336.867584    
   78.0000000       343.087463    
   78.2500000       348.746002    
   78.5000000       353.804352    
   78.7500000       358.229523    
   79.0000000       361.988525    
   79.2500000       365.061615    
   79.5000000       367.481567    
   79.7500000       369.294525    
   80.0000000       370.546326    
   80.2500000       371.290161    
   80.5000000       371.607452    
   80.7500000       371.586609    
   81.0000000       371.316193    
   81.2500000       370.885101    
   81.5000000       370.383942    
   81.7500000       369.903748    
   82.0000000       369.535522    
   82.2500000       369.360840    
   82.5000000       369.423492    
   82.7500000       369.757843    
   83.0000000       370.398224    
   83.2500000       371.358551    
   83.5000000       372.570892    
   83.7500000       373.947052    
   84.0000000       375.398621    
   84.2500000       376.826324    
   84.5000000       378.086761    
   84.7500000       379.025604    
   85.0000000       379.488464    
   85.2500000       379.320251    
   85.5000000       378.363495    
   85.7500000       376.459900    
   86.0000000       373.451202    
   86.2500000       369.193481    
   86.5000000       363.600037    
   86.7500000       356.598511    
   87.0000000       348.116455    
   87.2500000       338.112488    
   87.5000000       326.668884    
   87.7500000       313.898804    
   88.0000000       299.915527    
   88.2500000       284.848969    
   88.5000000       268.896118    
   88.7500000       252.270645    
   89.0000000       235.186264    
   89.2500000       217.857315    
   89.5000000       200.501022    
   89.7500000       183.335159    
   90.0000000       166.577637    
   90.2500000       150.436020    
   90.5000000       135.077179    
   90.7500000       120.657738    
   91.0000000       107.334290    
   91.2500000       95.2416000    
   91.5000000       84.4268875    
   91.7500000       74.9154892    
   92.0000000       66.7327652    
   92.2500000       59.8921242    
   92.5000000       54.3592377    
   92.7500000       50.0878258    
   93.0000000       47.0316353    
   93.2500000       45.1441650    
   93.5000000       44.3779716    
   93.7500000       44.6853943    
   94.0000000       46.0187607    
   94.2500000       48.3274651    
   94.5000000       51.5491638    
   94.7500000       55.6185684    
   95.0000000       60.4703979    
   95.2500000       66.0327682    
   95.5000000       72.2073441    
   95.7500000       78.8891907    
   96.0000000       85.9733582    
   96.2500000       93.3514481    
   96.5000000       100.901031    
   96.7500000       108.496239    
   97.0000000       116.011192    
   97.2500000       123.319633    
   97.5000000       130.293869    
   97.7500000       136.805862    
   98.0000000       142.727570    
   98.2500000       147.941574    
   98.5000000       152.373047    
   98.7500000       155.957825    
   99.0000000       158.631729    
   99.2500000       160.353653    
   99.5000000       161.174957    
   99.7500000       161.170029    
   100.000000       160.413345    
   100.250000       158.991760    
   100.500000       157.042099    
   100.750000       154.713593    
   101.000000       152.155457    
   101.250000       149.517609    
   101.500000       146.952301    
   101.750000       144.612411    
   102.000000       142.650864    
   102.250000       141.209320    
   102.500000       140.384674    
   102.750000       140.262634    
   103.000000       140.928925    
   103.250000       142.445099    
   103.500000       144.776154    
   103.750000       147.862961    
   104.000000       151.646408    
   104.250000       156.054276    
   104.500000       160.962036    
   104.750000       166.232101    
   105.000000       171.726852    
   105.250000       177.308197    
   105.500000       182.835922    
   105.750000       188.169266    
   106.000000       193.167465    
   106.250000       197.697189    
   106.500000       201.654617    
   106.750000       204.943192    
   107.000000       207.466507    
   107.250000       209.143860    
   107.500000       209.957870    
   107.750000       209.906891    
   108.000000       208.989304    
   108.250000       207.212158    
   108.500000       204.616882    
   108.750000       201.253525    
   109.000000       197.172195    
   109.250000       192.423157    
   109.500000       187.057480    
   109.750000       181.126556    
   110.000000       174.681686    
   110.250000       167.774673    
   110.500000       160.459213    
   110.750000       152.789520    
   111.000000       144.819809    
   111.250000       136.605453    
   111.500000       128.206558    
   111.750000       119.684502    

