TitleText: Ni(001)-(5x5)-Li     Beam (3/5,2/5)            Rfac10=0.3766
 "IV exp
   40.2500000       3386.09180    
   40.5000000       2995.86353    
   40.7500000       2632.94800    
   41.0000000       2311.00098    
   41.2500000       2040.66528    
   41.5000000       1820.53113    
   41.7500000       1646.17566    
   42.0000000       1513.17578    
   42.2500000       1416.56885    
   42.5000000       1349.23267    
   42.7500000       1303.50562    
   43.0000000       1271.72583    
   43.2500000       1247.75513    
   43.5000000       1231.54956    
   43.7500000       1224.58838    
   44.0000000       1228.35083    
   44.2500000       1243.44653    
   44.5000000       1267.00525    
   44.7500000       1295.28687    
   45.0000000       1324.55078    
   45.2500000       1350.90222    
   45.5000000       1369.82495    
   45.7500000       1376.64819    
   46.0000000       1366.70093    
   46.2500000       1338.94873    
   46.5000000       1306.90320    
   46.7500000       1287.71289    
   47.0000000       1298.52588    
   47.2500000       1356.53101    
   47.5000000       1479.07983    
   47.7500000       1683.56396    
   48.0000000       1987.37573    
   48.2500000       2402.51758    
   48.5000000       2919.43555    
   48.7500000       3523.18652    
   49.0000000       4198.82617    
   49.2500000       4937.54199    
   49.5000000       5755.04199    
   49.7500000       6673.16504    
   50.0000000       7713.75098    
   50.2500000       8894.86133    
   50.5000000       10219.4629    
   50.7500000       11686.7451    
   51.0000000       13295.9004    
   51.2500000       15039.0195    
   51.5000000       16879.8125    
   51.7500000       18774.8848    
   52.0000000       20680.8516    
   52.2500000       22562.9375    
   52.5000000       24420.8320    
   52.7500000       26262.8496    
   53.0000000       28097.3008    
   53.2500000       29928.6309    
   53.5000000       31745.8555    
   53.7500000       33534.1211    
   54.0000000       35278.5781    
   54.2500000       36961.4492    
   54.5000000       38553.2461    
   54.7500000       40021.5547    
   55.0000000       41333.9531    
   55.2500000       42461.1484    
   55.5000000       43386.3281    
   55.7500000       44095.7969    
   56.0000000       44575.8750    
   56.2500000       44813.0195    
   56.5000000       44794.3477    
   56.7500000       44507.1250    
   57.0000000       43938.6250    
   57.2500000       43082.3008    
   57.5000000       41956.3711    
   57.7500000       40585.2148    
   58.0000000       38993.2266    
   58.2500000       37210.1328    
   58.5000000       35286.9922    
   58.7500000       33280.1758    
   59.0000000       31246.0762    
   59.2500000       29236.1289    
   59.5000000       27282.0273    
   59.7500000       25410.5098    
   60.0000000       23648.3281    
   60.2500000       22014.0918    
   60.5000000       20493.8750    
   60.7500000       19065.6172    
   61.0000000       17707.2520    
   61.2500000       16398.3105    
   61.5000000       15124.6855    
   61.7500000       13873.8633    
   62.0000000       12633.3262    
   62.2500000       11398.4473    
   62.5000000       10196.1504    
   62.7500000       9061.24805    
   63.0000000       8028.55078    
   63.2500000       7125.53613    
   63.5000000       6350.33398    
   63.7500000       5693.74023    
   64.0000000       5146.55078    
   64.2500000       4694.22314    
   64.5000000       4300.86084    
   64.7500000       3925.23120    
   65.0000000       3526.10083    
   65.2500000       3076.35254    
   65.5000000       2605.33472    
   65.7500000       2156.51270    
   66.0000000       1773.35083    
   66.2500000       1492.23901    
   66.5000000       1321.26465    
   66.7500000       1261.43945    
   67.0000000       1313.77588    
   67.2500000       1471.10938    
   67.5000000       1693.57129    
   67.7500000       1933.11682    
   68.0000000       2141.70068    
   68.2500000       2282.58301    
   68.5000000       2364.24219    
   68.7500000       2406.46216    
   69.0000000       2429.02588    
   69.2500000       2446.93359    
   69.5000000       2456.04883    
   69.7500000       2447.45264    
   70.0000000       2412.22583    
   70.2500000       2344.07031    
   70.5000000       2247.17676    
   70.7500000       2128.35767    
   71.0000000       1994.42578    
   71.2500000       1854.76587    
   71.5000000       1729.05225    
   71.7500000       1639.53174    
   72.0000000       1608.45093    
   72.2500000       1652.39734    
   72.5000000       1765.32227    
   72.7500000       1935.51782    
   73.0000000       2151.27588    
   73.2500000       2399.66602    
   73.5000000       2662.86694    
   73.7500000       2921.83496    
   74.0000000       3157.52588    
   74.2500000       3355.66260    
   74.5000000       3521.03394    
   74.7500000       3663.19482    
   75.0000000       3791.70093    
   75.2500000       3916.43872    
   75.5000000       4048.61865    
   75.7500000       4199.78320    
   76.0000000       4381.47559    
   76.2500000       4595.71729    
   76.5000000       4806.45020    
   76.7500000       4968.09570    
   77.0000000       5035.07617    
   77.2500000       4972.34473    
   77.5000000       4786.98340    
   77.7500000       4496.60645    
   78.0000000       4118.82617    
   78.2500000       3671.22900    
   78.5000000       3171.28979    
   78.7500000       2636.45654    

 "IV theory
   40.2500000       7734.62598    
   40.5000000       7741.39453    
   40.7500000       7740.25635    
   41.0000000       7730.90332    
   41.2500000       7713.11328    
   41.5000000       7686.99170    
   41.7500000       7652.72754    
   42.0000000       7610.50879    
   42.2500000       7560.76904    
   42.5000000       7504.91895    
   42.7500000       7444.61523    
   43.0000000       7381.51270    
   43.2500000       7317.43896    
   43.5000000       7254.91113    
   43.7500000       7196.61523    
   44.0000000       7145.23926    
   44.2500000       7103.50537    
   44.5000000       7074.27197    
   44.7500000       7060.42822    
   45.0000000       7064.86572    
   45.2500000       7090.34424    
   45.5000000       7139.09375    
   45.7500000       7213.21387    
   46.0000000       7314.80176    
   46.2500000       7445.58838    
   46.5000000       7605.82471    
   46.7500000       7795.39697    
   47.0000000       8014.18848    
   47.2500000       8261.81445    
   47.5000000       8536.81738    
   47.7500000       8837.46777    
   48.0000000       9162.04199    
   48.2500000       9508.78223    
   48.5000000       9875.81934    
   48.7500000       10261.2568    
   49.0000000       10663.1982    
   49.2500000       11079.7217    
   49.5000000       11508.8154    
   49.7500000       11948.4492    
   50.0000000       12396.5850    
   50.2500000       12851.1006    
   50.5000000       13309.5029    
   50.7500000       13769.2119    
   51.0000000       14227.6455    
   51.2500000       14682.1592    
   51.5000000       15129.8682    
   51.7500000       15567.8271    
   52.0000000       15993.0879    
   52.2500000       16402.6875    
   52.5000000       16793.5898    
   52.7500000       17162.7422    
   53.0000000       17507.0879    
   53.2500000       17823.6777    
   53.5000000       18109.9551    
   53.7500000       18363.4785    
   54.0000000       18581.7930    
   54.2500000       18762.7363    
   54.5000000       18905.2988    
   54.7500000       19008.7441    
   55.0000000       19072.3477    
   55.2500000       19095.5898    
   55.5000000       19078.7930    
   55.7500000       19022.4922    
   56.0000000       18927.2148    
   56.2500000       18793.5117    
   56.5000000       18621.9902    
   56.7500000       18413.2852    
   57.0000000       18168.0176    
   57.2500000       17886.8887    
   57.5000000       17570.9355    
   57.7500000       17221.2480    
   58.0000000       16838.9336    
   58.2500000       16425.3457    
   58.5000000       15982.8408    
   58.7500000       15514.0322    
   59.0000000       15021.5293    
   59.2500000       14508.1182    
   59.5000000       13977.2852    
   59.7500000       13432.6982    
   60.0000000       12878.0166    
   60.2500000       12316.9434    
   60.5000000       11753.3105    
   60.7500000       11190.9873    
   61.0000000       10633.8477    
   61.2500000       10085.6279    
   61.5000000       9549.54297    
   61.7500000       9028.67969    
   62.0000000       8526.12402    
   62.2500000       8044.59521    
   62.5000000       7585.35352    
   62.7500000       7149.29590    
   63.0000000       6737.31494    
   63.2500000       6350.04248    
   63.5000000       5987.04980    
   63.7500000       5647.64551    
   64.0000000       5331.13623    
   64.2500000       5036.79785    
   64.5000000       4763.78174    
   64.7500000       4511.20850    
   65.0000000       4278.19727    
   65.2500000       4063.87598    
   65.5000000       3867.40942    
   65.7500000       3687.96924    
   66.0000000       3524.72778    
   66.2500000       3376.85864    
   66.5000000       3243.54297    
   66.7500000       3123.96436    
   67.0000000       3017.30469    
   67.2500000       2922.75073    
   67.5000000       2839.50391    
   67.7500000       2766.76978    
   68.0000000       2703.75366    
   68.2500000       2649.65967    
   68.5000000       2603.68481    
   68.7500000       2565.02466    
   69.0000000       2532.87500    
   69.2500000       2506.44922    
   69.5000000       2485.02954    
   69.7500000       2467.91602    
   70.0000000       2454.40845    
   70.2500000       2443.85742    
   70.5000000       2435.81567    
   70.7500000       2429.88672    
   71.0000000       2425.67432    
   71.2500000       2422.81836    
   71.5000000       2421.10693    
   71.7500000       2420.36475    
   72.0000000       2420.41699    
   72.2500000       2421.09033    
   72.5000000       2422.22632    
   72.7500000       2423.66797    
   73.0000000       2425.25879    
   73.2500000       2426.85303    
   73.5000000       2428.34595    
   73.7500000       2429.64380    
   74.0000000       2430.65308    
   74.2500000       2431.31348    
   74.5000000       2431.70166    
   74.7500000       2431.92651    
   75.0000000       2432.09888    
   75.2500000       2432.35156    
   75.5000000       2432.91260    
   75.7500000       2434.03271    
   76.0000000       2435.96338    
   76.2500000       2438.96045    
   76.5000000       2443.30103    
   76.7500000       2449.26514    
   77.0000000       2457.13550    
   77.2500000       2467.17114    
   77.5000000       2479.54517    
   77.7500000       2494.40820    
   78.0000000       2511.91260    
   78.2500000       2532.14722    
   78.5000000       2554.95728    
   78.7500000       2580.12524    

TitleText: Ni(001)-(5x5)-Li     Beam (3/5,2/5)            Rfac10=0.7589
 "IV exp
   40.2500000       3386.09180    
   40.5000000       2995.86353    
   40.7500000       2632.94800    
   41.0000000       2311.00098    
   41.2500000       2040.66528    
   41.5000000       1820.53113    
   41.7500000       1646.17566    
   42.0000000       1513.17578    
   42.2500000       1416.56885    
   42.5000000       1349.23267    
   42.7500000       1303.50562    
   43.0000000       1271.72583    
   43.2500000       1247.75513    
   43.5000000       1231.54956    
   43.7500000       1224.58838    
   44.0000000       1228.35083    
   44.2500000       1243.44653    
   44.5000000       1267.00525    
   44.7500000       1295.28687    
   45.0000000       1324.55078    
   45.2500000       1350.90222    
   45.5000000       1369.82495    
   45.7500000       1376.64819    
   46.0000000       1366.70093    
   46.2500000       1338.94873    
   46.5000000       1306.90320    
   46.7500000       1287.71289    
   47.0000000       1298.52588    
   47.2500000       1356.53101    
   47.5000000       1479.07983    
   47.7500000       1683.56396    
   48.0000000       1987.37573    
   48.2500000       2402.51758    
   48.5000000       2919.43555    
   48.7500000       3523.18652    
   49.0000000       4198.82617    
   49.2500000       4937.54199    
   49.5000000       5755.04199    
   49.7500000       6673.16504    
   50.0000000       7713.75098    
   50.2500000       8894.86133    
   50.5000000       10219.4629    
   50.7500000       11686.7451    
   51.0000000       13295.9004    
   51.2500000       15039.0195    
   51.5000000       16879.8125    
   51.7500000       18774.8848    
   52.0000000       20680.8516    
   52.2500000       22562.9375    
   52.5000000       24420.8320    
   52.7500000       26262.8496    
   53.0000000       28097.3008    
   53.2500000       29928.6309    
   53.5000000       31745.8555    
   53.7500000       33534.1211    
   54.0000000       35278.5781    
   54.2500000       36961.4492    
   54.5000000       38553.2461    
   54.7500000       40021.5547    
   55.0000000       41333.9531    
   55.2500000       42461.1484    
   55.5000000       43386.3281    
   55.7500000       44095.7969    
   56.0000000       44575.8750    
   56.2500000       44813.0195    
   56.5000000       44794.3477    
   56.7500000       44507.1250    
   57.0000000       43938.6250    
   57.2500000       43082.3008    
   57.5000000       41956.3711    
   57.7500000       40585.2148    
   58.0000000       38993.2266    
   58.2500000       37210.1328    
   58.5000000       35286.9922    
   58.7500000       33280.1758    
   59.0000000       31246.0762    
   59.2500000       29236.1289    
   59.5000000       27282.0273    
   59.7500000       25410.5098    
   60.0000000       23648.3281    
   60.2500000       22014.0918    
   60.5000000       20493.8750    
   60.7500000       19065.6172    
   61.0000000       17707.2520    
   61.2500000       16398.3105    
   61.5000000       15124.6855    
   61.7500000       13873.8633    
   62.0000000       12633.3262    
   62.2500000       11398.4473    
   62.5000000       10196.1504    
   62.7500000       9061.24805    
   63.0000000       8028.55078    
   63.2500000       7125.53613    
   63.5000000       6350.33398    
   63.7500000       5693.74023    
   64.0000000       5146.55078    
   64.2500000       4694.22314    
   64.5000000       4300.86084    
   64.7500000       3925.23120    
   65.0000000       3526.10083    
   65.2500000       3076.35254    
   65.5000000       2605.33472    
   65.7500000       2156.51270    
   66.0000000       1773.35083    
   66.2500000       1492.23901    
   66.5000000       1321.26465    
   66.7500000       1261.43945    
   67.0000000       1313.77588    
   67.2500000       1471.10938    
   67.5000000       1693.57129    
   67.7500000       1933.11682    
   68.0000000       2141.70068    
   68.2500000       2282.58301    
   68.5000000       2364.24219    
   68.7500000       2406.46216    
   69.0000000       2429.02588    
   69.2500000       2446.93359    
   69.5000000       2456.04883    
   69.7500000       2447.45264    
   70.0000000       2412.22583    
   70.2500000       2344.07031    
   70.5000000       2247.17676    
   70.7500000       2128.35767    
   71.0000000       1994.42578    
   71.2500000       1854.76587    
   71.5000000       1729.05225    
   71.7500000       1639.53174    
   72.0000000       1608.45093    
   72.2500000       1652.39734    
   72.5000000       1765.32227    
   72.7500000       1935.51782    
   73.0000000       2151.27588    
   73.2500000       2399.66602    
   73.5000000       2662.86694    
   73.7500000       2921.83496    
   74.0000000       3157.52588    
   74.2500000       3355.66260    
   74.5000000       3521.03394    
   74.7500000       3663.19482    
   75.0000000       3791.70093    
   75.2500000       3916.43872    
   75.5000000       4048.61865    
   75.7500000       4199.78320    
   76.0000000       4381.47559    
   76.2500000       4595.71729    
   76.5000000       4806.45020    
   76.7500000       4968.09570    
   77.0000000       5035.07617    
   77.2500000       4972.34473    
   77.5000000       4786.98340    
   77.7500000       4496.60645    
   78.0000000       4118.82617    
   78.2500000       3671.22900    
   78.5000000       3171.28979    
   78.7500000       2636.45654    

 "IV theory
   40.2500000       8986.19043    
   40.5000000       9313.91309    
   40.7500000       9641.25391    
   41.0000000       9965.94434    
   41.2500000       10285.7500    
   41.5000000       10598.5381    
   41.7500000       10902.2051    
   42.0000000       11194.6455    
   42.2500000       11473.8887    
   42.5000000       11738.4922    
   42.7500000       11987.1484    
   43.0000000       12218.5508    
   43.2500000       12431.5654    
   43.5000000       12625.7666    
   43.7500000       12800.9033    
   44.0000000       12956.7236    
   44.2500000       13093.0303    
   44.5000000       13209.8164    
   44.7500000       13307.1367    
   45.0000000       13385.0361    
   45.2500000       13443.5811    
   45.5000000       13482.8994    
   45.7500000       13503.1357    
   46.0000000       13504.4385    
   46.2500000       13487.1133    
   46.5000000       13452.1328    
   46.7500000       13400.6279    
   47.0000000       13333.7305    
   47.2500000       13252.7822    
   47.5000000       13159.9473    
   47.7500000       13057.5947    
   48.0000000       12948.0918    
   48.2500000       12833.8896    
   48.5000000       12717.7354    
   48.7500000       12602.4580    
   49.0000000       12490.8877    
   49.2500000       12385.7979    
   49.5000000       12289.7578    
   49.7500000       12205.2832    
   50.0000000       12134.8877    
   50.2500000       12080.7783    
   50.5000000       12043.9258    
   50.7500000       12024.9922    
   51.0000000       12024.6387    
   51.2500000       12043.1240    
   51.5000000       12079.1084    
   51.7500000       12130.8496    
   52.0000000       12196.6035    
   52.2500000       12274.4971    
   52.5000000       12362.1328    
   52.7500000       12456.9814    
   53.0000000       12556.5098    
   53.2500000       12658.2275    
   53.5000000       12759.7744    
   53.7500000       12858.8330    
   54.0000000       12953.0859    
   54.2500000       13040.3418    
   54.5000000       13118.9473    
   54.7500000       13187.3828    
   55.0000000       13244.1279    
   55.2500000       13287.8398    
   55.5000000       13317.8936    
   55.7500000       13333.8506    
   56.0000000       13335.2627    
   56.2500000       13321.7412    
   56.5000000       13293.1045    
   56.7500000       13249.2227    
   57.0000000       13189.9668    
   57.2500000       13115.2188    
   57.5000000       13024.8877    
   57.7500000       12918.8994    
   58.0000000       12797.1777    
   58.2500000       12659.7520    
   58.5000000       12507.1055    
   58.7500000       12339.8232    
   59.0000000       12158.4961    
   59.2500000       11963.8525    
   59.5000000       11757.1768    
   59.7500000       11539.8887    
   60.0000000       11313.4150    
   60.2500000       11079.2256    
   60.5000000       10838.9912    
   60.7500000       10594.4277    
   61.0000000       10347.2529    
   61.2500000       10099.1592    
   61.5000000       9851.74023    
   61.7500000       9606.56055    
   62.0000000       9365.18555    
   62.2500000       9129.04395    
   62.5000000       8899.00977    
   62.7500000       8675.81836    
   63.0000000       8460.20215    
   63.2500000       8252.71777    
   63.5000000       8053.19678    
   63.7500000       7861.29297    
   64.0000000       7676.65674    
   64.2500000       7498.88281    
   64.5000000       7327.32861    
   64.7500000       7161.29395    
   65.0000000       7000.07764    
   65.2500000       6842.99365    
   65.5000000       6689.41602    
   65.7500000       6538.73193    
   66.0000000       6390.33154    
   66.2500000       6243.65674    
   66.5000000       6098.36572    
   66.7500000       5954.17285    
   67.0000000       5810.79248    
   67.2500000       5668.00928    
   67.5000000       5525.90283    
   67.7500000       5384.61963    
   68.0000000       5244.31055    
   68.2500000       5105.14893    
   68.5000000       4967.39844    
   68.7500000       4831.35156    
   69.0000000       4697.29590    
   69.2500000       4565.51514    
   69.5000000       4436.27344    
   69.7500000       4309.83008    
   70.0000000       4186.44238    
   70.2500000       4066.35376    
   70.5000000       3949.74219    
   70.7500000       3836.76978    
   71.0000000       3727.59912    
   71.2500000       3622.37061    
   71.5000000       3521.13794    
   71.7500000       3423.93262    
   72.0000000       3330.78760    
   72.2500000       3241.72729    
   72.5000000       3156.74731    
   72.7500000       3075.83667    
   73.0000000       2998.98462    
   73.2500000       2926.18237    
   73.5000000       2857.43140    
   73.7500000       2792.73608    
   74.0000000       2732.10083    
   74.2500000       2675.54224    
   74.5000000       2623.12695    
   74.7500000       2574.93457    
   75.0000000       2531.04395    
   75.2500000       2491.55005    
   75.5000000       2456.61108    
   75.7500000       2426.40112    
   76.0000000       2401.09399    
   76.2500000       2380.87061    
   76.5000000       2365.93970    
   76.7500000       2356.51782    
   77.0000000       2352.82104    
   77.2500000       2355.05640    
   77.5000000       2363.39478    
   77.7500000       2377.99756    
   78.0000000       2399.02661    
   78.2500000       2426.58325    
   78.5000000       2460.53076    
   78.7500000       2500.67065    

TitleText: Ni(001)-(5x5)-Li     Beam (3/5,2/5)            Rfac10=0.7226
 "IV exp
   40.2500000       3386.09180    
   40.5000000       2995.86353    
   40.7500000       2632.94800    
   41.0000000       2311.00098    
   41.2500000       2040.66528    
   41.5000000       1820.53113    
   41.7500000       1646.17566    
   42.0000000       1513.17578    
   42.2500000       1416.56885    
   42.5000000       1349.23267    
   42.7500000       1303.50562    
   43.0000000       1271.72583    
   43.2500000       1247.75513    
   43.5000000       1231.54956    
   43.7500000       1224.58838    
   44.0000000       1228.35083    
   44.2500000       1243.44653    
   44.5000000       1267.00525    
   44.7500000       1295.28687    
   45.0000000       1324.55078    
   45.2500000       1350.90222    
   45.5000000       1369.82495    
   45.7500000       1376.64819    
   46.0000000       1366.70093    
   46.2500000       1338.94873    
   46.5000000       1306.90320    
   46.7500000       1287.71289    
   47.0000000       1298.52588    
   47.2500000       1356.53101    
   47.5000000       1479.07983    
   47.7500000       1683.56396    
   48.0000000       1987.37573    
   48.2500000       2402.51758    
   48.5000000       2919.43555    
   48.7500000       3523.18652    
   49.0000000       4198.82617    
   49.2500000       4937.54199    
   49.5000000       5755.04199    
   49.7500000       6673.16504    
   50.0000000       7713.75098    
   50.2500000       8894.86133    
   50.5000000       10219.4629    
   50.7500000       11686.7451    
   51.0000000       13295.9004    
   51.2500000       15039.0195    
   51.5000000       16879.8125    
   51.7500000       18774.8848    
   52.0000000       20680.8516    
   52.2500000       22562.9375    
   52.5000000       24420.8320    
   52.7500000       26262.8496    
   53.0000000       28097.3008    
   53.2500000       29928.6309    
   53.5000000       31745.8555    
   53.7500000       33534.1211    
   54.0000000       35278.5781    
   54.2500000       36961.4492    
   54.5000000       38553.2461    
   54.7500000       40021.5547    
   55.0000000       41333.9531    
   55.2500000       42461.1484    
   55.5000000       43386.3281    
   55.7500000       44095.7969    
   56.0000000       44575.8750    
   56.2500000       44813.0195    
   56.5000000       44794.3477    
   56.7500000       44507.1250    
   57.0000000       43938.6250    
   57.2500000       43082.3008    
   57.5000000       41956.3711    
   57.7500000       40585.2148    
   58.0000000       38993.2266    
   58.2500000       37210.1328    
   58.5000000       35286.9922    
   58.7500000       33280.1758    
   59.0000000       31246.0762    
   59.2500000       29236.1289    
   59.5000000       27282.0273    
   59.7500000       25410.5098    
   60.0000000       23648.3281    
   60.2500000       22014.0918    
   60.5000000       20493.8750    
   60.7500000       19065.6172    
   61.0000000       17707.2520    
   61.2500000       16398.3105    
   61.5000000       15124.6855    
   61.7500000       13873.8633    
   62.0000000       12633.3262    
   62.2500000       11398.4473    
   62.5000000       10196.1504    
   62.7500000       9061.24805    
   63.0000000       8028.55078    
   63.2500000       7125.53613    
   63.5000000       6350.33398    
   63.7500000       5693.74023    
   64.0000000       5146.55078    
   64.2500000       4694.22314    
   64.5000000       4300.86084    
   64.7500000       3925.23120    
   65.0000000       3526.10083    
   65.2500000       3076.35254    
   65.5000000       2605.33472    
   65.7500000       2156.51270    
   66.0000000       1773.35083    
   66.2500000       1492.23901    
   66.5000000       1321.26465    
   66.7500000       1261.43945    
   67.0000000       1313.77588    
   67.2500000       1471.10938    
   67.5000000       1693.57129    
   67.7500000       1933.11682    
   68.0000000       2141.70068    
   68.2500000       2282.58301    
   68.5000000       2364.24219    
   68.7500000       2406.46216    
   69.0000000       2429.02588    
   69.2500000       2446.93359    
   69.5000000       2456.04883    
   69.7500000       2447.45264    
   70.0000000       2412.22583    
   70.2500000       2344.07031    
   70.5000000       2247.17676    
   70.7500000       2128.35767    
   71.0000000       1994.42578    
   71.2500000       1854.76587    
   71.5000000       1729.05225    
   71.7500000       1639.53174    
   72.0000000       1608.45093    
   72.2500000       1652.39734    
   72.5000000       1765.32227    
   72.7500000       1935.51782    
   73.0000000       2151.27588    
   73.2500000       2399.66602    
   73.5000000       2662.86694    
   73.7500000       2921.83496    
   74.0000000       3157.52588    
   74.2500000       3355.66260    
   74.5000000       3521.03394    
   74.7500000       3663.19482    
   75.0000000       3791.70093    
   75.2500000       3916.43872    
   75.5000000       4048.61865    
   75.7500000       4199.78320    
   76.0000000       4381.47559    
   76.2500000       4595.71729    
   76.5000000       4806.45020    
   76.7500000       4968.09570    
   77.0000000       5035.07617    
   77.2500000       4972.34473    
   77.5000000       4786.98340    
   77.7500000       4496.60645    
   78.0000000       4118.82617    
   78.2500000       3671.22900    
   78.5000000       3171.28979    
   78.7500000       2636.45654    

 "IV theory
   40.2500000       4206.16650    
   40.5000000       4354.46777    
   40.7500000       4519.01709    
   41.0000000       4699.08154    
   41.2500000       4893.87988    
   41.5000000       5102.43652    
   41.7500000       5323.72949    
   42.0000000       5556.73438    
   42.2500000       5800.32568    
   42.5000000       6052.97021    
   42.7500000       6313.03369    
   43.0000000       6578.87988    
   43.2500000       6848.82129    
   43.5000000       7120.96045    
   43.7500000       7393.34766    
   44.0000000       7664.02979    
   44.2500000       7931.05566    
   44.5000000       8192.45898    
   44.7500000       8446.27148    
   45.0000000       8690.52734    
   45.2500000       8923.41895    
   45.5000000       9143.79297    
   45.7500000       9350.65527    
   46.0000000       9543.01172    
   46.2500000       9720.21094    
   46.5000000       9882.95410    
   46.7500000       10032.2900    
   47.0000000       10169.2578    
   47.2500000       10295.0791    
   47.5000000       10411.6816    
   47.7500000       10521.1680    
   48.0000000       10625.6387    
   48.2500000       10727.2061    
   48.5000000       10827.9951    
   48.7500000       10930.1387    
   49.0000000       11035.7725    
   49.2500000       11146.8350    
   49.5000000       11264.4922    
   49.7500000       11389.7139    
   50.0000000       11523.4736    
   50.2500000       11666.3398    
   50.5000000       11817.2676    
   50.7500000       11974.8105    
   51.0000000       12137.5225    
   51.2500000       12303.7461    
   51.5000000       12470.9805    
   51.7500000       12636.5195    
   52.0000000       12797.6523    
   52.2500000       12951.6660    
   52.5000000       13095.8281    
   52.7500000       13227.4092    
   53.0000000       13343.6729    
   53.2500000       13441.9795    
   53.5000000       13520.0713    
   53.7500000       13575.7783    
   54.0000000       13606.9385    
   54.2500000       13611.5791    
   54.5000000       13588.5146    
   54.7500000       13536.7539    
   55.0000000       13455.3047    
   55.2500000       13343.2793    
   55.5000000       13200.2051    
   55.7500000       13025.7109    
   56.0000000       12819.4268    
   56.2500000       12580.9775    
   56.5000000       12309.9854    
   56.7500000       12006.0674    
   57.0000000       11668.8389    
   57.2500000       11298.1748    
   57.5000000       10894.9629    
   57.7500000       10460.3496    
   58.0000000       9995.47754    
   58.2500000       9502.02734    
   58.5000000       8983.80762    
   58.7500000       8445.16504    
   59.0000000       7890.44336    
   59.2500000       7324.26416    
   59.5000000       6752.35693    
   59.7500000       6180.73047    
   60.0000000       5615.39014    
   60.2500000       5062.35205    
   60.5000000       4527.66699    
   60.7500000       4017.39307    
   61.0000000       3537.58838    
   61.2500000       3093.95923    
   61.5000000       2690.80005    
   61.7500000       2332.05273    
   62.0000000       2021.65869    
   62.2500000       1762.82556    
   62.5000000       1555.82092    
   62.7500000       1400.17859    
   63.0000000       1295.43213    
   63.2500000       1240.73047    
   63.5000000       1233.68652    
   63.7500000       1271.52856    
   64.0000000       1351.48523    
   64.2500000       1470.77966    
   64.5000000       1626.61584    
   64.7500000       1816.19214    
   65.0000000       2036.70740    
   65.2500000       2285.33960    
   65.5000000       2559.18433    
   65.7500000       2855.31665    
   66.0000000       3170.81152    
   66.2500000       3502.69702    
   66.5000000       3847.81445    
   66.7500000       4202.95703    
   67.0000000       4564.91992    
   67.2500000       4930.47266    
   67.5000000       5296.29785    
   67.7500000       5659.04932    
   68.0000000       6015.38428    
   68.2500000       6361.95654    
   68.5000000       6695.39795    
   68.7500000       7012.33887    
   69.0000000       7309.40918    
   69.2500000       7583.55273    
   69.5000000       7832.97656    
   69.7500000       8056.20166    
   70.0000000       8251.75098    
   70.2500000       8418.80469    
   70.5000000       8559.18262    
   70.7500000       8675.36230    
   71.0000000       8769.82129    
   71.2500000       8845.38379    
   71.5000000       8906.24023    
   71.7500000       8956.92871    
   72.0000000       9001.98535    
   72.2500000       9045.95508    
   72.5000000       9093.42480    
   72.7500000       9148.98926    
   73.0000000       9217.24512    
   73.2500000       9302.39551    
   73.5000000       9407.08496    
   73.7500000       9533.56152    
   74.0000000       9684.07617    
   74.2500000       9860.06738    
   74.5000000       10059.7119    
   74.7500000       10280.3779    
   75.0000000       10519.4277    
   75.2500000       10773.8027    
   75.5000000       11038.7471    
   75.7500000       11309.0820    
   76.0000000       11579.6250    
   76.2500000       11845.1855    
   76.5000000       12100.5312    
   76.7500000       12340.4180    
   77.0000000       12559.6006    
   77.2500000       12753.1963    
   77.5000000       12917.7627    
   77.7500000       13050.2139    
   78.0000000       13147.4688    
   78.2500000       13207.1934    
   78.5000000       13230.0488    
   78.7500000       13217.4463    

TitleText: Ni(001)-(5x5)-Li     Beam (3/5,2/5)            Rfac10=0.6033
 "IV exp
   40.2500000       3386.09180    
   40.5000000       2995.86353    
   40.7500000       2632.94800    
   41.0000000       2311.00098    
   41.2500000       2040.66528    
   41.5000000       1820.53113    
   41.7500000       1646.17566    
   42.0000000       1513.17578    
   42.2500000       1416.56885    
   42.5000000       1349.23267    
   42.7500000       1303.50562    
   43.0000000       1271.72583    
   43.2500000       1247.75513    
   43.5000000       1231.54956    
   43.7500000       1224.58838    
   44.0000000       1228.35083    
   44.2500000       1243.44653    
   44.5000000       1267.00525    
   44.7500000       1295.28687    
   45.0000000       1324.55078    
   45.2500000       1350.90222    
   45.5000000       1369.82495    
   45.7500000       1376.64819    
   46.0000000       1366.70093    
   46.2500000       1338.94873    
   46.5000000       1306.90320    
   46.7500000       1287.71289    
   47.0000000       1298.52588    
   47.2500000       1356.53101    
   47.5000000       1479.07983    
   47.7500000       1683.56396    
   48.0000000       1987.37573    
   48.2500000       2402.51758    
   48.5000000       2919.43555    
   48.7500000       3523.18652    
   49.0000000       4198.82617    
   49.2500000       4937.54199    
   49.5000000       5755.04199    
   49.7500000       6673.16504    
   50.0000000       7713.75098    
   50.2500000       8894.86133    
   50.5000000       10219.4629    
   50.7500000       11686.7451    
   51.0000000       13295.9004    
   51.2500000       15039.0195    
   51.5000000       16879.8125    
   51.7500000       18774.8848    
   52.0000000       20680.8516    
   52.2500000       22562.9375    
   52.5000000       24420.8320    
   52.7500000       26262.8496    
   53.0000000       28097.3008    
   53.2500000       29928.6309    
   53.5000000       31745.8555    
   53.7500000       33534.1211    
   54.0000000       35278.5781    
   54.2500000       36961.4492    
   54.5000000       38553.2461    
   54.7500000       40021.5547    
   55.0000000       41333.9531    
   55.2500000       42461.1484    
   55.5000000       43386.3281    
   55.7500000       44095.7969    
   56.0000000       44575.8750    
   56.2500000       44813.0195    
   56.5000000       44794.3477    
   56.7500000       44507.1250    
   57.0000000       43938.6250    
   57.2500000       43082.3008    
   57.5000000       41956.3711    
   57.7500000       40585.2148    
   58.0000000       38993.2266    
   58.2500000       37210.1328    
   58.5000000       35286.9922    
   58.7500000       33280.1758    
   59.0000000       31246.0762    
   59.2500000       29236.1289    
   59.5000000       27282.0273    
   59.7500000       25410.5098    
   60.0000000       23648.3281    
   60.2500000       22014.0918    
   60.5000000       20493.8750    
   60.7500000       19065.6172    
   61.0000000       17707.2520    
   61.2500000       16398.3105    
   61.5000000       15124.6855    
   61.7500000       13873.8633    
   62.0000000       12633.3262    
   62.2500000       11398.4473    
   62.5000000       10196.1504    
   62.7500000       9061.24805    
   63.0000000       8028.55078    
   63.2500000       7125.53613    
   63.5000000       6350.33398    
   63.7500000       5693.74023    
   64.0000000       5146.55078    
   64.2500000       4694.22314    
   64.5000000       4300.86084    
   64.7500000       3925.23120    
   65.0000000       3526.10083    
   65.2500000       3076.35254    
   65.5000000       2605.33472    
   65.7500000       2156.51270    
   66.0000000       1773.35083    
   66.2500000       1492.23901    
   66.5000000       1321.26465    
   66.7500000       1261.43945    
   67.0000000       1313.77588    
   67.2500000       1471.10938    
   67.5000000       1693.57129    
   67.7500000       1933.11682    
   68.0000000       2141.70068    
   68.2500000       2282.58301    
   68.5000000       2364.24219    
   68.7500000       2406.46216    
   69.0000000       2429.02588    
   69.2500000       2446.93359    
   69.5000000       2456.04883    
   69.7500000       2447.45264    
   70.0000000       2412.22583    
   70.2500000       2344.07031    
   70.5000000       2247.17676    
   70.7500000       2128.35767    
   71.0000000       1994.42578    
   71.2500000       1854.76587    
   71.5000000       1729.05225    
   71.7500000       1639.53174    
   72.0000000       1608.45093    
   72.2500000       1652.39734    
   72.5000000       1765.32227    
   72.7500000       1935.51782    
   73.0000000       2151.27588    
   73.2500000       2399.66602    
   73.5000000       2662.86694    
   73.7500000       2921.83496    
   74.0000000       3157.52588    
   74.2500000       3355.66260    
   74.5000000       3521.03394    
   74.7500000       3663.19482    
   75.0000000       3791.70093    
   75.2500000       3916.43872    
   75.5000000       4048.61865    
   75.7500000       4199.78320    
   76.0000000       4381.47559    
   76.2500000       4595.71729    
   76.5000000       4806.45020    
   76.7500000       4968.09570    
   77.0000000       5035.07617    
   77.2500000       4972.34473    
   77.5000000       4786.98340    
   77.7500000       4496.60645    
   78.0000000       4118.82617    
   78.2500000       3671.22900    
   78.5000000       3171.28979    
   78.7500000       2636.45654    

 "IV theory
   40.2500000       9056.33105    
   40.5000000       9107.96191    
   40.7500000       9153.98730    
   41.0000000       9194.88574    
   41.2500000       9231.20410    
   41.5000000       9263.76562    
   41.7500000       9293.45801    
   42.0000000       9321.17090    
   42.2500000       9347.79297    
   42.5000000       9374.20508    
   42.7500000       9401.28613    
   43.0000000       9429.91406    
   43.2500000       9460.93457    
   43.5000000       9495.06250    
   43.7500000       9532.97852    
   44.0000000       9575.36621    
   44.2500000       9622.84277    
   44.5000000       9675.77539    
   44.7500000       9734.46973    
   45.0000000       9799.23047    
   45.2500000       9870.33496    
   45.5000000       9947.94238    
   45.7500000       10032.1826    
   46.0000000       10123.1855    
   46.2500000       10221.0859    
   46.5000000       10326.0049    
   46.7500000       10438.0684    
   47.0000000       10557.4023    
   47.2500000       10684.0537    
   47.5000000       10817.7500    
   47.7500000       10958.1387    
   48.0000000       11104.8691    
   48.2500000       11257.4404    
   48.5000000       11414.7607    
   48.7500000       11575.5820    
   49.0000000       11738.6592    
   49.2500000       11902.6777    
   49.5000000       12066.0371    
   49.7500000       12227.0693    
   50.0000000       12384.1055    
   50.2500000       12535.4775    
   50.5000000       12679.5342    
   50.7500000       12814.6250    
   51.0000000       12939.1006    
   51.2500000       13051.4238    
   51.5000000       13150.5010    
   51.7500000       13235.3506    
   52.0000000       13304.9893    
   52.2500000       13358.6455    
   52.5000000       13396.3867    
   52.7500000       13418.4922    
   53.0000000       13425.2393    
   53.2500000       13417.0049    
   53.5000000       13394.5654    
   53.7500000       13358.7900    
   54.0000000       13310.5518    
   54.2500000       13250.7227    
   54.5000000       13180.1592    
   54.7500000       13099.7227    
   55.0000000       13010.2637    
   55.2500000       12912.5908    
   55.5000000       12807.3154    
   55.7500000       12694.9941    
   56.0000000       12576.1846    
   56.2500000       12451.3545    
   56.5000000       12320.5889    
   56.7500000       12183.8828    
   57.0000000       12041.2285    
   57.2500000       11892.5752    
   57.5000000       11737.6943    
   57.7500000       11576.3115    
   58.0000000       11408.1504    
   58.2500000       11232.9434    
   58.5000000       11050.4189    
   58.7500000       10860.3193    
   59.0000000       10662.3740    
   59.2500000       10456.3623    
   59.5000000       10242.2188    
   59.7500000       10019.9238    
   60.0000000       9789.45410    
   60.2500000       9550.86328    
   60.5000000       9304.50977    
   60.7500000       9050.83105    
   61.0000000       8790.26562    
   61.2500000       8523.28223    
   61.5000000       8250.49805    
   61.7500000       7972.56445    
   62.0000000       7690.13232    
   62.2500000       7403.85400    
   62.5000000       7114.37793    
   62.7500000       6822.35352    
   63.0000000       6528.43213    
   63.2500000       6233.28076    
   63.5000000       5937.64355    
   63.7500000       5642.28271    
   64.0000000       5347.96191    
   64.2500000       5055.47803    
   64.5000000       4765.76904    
   64.7500000       4479.80762    
   65.0000000       4198.56543    
   65.2500000       3923.03271    
   65.5000000       3654.26636    
   65.7500000       3393.34155    
   66.0000000       3141.33252    
   66.2500000       2899.31226    
   66.5000000       2668.34448    
   66.7500000       2449.49097    
   67.0000000       2243.81372    
   67.2500000       2052.27637    
   67.5000000       1875.45105    
   67.7500000       1713.81262    
   68.0000000       1567.83496    
   68.2500000       1437.80835    
   68.5000000       1323.28479    
   68.7500000       1223.63269    
   69.0000000       1138.21960    
   69.2500000       1066.32642    
   69.5000000       1006.88434    
   69.7500000       958.737549    
   70.0000000       920.730225    
   70.2500000       891.709534    
   70.5000000       870.536072    
   70.7500000       856.073486    
   71.0000000       847.185730    
   71.2500000       842.826355    
   71.5000000       842.309509    
   71.7500000       845.038879    
   72.0000000       850.418335    
   72.2500000       858.022095    
   72.5000000       868.105469    
   72.7500000       881.094360    
   73.0000000       897.414490    
   73.2500000       917.571838    
   73.5000000       942.394775    
   73.7500000       972.791504    
   74.0000000       1009.67059    
   74.2500000       1053.93787    
   74.5000000       1106.48889    
   74.7500000       1168.21631    
   75.0000000       1240.01282    
   75.2500000       1322.71082    
   75.5000000       1416.89929    
   75.7500000       1523.10730    
   76.0000000       1641.86353    
   76.2500000       1773.58118    
   76.5000000       1918.21277    
   76.7500000       2075.59546    
   77.0000000       2245.56567    
   77.2500000       2427.90747    
   77.5000000       2622.18896    
   77.7500000       2827.92505    
   78.0000000       3044.63013    
   78.2500000       3271.81885    
   78.5000000       3509.00195    
   78.7500000       3755.69092    

TitleText: Ni(001)-(5x5)-Li     Beam (3/5,2/5)            Rfac10=1.2343
 "IV exp
   40.2500000       3386.09180    
   40.5000000       2995.86353    
   40.7500000       2632.94800    
   41.0000000       2311.00098    
   41.2500000       2040.66528    
   41.5000000       1820.53113    
   41.7500000       1646.17566    
   42.0000000       1513.17578    
   42.2500000       1416.56885    
   42.5000000       1349.23267    
   42.7500000       1303.50562    
   43.0000000       1271.72583    
   43.2500000       1247.75513    
   43.5000000       1231.54956    
   43.7500000       1224.58838    
   44.0000000       1228.35083    
   44.2500000       1243.44653    
   44.5000000       1267.00525    
   44.7500000       1295.28687    
   45.0000000       1324.55078    
   45.2500000       1350.90222    
   45.5000000       1369.82495    
   45.7500000       1376.64819    
   46.0000000       1366.70093    
   46.2500000       1338.94873    
   46.5000000       1306.90320    
   46.7500000       1287.71289    
   47.0000000       1298.52588    
   47.2500000       1356.53101    
   47.5000000       1479.07983    
   47.7500000       1683.56396    
   48.0000000       1987.37573    
   48.2500000       2402.51758    
   48.5000000       2919.43555    
   48.7500000       3523.18652    
   49.0000000       4198.82617    
   49.2500000       4937.54199    
   49.5000000       5755.04199    
   49.7500000       6673.16504    
   50.0000000       7713.75098    
   50.2500000       8894.86133    
   50.5000000       10219.4629    
   50.7500000       11686.7451    
   51.0000000       13295.9004    
   51.2500000       15039.0195    
   51.5000000       16879.8125    
   51.7500000       18774.8848    
   52.0000000       20680.8516    
   52.2500000       22562.9375    
   52.5000000       24420.8320    
   52.7500000       26262.8496    
   53.0000000       28097.3008    
   53.2500000       29928.6309    
   53.5000000       31745.8555    
   53.7500000       33534.1211    
   54.0000000       35278.5781    
   54.2500000       36961.4492    
   54.5000000       38553.2461    
   54.7500000       40021.5547    
   55.0000000       41333.9531    
   55.2500000       42461.1484    
   55.5000000       43386.3281    
   55.7500000       44095.7969    
   56.0000000       44575.8750    
   56.2500000       44813.0195    
   56.5000000       44794.3477    
   56.7500000       44507.1250    
   57.0000000       43938.6250    
   57.2500000       43082.3008    
   57.5000000       41956.3711    
   57.7500000       40585.2148    
   58.0000000       38993.2266    
   58.2500000       37210.1328    
   58.5000000       35286.9922    
   58.7500000       33280.1758    
   59.0000000       31246.0762    
   59.2500000       29236.1289    
   59.5000000       27282.0273    
   59.7500000       25410.5098    
   60.0000000       23648.3281    
   60.2500000       22014.0918    
   60.5000000       20493.8750    
   60.7500000       19065.6172    
   61.0000000       17707.2520    
   61.2500000       16398.3105    
   61.5000000       15124.6855    
   61.7500000       13873.8633    
   62.0000000       12633.3262    
   62.2500000       11398.4473    
   62.5000000       10196.1504    
   62.7500000       9061.24805    
   63.0000000       8028.55078    
   63.2500000       7125.53613    
   63.5000000       6350.33398    
   63.7500000       5693.74023    
   64.0000000       5146.55078    
   64.2500000       4694.22314    
   64.5000000       4300.86084    
   64.7500000       3925.23120    
   65.0000000       3526.10083    
   65.2500000       3076.35254    
   65.5000000       2605.33472    
   65.7500000       2156.51270    
   66.0000000       1773.35083    
   66.2500000       1492.23901    
   66.5000000       1321.26465    
   66.7500000       1261.43945    
   67.0000000       1313.77588    
   67.2500000       1471.10938    
   67.5000000       1693.57129    
   67.7500000       1933.11682    
   68.0000000       2141.70068    
   68.2500000       2282.58301    
   68.5000000       2364.24219    
   68.7500000       2406.46216    
   69.0000000       2429.02588    
   69.2500000       2446.93359    
   69.5000000       2456.04883    
   69.7500000       2447.45264    
   70.0000000       2412.22583    
   70.2500000       2344.07031    
   70.5000000       2247.17676    
   70.7500000       2128.35767    
   71.0000000       1994.42578    
   71.2500000       1854.76587    
   71.5000000       1729.05225    
   71.7500000       1639.53174    
   72.0000000       1608.45093    
   72.2500000       1652.39734    
   72.5000000       1765.32227    
   72.7500000       1935.51782    
   73.0000000       2151.27588    
   73.2500000       2399.66602    
   73.5000000       2662.86694    
   73.7500000       2921.83496    
   74.0000000       3157.52588    
   74.2500000       3355.66260    
   74.5000000       3521.03394    
   74.7500000       3663.19482    
   75.0000000       3791.70093    
   75.2500000       3916.43872    
   75.5000000       4048.61865    
   75.7500000       4199.78320    
   76.0000000       4381.47559    
   76.2500000       4595.71729    
   76.5000000       4806.45020    
   76.7500000       4968.09570    
   77.0000000       5035.07617    
   77.2500000       4972.34473    
   77.5000000       4786.98340    
   77.7500000       4496.60645    
   78.0000000       4118.82617    
   78.2500000       3671.22900    
   78.5000000       3171.28979    
   78.7500000       2636.45654    

 "IV theory
   40.2500000       1910.69910    
   40.5000000       1625.78406    
   40.7500000       1386.68213    
   41.0000000       1193.11438    
   41.2500000       1044.80627    
   41.5000000       941.498779    
   41.7500000       882.937805    
   42.0000000       868.868591    
   42.2500000       899.012268    
   42.5000000       972.992065    
   42.7500000       1090.40662    
   43.0000000       1250.85474    
   43.2500000       1453.91211    
   43.5000000       1699.06091    
   43.7500000       1985.76074    
   44.0000000       2313.47119    
   44.2500000       2681.67407    
   44.5000000       3089.94189    
   44.7500000       3537.87036    
   45.0000000       4025.05396    
   45.2500000       4550.86816    
   45.5000000       5113.80469    
   45.7500000       5712.13379    
   46.0000000       6344.12793    
   46.2500000       7007.37402    
   46.5000000       7696.72363    
   46.7500000       8406.34766    
   47.0000000       9130.41113    
   47.2500000       9862.58594    
   47.5000000       10594.5469    
   47.7500000       11317.4727    
   48.0000000       12022.5381    
   48.2500000       12700.8027    
   48.5000000       13342.8516    
   48.7500000       13939.1504    
   49.0000000       14480.1650    
   49.2500000       14956.8203    
   49.5000000       15361.8760    
   49.7500000       15688.5479    
   50.0000000       15930.0527    
   50.2500000       16080.9600    
   50.5000000       16141.2480    
   50.7500000       16112.2471    
   51.0000000       15995.2852    
   51.2500000       15792.7119    
   51.5000000       15510.9473    
   51.7500000       15157.4326    
   52.0000000       14739.6084    
   52.2500000       14265.0625    
   52.5000000       13741.9785    
   52.7500000       13178.6895    
   53.0000000       12583.5254    
   53.2500000       11964.6689    
   53.5000000       11329.6924    
   53.7500000       10686.0166    
   54.0000000       10041.0654    
   54.2500000       9401.90234    
   54.5000000       8774.16992    
   54.7500000       8163.14648    
   55.0000000       7574.11670    
   55.2500000       7012.07617    
   55.5000000       6480.87158    
   55.7500000       5984.06445    
   56.0000000       5525.21533    
   56.2500000       5107.88037    
   56.5000000       4735.59326    
   56.7500000       4411.88379    
   57.0000000       4140.28223    
   57.2500000       3924.05640    
   57.5000000       3765.42944    
   57.7500000       3666.36304    
   58.0000000       3628.81860    
   58.2500000       3653.92798    
   58.5000000       3739.50049    
   58.7500000       3882.51587    
   59.0000000       4079.95288    
   59.2500000       4328.17529    
   59.5000000       4621.08936    
   59.7500000       4951.98291    
   60.0000000       5314.14648    
   60.2500000       5700.76123    
   60.5000000       6104.57617    
   60.7500000       6518.22852    
   61.0000000       6934.35889    
   61.2500000       7345.85156    
   61.5000000       7746.56934    
   61.7500000       8130.61963    
   62.0000000       8492.11133    
   62.2500000       8825.83691    
   62.5000000       9129.32812    
   62.7500000       9400.80078    
   63.0000000       9638.46875    
   63.2500000       9841.07227    
   63.5000000       10009.4414    
   63.7500000       10144.9268    
   64.0000000       10248.8828    
   64.2500000       10322.7236    
   64.5000000       10368.1143    
   64.7500000       10386.7822    
   65.0000000       10380.4561    
   65.2500000       10350.8994    
   65.5000000       10300.0195    
   65.7500000       10229.7627    
   66.0000000       10142.0703    
   66.2500000       10039.0537    
   66.5000000       9923.48730    
   66.7500000       9798.31055    
   67.0000000       9666.46484    
   67.2500000       9531.00391    
   67.5000000       9395.42871    
   67.7500000       9263.35645    
   68.0000000       9138.40820    
   68.2500000       9024.23535    
   68.5000000       8924.66602    
   68.7500000       8843.56445    
   69.0000000       8784.79590    
   69.2500000       8752.00293    
   69.5000000       8747.92090    
   69.7500000       8775.06152    
   70.0000000       8835.93262    
   70.2500000       8932.36621    
   70.5000000       9063.46582    
   70.7500000       9227.65723    
   71.0000000       9423.36230    
   71.2500000       9648.49805    
   71.5000000       9898.94824    
   71.7500000       10170.0928    
   72.0000000       10457.3076    
   72.2500000       10755.8828    
   72.5000000       11060.7588    
   72.7500000       11366.7852    
   73.0000000       11668.8184    
   73.2500000       11961.8945    
   73.5000000       12241.8105    
   73.7500000       12504.5469    
   74.0000000       12746.0889    
   74.2500000       12962.9424    
   74.5000000       13153.7139    
   74.7500000       13317.5342    
   75.0000000       13453.5332    
   75.2500000       13561.2412    
   75.5000000       13641.7793    
   75.7500000       13696.6758    
   76.0000000       13727.4453    
   76.2500000       13735.6689    
   76.5000000       13723.1455    
   76.7500000       13691.7285    
   77.0000000       13643.2744    
   77.2500000       13579.5967    
   77.5000000       13502.3604    
   77.7500000       13413.1846    
   78.0000000       13313.6943    
   78.2500000       13205.4336    
   78.5000000       13089.6416    
   78.7500000       12967.4756    

TitleText: Ni(001)-(5x5)-Li     Beam (3/5,2/5)            Rfac10=0.5480
 "IV exp
   40.2500000       3386.09180    
   40.5000000       2995.86353    
   40.7500000       2632.94800    
   41.0000000       2311.00098    
   41.2500000       2040.66528    
   41.5000000       1820.53113    
   41.7500000       1646.17566    
   42.0000000       1513.17578    
   42.2500000       1416.56885    
   42.5000000       1349.23267    
   42.7500000       1303.50562    
   43.0000000       1271.72583    
   43.2500000       1247.75513    
   43.5000000       1231.54956    
   43.7500000       1224.58838    
   44.0000000       1228.35083    
   44.2500000       1243.44653    
   44.5000000       1267.00525    
   44.7500000       1295.28687    
   45.0000000       1324.55078    
   45.2500000       1350.90222    
   45.5000000       1369.82495    
   45.7500000       1376.64819    
   46.0000000       1366.70093    
   46.2500000       1338.94873    
   46.5000000       1306.90320    
   46.7500000       1287.71289    
   47.0000000       1298.52588    
   47.2500000       1356.53101    
   47.5000000       1479.07983    
   47.7500000       1683.56396    
   48.0000000       1987.37573    
   48.2500000       2402.51758    
   48.5000000       2919.43555    
   48.7500000       3523.18652    
   49.0000000       4198.82617    
   49.2500000       4937.54199    
   49.5000000       5755.04199    
   49.7500000       6673.16504    
   50.0000000       7713.75098    
   50.2500000       8894.86133    
   50.5000000       10219.4629    
   50.7500000       11686.7451    
   51.0000000       13295.9004    
   51.2500000       15039.0195    
   51.5000000       16879.8125    
   51.7500000       18774.8848    
   52.0000000       20680.8516    
   52.2500000       22562.9375    
   52.5000000       24420.8320    
   52.7500000       26262.8496    
   53.0000000       28097.3008    
   53.2500000       29928.6309    
   53.5000000       31745.8555    
   53.7500000       33534.1211    
   54.0000000       35278.5781    
   54.2500000       36961.4492    
   54.5000000       38553.2461    
   54.7500000       40021.5547    
   55.0000000       41333.9531    
   55.2500000       42461.1484    
   55.5000000       43386.3281    
   55.7500000       44095.7969    
   56.0000000       44575.8750    
   56.2500000       44813.0195    
   56.5000000       44794.3477    
   56.7500000       44507.1250    
   57.0000000       43938.6250    
   57.2500000       43082.3008    
   57.5000000       41956.3711    
   57.7500000       40585.2148    
   58.0000000       38993.2266    
   58.2500000       37210.1328    
   58.5000000       35286.9922    
   58.7500000       33280.1758    
   59.0000000       31246.0762    
   59.2500000       29236.1289    
   59.5000000       27282.0273    
   59.7500000       25410.5098    
   60.0000000       23648.3281    
   60.2500000       22014.0918    
   60.5000000       20493.8750    
   60.7500000       19065.6172    
   61.0000000       17707.2520    
   61.2500000       16398.3105    
   61.5000000       15124.6855    
   61.7500000       13873.8633    
   62.0000000       12633.3262    
   62.2500000       11398.4473    
   62.5000000       10196.1504    
   62.7500000       9061.24805    
   63.0000000       8028.55078    
   63.2500000       7125.53613    
   63.5000000       6350.33398    
   63.7500000       5693.74023    
   64.0000000       5146.55078    
   64.2500000       4694.22314    
   64.5000000       4300.86084    
   64.7500000       3925.23120    
   65.0000000       3526.10083    
   65.2500000       3076.35254    
   65.5000000       2605.33472    
   65.7500000       2156.51270    
   66.0000000       1773.35083    
   66.2500000       1492.23901    
   66.5000000       1321.26465    
   66.7500000       1261.43945    
   67.0000000       1313.77588    
   67.2500000       1471.10938    
   67.5000000       1693.57129    
   67.7500000       1933.11682    
   68.0000000       2141.70068    
   68.2500000       2282.58301    
   68.5000000       2364.24219    
   68.7500000       2406.46216    
   69.0000000       2429.02588    
   69.2500000       2446.93359    
   69.5000000       2456.04883    
   69.7500000       2447.45264    
   70.0000000       2412.22583    
   70.2500000       2344.07031    
   70.5000000       2247.17676    
   70.7500000       2128.35767    
   71.0000000       1994.42578    
   71.2500000       1854.76587    
   71.5000000       1729.05225    
   71.7500000       1639.53174    
   72.0000000       1608.45093    
   72.2500000       1652.39734    
   72.5000000       1765.32227    
   72.7500000       1935.51782    
   73.0000000       2151.27588    
   73.2500000       2399.66602    
   73.5000000       2662.86694    
   73.7500000       2921.83496    
   74.0000000       3157.52588    
   74.2500000       3355.66260    
   74.5000000       3521.03394    
   74.7500000       3663.19482    
   75.0000000       3791.70093    
   75.2500000       3916.43872    
   75.5000000       4048.61865    
   75.7500000       4199.78320    
   76.0000000       4381.47559    
   76.2500000       4595.71729    
   76.5000000       4806.45020    
   76.7500000       4968.09570    
   77.0000000       5035.07617    
   77.2500000       4972.34473    
   77.5000000       4786.98340    
   77.7500000       4496.60645    
   78.0000000       4118.82617    
   78.2500000       3671.22900    
   78.5000000       3171.28979    
   78.7500000       2636.45654    

 "IV theory
   40.2500000       11622.2578    
   40.5000000       11212.8457    
   40.7500000       10842.2002    
   41.0000000       10505.1855    
   41.2500000       10196.4697    
   41.5000000       9909.94336    
   41.7500000       9639.30273    
   42.0000000       9378.24609    
   42.2500000       9120.65527    
   42.5000000       8861.15723    
   42.7500000       8594.57129    
   43.0000000       8315.70996    
   43.2500000       8020.11182    
   43.5000000       7706.20361    
   43.7500000       7373.13428    
   44.0000000       7020.05371    
   44.2500000       6646.85986    
   44.5000000       6256.45801    
   44.7500000       5852.50049    
   45.0000000       5438.63916    
   45.2500000       5018.71680    
   45.5000000       4597.32812    
   45.7500000       4179.25391    
   46.0000000       3769.27563    
   46.2500000       3372.08936    
   46.5000000       2992.04321    
   46.7500000       2633.39990    
   47.0000000       2300.42114    
   47.2500000       1997.12219    
   47.5000000       1726.53210    
   47.7500000       1491.43237    
   48.0000000       1294.60474    
   48.2500000       1138.56055    
   48.5000000       1024.72705    
   48.7500000       954.261047    
   49.0000000       928.319397    
   49.2500000       948.013916    
   49.5000000       1014.27747    
   49.7500000       1127.99805    
   50.0000000       1290.06360    
   50.2500000       1501.28040    
   50.5000000       1762.12610    
   50.7500000       2072.99756    
   51.0000000       2434.29053    
   51.2500000       2845.96997    
   51.5000000       3306.27612    
   51.7500000       3813.01685    
   52.0000000       4364.00098    
   52.2500000       4956.59863    
   52.5000000       5586.42236    
   52.7500000       6248.64648    
   53.0000000       6938.44580    
   53.2500000       7650.88477    
   53.5000000       8380.58887    
   53.7500000       9122.07324    
   54.0000000       9869.85547    
   54.2500000       10618.4941    
   54.5000000       11362.7295    
   54.7500000       12097.3428    
   55.0000000       12817.1172    
   55.2500000       13516.9482    
   55.5000000       14192.1729    
   55.7500000       14838.2383    
   56.0000000       15450.5889    
   56.2500000       16024.8086    
   56.5000000       16557.0117    
   56.7500000       17043.4453    
   57.0000000       17480.3594    
   57.2500000       17863.9883    
   57.5000000       18190.5410    
   57.7500000       18456.2012    
   58.0000000       18657.1621    
   58.2500000       18789.8164    
   58.5000000       18851.3535    
   58.7500000       18839.1641    
   59.0000000       18750.6348    
   59.2500000       18584.1113    
   59.5000000       18341.7480    
   59.7500000       18026.6426    
   60.0000000       17641.9062    
   60.2500000       17191.6035    
   60.5000000       16683.6699    
   60.7500000       16127.0010    
   61.0000000       15530.4922    
   61.2500000       14903.3154    
   61.5000000       14255.7373    
   61.7500000       13598.2988    
   62.0000000       12941.5430    
   62.2500000       12295.7402    
   62.5000000       11670.0957    
   62.7500000       11073.5439    
   63.0000000       10515.0186    
   63.2500000       10002.4170    
   63.5000000       9539.46484    
   63.7500000       9128.85254    
   64.0000000       8773.27051    
   64.2500000       8474.32520    
   64.5000000       8229.29297    
   64.7500000       8034.37109    
   65.0000000       7885.75391    
   65.2500000       7779.36963    
   65.5000000       7710.06494    
   65.7500000       7672.41992    
   66.0000000       7661.01416    
   66.2500000       7670.54248    
   66.5000000       7696.16602    
   66.7500000       7733.16260    
   67.0000000       7776.81006    
   67.2500000       7822.70410    
   67.5000000       7867.71973    
   67.7500000       7909.04980    
   68.0000000       7943.88574    
   68.2500000       7969.77002    
   68.5000000       7985.63184    
   68.7500000       7990.74854    
   69.0000000       7984.39893    
   69.2500000       7965.93018    
   69.5000000       7934.97900    
   69.7500000       7891.25000    
   70.0000000       7834.45068    
   70.2500000       7764.32031    
   70.5000000       7680.73193    
   70.7500000       7583.59033    
   71.0000000       7472.80127    
   71.2500000       7348.49268    
   71.5000000       7211.68213    
   71.7500000       7063.60938    
   72.0000000       6905.51465    
   72.2500000       6738.85938    
   72.5000000       6565.98486    
   72.7500000       6389.45801    
   73.0000000       6211.83984    
   73.2500000       6035.76025    
   73.5000000       5864.10449    
   73.7500000       5699.82422    
   74.0000000       5545.87012    
   74.2500000       5405.12549    
   74.5000000       5280.19775    
   74.7500000       5173.62793    
   75.0000000       5087.95459    
   75.2500000       5025.44775    
   75.5000000       4987.29248    
   75.7500000       4974.40381    
   76.0000000       4987.69678    
   76.2500000       5027.80322    
   76.5000000       5094.22900    
   76.7500000       5186.19482    
   77.0000000       5302.92529    
   77.2500000       5443.57324    
   77.5000000       5607.02539    
   77.7500000       5792.09912    
   78.0000000       5997.61230    
   78.2500000       6222.39990    
   78.5000000       6465.35742    
   78.7500000       6725.39746    

TitleText: Ni(001)-(5x5)-Li     Beam (3/5,2/5)            Rfac10=1.0991
 "IV exp
   40.2500000       3386.09180    
   40.5000000       2995.86353    
   40.7500000       2632.94800    
   41.0000000       2311.00098    
   41.2500000       2040.66528    
   41.5000000       1820.53113    
   41.7500000       1646.17566    
   42.0000000       1513.17578    
   42.2500000       1416.56885    
   42.5000000       1349.23267    
   42.7500000       1303.50562    
   43.0000000       1271.72583    
   43.2500000       1247.75513    
   43.5000000       1231.54956    
   43.7500000       1224.58838    
   44.0000000       1228.35083    
   44.2500000       1243.44653    
   44.5000000       1267.00525    
   44.7500000       1295.28687    
   45.0000000       1324.55078    
   45.2500000       1350.90222    
   45.5000000       1369.82495    
   45.7500000       1376.64819    
   46.0000000       1366.70093    
   46.2500000       1338.94873    
   46.5000000       1306.90320    
   46.7500000       1287.71289    
   47.0000000       1298.52588    
   47.2500000       1356.53101    
   47.5000000       1479.07983    
   47.7500000       1683.56396    
   48.0000000       1987.37573    
   48.2500000       2402.51758    
   48.5000000       2919.43555    
   48.7500000       3523.18652    
   49.0000000       4198.82617    
   49.2500000       4937.54199    
   49.5000000       5755.04199    
   49.7500000       6673.16504    
   50.0000000       7713.75098    
   50.2500000       8894.86133    
   50.5000000       10219.4629    
   50.7500000       11686.7451    
   51.0000000       13295.9004    
   51.2500000       15039.0195    
   51.5000000       16879.8125    
   51.7500000       18774.8848    
   52.0000000       20680.8516    
   52.2500000       22562.9375    
   52.5000000       24420.8320    
   52.7500000       26262.8496    
   53.0000000       28097.3008    
   53.2500000       29928.6309    
   53.5000000       31745.8555    
   53.7500000       33534.1211    
   54.0000000       35278.5781    
   54.2500000       36961.4492    
   54.5000000       38553.2461    
   54.7500000       40021.5547    
   55.0000000       41333.9531    
   55.2500000       42461.1484    
   55.5000000       43386.3281    
   55.7500000       44095.7969    
   56.0000000       44575.8750    
   56.2500000       44813.0195    
   56.5000000       44794.3477    
   56.7500000       44507.1250    
   57.0000000       43938.6250    
   57.2500000       43082.3008    
   57.5000000       41956.3711    
   57.7500000       40585.2148    
   58.0000000       38993.2266    
   58.2500000       37210.1328    
   58.5000000       35286.9922    
   58.7500000       33280.1758    
   59.0000000       31246.0762    
   59.2500000       29236.1289    
   59.5000000       27282.0273    
   59.7500000       25410.5098    
   60.0000000       23648.3281    
   60.2500000       22014.0918    
   60.5000000       20493.8750    
   60.7500000       19065.6172    
   61.0000000       17707.2520    
   61.2500000       16398.3105    
   61.5000000       15124.6855    
   61.7500000       13873.8633    
   62.0000000       12633.3262    
   62.2500000       11398.4473    
   62.5000000       10196.1504    
   62.7500000       9061.24805    
   63.0000000       8028.55078    
   63.2500000       7125.53613    
   63.5000000       6350.33398    
   63.7500000       5693.74023    
   64.0000000       5146.55078    
   64.2500000       4694.22314    
   64.5000000       4300.86084    
   64.7500000       3925.23120    
   65.0000000       3526.10083    
   65.2500000       3076.35254    
   65.5000000       2605.33472    
   65.7500000       2156.51270    
   66.0000000       1773.35083    
   66.2500000       1492.23901    
   66.5000000       1321.26465    
   66.7500000       1261.43945    
   67.0000000       1313.77588    
   67.2500000       1471.10938    
   67.5000000       1693.57129    
   67.7500000       1933.11682    
   68.0000000       2141.70068    
   68.2500000       2282.58301    
   68.5000000       2364.24219    
   68.7500000       2406.46216    
   69.0000000       2429.02588    
   69.2500000       2446.93359    
   69.5000000       2456.04883    
   69.7500000       2447.45264    
   70.0000000       2412.22583    
   70.2500000       2344.07031    
   70.5000000       2247.17676    
   70.7500000       2128.35767    
   71.0000000       1994.42578    
   71.2500000       1854.76587    
   71.5000000       1729.05225    
   71.7500000       1639.53174    
   72.0000000       1608.45093    
   72.2500000       1652.39734    
   72.5000000       1765.32227    
   72.7500000       1935.51782    
   73.0000000       2151.27588    
   73.2500000       2399.66602    
   73.5000000       2662.86694    
   73.7500000       2921.83496    
   74.0000000       3157.52588    
   74.2500000       3355.66260    
   74.5000000       3521.03394    
   74.7500000       3663.19482    
   75.0000000       3791.70093    
   75.2500000       3916.43872    
   75.5000000       4048.61865    
   75.7500000       4199.78320    
   76.0000000       4381.47559    
   76.2500000       4595.71729    
   76.5000000       4806.45020    
   76.7500000       4968.09570    
   77.0000000       5035.07617    
   77.2500000       4972.34473    
   77.5000000       4786.98340    
   77.7500000       4496.60645    
   78.0000000       4118.82617    
   78.2500000       3671.22900    
   78.5000000       3171.28979    
   78.7500000       2636.45654    

 "IV theory
   40.2500000       8269.54395    
   40.5000000       7690.19092    
   40.7500000       7141.81543    
   41.0000000       6624.26172    
   41.2500000       6137.49951    
   41.5000000       5682.00439    
   41.7500000       5258.38135    
   42.0000000       4867.23486    
   42.2500000       4509.22852    
   42.5000000       4185.27295    
   42.7500000       3896.33936    
   43.0000000       3643.39868    
   43.2500000       3427.41748    
   43.5000000       3249.34375    
   43.7500000       3110.11914    
   44.0000000       3010.68726    
   44.2500000       2951.75635    
   44.5000000       2933.10059    
   44.7500000       2954.25928    
   45.0000000       3014.77319    
   45.2500000       3113.73608    
   45.5000000       3248.46948    
   45.7500000       3415.84595    
   46.0000000       3612.74243    
   46.2500000       3835.82056    
   46.5000000       4080.89795    
   46.7500000       4343.57861    
   47.0000000       4619.46680    
   47.2500000       4904.17334    
   47.5000000       5193.33594    
   47.7500000       5482.60010    
   48.0000000       5767.60938    
   48.2500000       6044.20850    
   48.5000000       6309.05078    
   48.7500000       6558.98730    
   49.0000000       6790.87061    
   49.2500000       7001.93848    
   49.5000000       7190.96484    
   49.7500000       7357.10986    
   50.0000000       7499.53125    
   50.2500000       7617.57080    
   50.5000000       7711.29590    
   50.7500000       7780.95605    
   51.0000000       7826.80225    
   51.2500000       7849.08154    
   51.5000000       7848.03955    
   51.7500000       7823.91748    
   52.0000000       7776.95996    
   52.2500000       7707.52051    
   52.5000000       7616.39551    
   52.7500000       7504.49365    
   53.0000000       7372.72266    
   53.2500000       7222.19824    
   53.5000000       7054.87256    
   53.7500000       6872.90332    
   54.0000000       6678.44971    
   54.2500000       6473.77002    
   54.5000000       6261.52148    
   54.7500000       6044.46240    
   55.0000000       5825.35059    
   55.2500000       5606.93848    
   55.5000000       5391.96484    
   55.7500000       5183.16553    
   56.0000000       4983.27490    
   56.2500000       4794.89697    
   56.5000000       4620.11035    
   56.7500000       4460.86279    
   57.0000000       4319.10254    
   57.2500000       4196.52588    
   57.5000000       4093.83203    
   57.7500000       4011.46777    
   58.0000000       3949.87988    
   58.2500000       3909.39844    
   58.5000000       3889.87695    
   58.7500000       3891.04956    
   59.0000000       3912.65161    
   59.2500000       3954.42017    
   59.5000000       4016.10352    
   59.7500000       4097.45166    
   60.0000000       4198.21533    
   60.2500000       4318.19385    
   60.5000000       4457.37354    
   60.7500000       4615.79102    
   61.0000000       4793.48291    
   61.2500000       4990.57520    
   61.5000000       5207.55762    
   61.7500000       5445.00977    
   62.0000000       5703.51318    
   62.2500000       5983.69287    
   62.5000000       6286.35205    
   62.7500000       6612.33936    
   63.0000000       6962.50293    
   63.2500000       7337.68506    
   63.5000000       7738.70312    
   63.7500000       8166.36768    
   64.0000000       8621.48828    
   64.2500000       9104.53223    
   64.5000000       9614.58398    
   64.7500000       10150.3799    
   65.0000000       10710.6631    
   65.2500000       11293.5156    
   65.5000000       11894.4004    
   65.7500000       12508.1279    
   66.0000000       13129.5049    
   66.2500000       13753.0264    
   66.5000000       14371.9365    
   66.7500000       14979.1641    
   67.0000000       15567.6377    
   67.2500000       16130.2979    
   67.5000000       16660.1406    
   67.7500000       17150.1699    
   68.0000000       17593.3887    
   68.2500000       17983.2832    
   68.5000000       18315.2246    
   68.7500000       18585.0781    
   69.0000000       18788.6992    
   69.2500000       18922.8477    
   69.5000000       18987.9043    
   69.7500000       18985.1582    
   70.0000000       18915.9004    
   70.2500000       18781.8438    
   70.5000000       18586.4199    
   70.7500000       18333.4883    
   71.0000000       18026.9141    
   71.2500000       17670.5488    
   71.5000000       17268.2305    
   71.7500000       16823.7891    
   72.0000000       16341.0615    
   72.2500000       15824.0137    
   72.5000000       15277.1650    
   72.7500000       14705.1709    
   73.0000000       14112.6816    
   73.2500000       13504.6094    
   73.5000000       12886.8857    
   73.7500000       12265.6924    
   74.0000000       11647.2168    
   74.2500000       11037.7686    
   74.5000000       10444.1514    
   74.7500000       9873.30078    
   75.0000000       9332.14551    
   75.2500000       8827.60547    
   75.5000000       8366.55371    
   75.7500000       7955.85303    
   76.0000000       7602.36279    
   76.2500000       7312.35156    
   76.5000000       7089.70361    
   76.7500000       6937.71143    
   77.0000000       6859.66455    
   77.2500000       6857.72412    
   77.5000000       6929.52930    
   77.7500000       7071.58936    
   78.0000000       7280.41357    
   78.2500000       7551.97266    
   78.5000000       7880.08447    
   78.7500000       8258.02930    

TitleText: Ni(001)-(5x5)-Li     Beam (3/5,2/5)            Rfac10=0.3741
 "IV exp
   40.2500000       3386.09180    
   40.5000000       2995.86353    
   40.7500000       2632.94800    
   41.0000000       2311.00098    
   41.2500000       2040.66528    
   41.5000000       1820.53113    
   41.7500000       1646.17566    
   42.0000000       1513.17578    
   42.2500000       1416.56885    
   42.5000000       1349.23267    
   42.7500000       1303.50562    
   43.0000000       1271.72583    
   43.2500000       1247.75513    
   43.5000000       1231.54956    
   43.7500000       1224.58838    
   44.0000000       1228.35083    
   44.2500000       1243.44653    
   44.5000000       1267.00525    
   44.7500000       1295.28687    
   45.0000000       1324.55078    
   45.2500000       1350.90222    
   45.5000000       1369.82495    
   45.7500000       1376.64819    
   46.0000000       1366.70093    
   46.2500000       1338.94873    
   46.5000000       1306.90320    
   46.7500000       1287.71289    
   47.0000000       1298.52588    
   47.2500000       1356.53101    
   47.5000000       1479.07983    
   47.7500000       1683.56396    
   48.0000000       1987.37573    
   48.2500000       2402.51758    
   48.5000000       2919.43555    
   48.7500000       3523.18652    
   49.0000000       4198.82617    
   49.2500000       4937.54199    
   49.5000000       5755.04199    
   49.7500000       6673.16504    
   50.0000000       7713.75098    
   50.2500000       8894.86133    
   50.5000000       10219.4629    
   50.7500000       11686.7451    
   51.0000000       13295.9004    
   51.2500000       15039.0195    
   51.5000000       16879.8125    
   51.7500000       18774.8848    
   52.0000000       20680.8516    
   52.2500000       22562.9375    
   52.5000000       24420.8320    
   52.7500000       26262.8496    
   53.0000000       28097.3008    
   53.2500000       29928.6309    
   53.5000000       31745.8555    
   53.7500000       33534.1211    
   54.0000000       35278.5781    
   54.2500000       36961.4492    
   54.5000000       38553.2461    
   54.7500000       40021.5547    
   55.0000000       41333.9531    
   55.2500000       42461.1484    
   55.5000000       43386.3281    
   55.7500000       44095.7969    
   56.0000000       44575.8750    
   56.2500000       44813.0195    
   56.5000000       44794.3477    
   56.7500000       44507.1250    
   57.0000000       43938.6250    
   57.2500000       43082.3008    
   57.5000000       41956.3711    
   57.7500000       40585.2148    
   58.0000000       38993.2266    
   58.2500000       37210.1328    
   58.5000000       35286.9922    
   58.7500000       33280.1758    
   59.0000000       31246.0762    
   59.2500000       29236.1289    
   59.5000000       27282.0273    
   59.7500000       25410.5098    
   60.0000000       23648.3281    
   60.2500000       22014.0918    
   60.5000000       20493.8750    
   60.7500000       19065.6172    
   61.0000000       17707.2520    
   61.2500000       16398.3105    
   61.5000000       15124.6855    
   61.7500000       13873.8633    
   62.0000000       12633.3262    
   62.2500000       11398.4473    
   62.5000000       10196.1504    
   62.7500000       9061.24805    
   63.0000000       8028.55078    
   63.2500000       7125.53613    
   63.5000000       6350.33398    
   63.7500000       5693.74023    
   64.0000000       5146.55078    
   64.2500000       4694.22314    
   64.5000000       4300.86084    
   64.7500000       3925.23120    
   65.0000000       3526.10083    
   65.2500000       3076.35254    
   65.5000000       2605.33472    
   65.7500000       2156.51270    
   66.0000000       1773.35083    
   66.2500000       1492.23901    
   66.5000000       1321.26465    
   66.7500000       1261.43945    
   67.0000000       1313.77588    
   67.2500000       1471.10938    
   67.5000000       1693.57129    
   67.7500000       1933.11682    
   68.0000000       2141.70068    
   68.2500000       2282.58301    
   68.5000000       2364.24219    
   68.7500000       2406.46216    
   69.0000000       2429.02588    
   69.2500000       2446.93359    
   69.5000000       2456.04883    
   69.7500000       2447.45264    
   70.0000000       2412.22583    
   70.2500000       2344.07031    
   70.5000000       2247.17676    
   70.7500000       2128.35767    
   71.0000000       1994.42578    
   71.2500000       1854.76587    
   71.5000000       1729.05225    
   71.7500000       1639.53174    
   72.0000000       1608.45093    
   72.2500000       1652.39734    
   72.5000000       1765.32227    
   72.7500000       1935.51782    
   73.0000000       2151.27588    
   73.2500000       2399.66602    
   73.5000000       2662.86694    
   73.7500000       2921.83496    
   74.0000000       3157.52588    
   74.2500000       3355.66260    
   74.5000000       3521.03394    
   74.7500000       3663.19482    
   75.0000000       3791.70093    
   75.2500000       3916.43872    
   75.5000000       4048.61865    
   75.7500000       4199.78320    
   76.0000000       4381.47559    
   76.2500000       4595.71729    
   76.5000000       4806.45020    
   76.7500000       4968.09570    
   77.0000000       5035.07617    
   77.2500000       4972.34473    
   77.5000000       4786.98340    
   77.7500000       4496.60645    
   78.0000000       4118.82617    
   78.2500000       3671.22900    
   78.5000000       3171.28979    
   78.7500000       2636.45654    

 "IV theory
   40.2500000       7565.54736    
   40.5000000       6969.40381    
   40.7500000       6396.89453    
   41.0000000       5848.96826    
   41.2500000       5326.56836    
   41.5000000       4830.61670    
   41.7500000       4362.02832    
   42.0000000       3921.71948    
   42.2500000       3510.54346    
   42.5000000       3129.10034    
   42.7500000       2777.92725    
   43.0000000       2457.56201    
   43.2500000       2168.39990    
   43.5000000       1910.26880    
   43.7500000       1682.85498    
   44.0000000       1485.84497    
   44.2500000       1318.84851    
   44.5000000       1181.16968    
   44.7500000       1072.03638    
   45.0000000       990.676086    
   45.2500000       936.314087    
   45.5000000       908.163940    
   45.7500000       905.436829    
   46.0000000       927.343689    
   46.2500000       973.126709    
   46.5000000       1042.15186    
   46.7500000       1133.81653    
   47.0000000       1247.51758    
   47.2500000       1382.71887    
   47.5000000       1539.15063    
   47.7500000       1716.60901    
   48.0000000       1914.89087    
   48.2500000       2133.82764    
   48.5000000       2373.39062    
   48.7500000       2633.58667    
   49.0000000       2914.42261    
   49.2500000       3215.90918    
   49.5000000       3538.07959    
   49.7500000       3880.97046    
   50.0000000       4244.61865    
   50.2500000       4628.89453    
   50.5000000       5032.99609    
   50.7500000       5455.95557    
   51.0000000       5896.80371    
   51.2500000       6354.20605    
   51.5000000       6825.37354    
   51.7500000       7307.15039    
   52.0000000       7796.38135    
   52.2500000       8289.71582    
   52.5000000       8783.01367    
   52.7500000       9271.94434    
   53.0000000       9752.17480    
   53.2500000       10219.3574    
   53.5000000       10669.1113    
   53.7500000       11097.0371    
   54.0000000       11498.7383    
   54.2500000       11870.0322    
   54.5000000       12207.5674    
   54.7500000       12508.2109    
   55.0000000       12768.8271    
   55.2500000       12986.7295    
   55.5000000       13161.0449    
   55.7500000       13291.3506    
   56.0000000       13377.2246    
   56.2500000       13418.4912    
   56.5000000       13415.9678    
   56.7500000       13370.7129    
   57.0000000       13283.7871    
   57.2500000       13156.2578    
   57.5000000       12989.1973    
   57.7500000       12783.6836    
   58.0000000       12540.7939    
   58.2500000       12261.7549    
   58.5000000       11948.3877    
   58.7500000       11602.6621    
   59.0000000       11226.5479    
   59.2500000       10822.3428    
   59.5000000       10393.6602    
   59.7500000       9944.43848    
   60.0000000       9478.62207    
   60.2500000       9000.32422    
   60.5000000       8514.36426    
   60.7500000       8025.73193    
   61.0000000       7539.42188    
   61.2500000       7060.43945    
   61.5000000       6593.84668    
   61.7500000       6144.71680    
   62.0000000       5718.12402    
   62.2500000       5318.78516    
   62.5000000       4949.98242    
   62.7500000       4614.63867    
   63.0000000       4315.67773    
   63.2500000       4055.24805    
   63.5000000       3832.38965    
   63.7500000       3645.36719    
   64.0000000       3492.44482    
   64.2500000       3371.46729    
   64.5000000       3278.59741    
   64.7500000       3209.57837    
   65.0000000       3160.15308    
   65.2500000       3126.04736    
   65.5000000       3102.91772    
   65.7500000       3086.40283    
   66.0000000       3072.14233    
   66.2500000       3056.02905    
   66.5000000       3034.97144    
   66.7500000       3006.13135    
   67.0000000       2966.67041    
   67.2500000       2914.29517    
   67.5000000       2848.89038    
   67.7500000       2770.88379    
   68.0000000       2680.70386    
   68.2500000       2579.07568    
   68.5000000       2467.90845    
   68.7500000       2349.40771    
   69.0000000       2225.77856    
   69.2500000       2099.23486    
   69.5000000       1972.02588    
   69.7500000       1846.40881    
   70.0000000       1724.64111    
   70.2500000       1608.93884    
   70.5000000       1501.35303    
   70.7500000       1403.89294    
   71.0000000       1318.56836    
   71.2500000       1247.30432    
   71.5000000       1191.68921    
   71.7500000       1153.22717    
   72.0000000       1133.42200    
   72.2500000       1133.73035    
   72.5000000       1155.41699    
   72.7500000       1199.69946    
   73.0000000       1267.79517    
   73.2500000       1360.92554    
   73.5000000       1480.32751    
   73.7500000       1627.24219    
   74.0000000       1802.91040    
   74.2500000       2008.36975    
   74.5000000       2243.84326    
   74.7500000       2509.35132    
   75.0000000       2804.91309    
   75.2500000       3130.10449    
   75.5000000       3482.72852    
   75.7500000       3860.14355    
   76.0000000       4259.70752    
   76.2500000       4678.54053    
   76.5000000       5112.80127    
   76.7500000       5558.41162    
   77.0000000       6011.29102    
   77.2500000       6467.35010    
   77.5000000       6922.45850    
   77.7500000       7372.47559    
   78.0000000       7813.26172    
   78.2500000       8240.82910    
   78.5000000       8651.80566    
   78.7500000       9042.97070    

