TitleText: Ni(001)-(5x5)-Li     Beam (1,2/5)              Rfac10=0.2903
 "IV exp
   63.2500000       188.820374    
   63.5000000       185.525635    
   63.7500000       182.523880    
   64.0000000       179.961609    
   64.2500000       177.963821    
   64.5000000       176.569534    
   64.7500000       175.796295    
   65.0000000       175.661606    
   65.2500000       176.183044    
   65.5000000       177.378342    
   65.7500000       179.265259    
   66.0000000       181.861603    
   66.2500000       185.186127    
   66.5000000       189.261734    
   66.7500000       194.112289    
   67.0000000       199.761612    
   67.2500000       206.219772    
   67.5000000       213.441223    
   67.7500000       221.366608    
   68.0000000       229.936600    
   68.2500000       239.066162    
   68.5000000       248.568008    
   68.7500000       258.229126    
   69.0000000       267.836609    
   69.2500000       277.205444    
   69.5000000       286.262634    
   69.7500000       294.963013    
   70.0000000       303.261597    
   70.2500000       311.109802    
   70.5000000       318.444946    
   70.7500000       325.200928    
   71.0000000       331.311646    
   71.2500000       336.686401    
   71.5000000       341.136658    
   71.7500000       344.449402    
   72.0000000       346.411621    
   72.2500000       346.845642    
   72.5000000       345.715637    
   72.7500000       343.021118    
   73.0000000       338.761597    
   73.2500000       332.975586    
   73.5000000       325.857849    
   73.7500000       317.641907    
   74.0000000       308.561584    
   74.2500000       298.845764    
   74.5000000       288.703918    
   74.7500000       278.340942    
   75.0000000       267.961609    
   75.2500000       257.737976    
   75.5000000       247.711685    
   75.7500000       237.891586    
   76.0000000       228.286606    
   76.2500000       218.943756    
   76.5000000       210.062653    
   76.7500000       201.881042    
   77.0000000       194.636597    
   77.2500000       188.554214    
   77.5000000       183.807251    
   77.7500000       180.556229    
   78.0000000       178.961609    
   78.2500000       179.128525    
   78.5000000       180.940430    
   78.7500000       184.225418    
   79.0000000       188.811600    
   79.2500000       194.543533    
   79.5000000       201.331940    
   79.7500000       209.103897    
   80.0000000       217.786621    
   80.2500000       227.301682    
   80.5000000       237.548416    
   80.7500000       248.420456    
   81.0000000       259.811584    
   81.2500000       271.601379    
   81.5000000       283.612915    
   81.7500000       295.654968    
   82.0000000       307.536621    
   82.2500000       319.056152    
   82.5000000       329.969727    
   82.7500000       340.023010    
   83.0000000       348.961609    
   83.2500000       356.573792    
   83.5000000       362.818481    
   83.7500000       367.697266    
   84.0000000       371.211609    
   84.2500000       373.390869    
   84.5000000       374.375854    
   84.7500000       374.334900    
   85.0000000       373.436584    
   85.2500000       371.832947    
   85.5000000       369.610168    
   85.7500000       366.838074    
   86.0000000       363.586609    
   86.2500000       359.921204    
   86.5000000       355.890625    
   86.7500000       351.539246    
   87.0000000       346.911621    
   87.2500000       342.033875    
   87.5000000       336.859558    
   87.7500000       331.323730    
   88.0000000       325.361633    
   88.2500000       318.928833    
   88.5000000       312.062744    
   88.7500000       304.821045    
   89.0000000       297.261597    
   89.2500000       289.447449    
   89.5000000       281.462402    
   89.7500000       273.395752    
   90.0000000       265.336609    
   90.2500000       257.375427    
   90.5000000       249.607361    
   90.7500000       242.128937    
   91.0000000       235.036606    
   91.2500000       228.397964    
   91.5000000       222.165298    
   91.7500000       216.262024    
   92.0000000       210.611603    
   92.2500000       205.144943    
   92.5000000       199.822952    
   92.7500000       194.614044    
   93.0000000       189.486603    
   93.2500000       184.472336    
   93.5000000       179.856232    
   93.7500000       175.986572    
   94.0000000       173.211609    
   94.2500000       171.761490    
   94.5000000       171.393600    
   94.7500000       171.747238    

 "IV theory
   63.2500000       112.437012    
   63.5000000       106.921440    
   63.7500000       102.227043    
   64.0000000       98.4752502    
   64.2500000       95.7891769    
   64.5000000       94.2986450    
   64.7500000       94.1351089    
   65.0000000       95.4301147    
   65.2500000       98.3049545    
   65.5000000       102.840279    
   65.7500000       109.106529    
   66.0000000       117.174187    
   66.2500000       127.084457    
   66.5000000       138.761566    
   66.7500000       152.100464    
   67.0000000       166.996140    
   67.2500000       183.322601    
   67.5000000       200.870209    
   67.7500000       219.408249    
   68.0000000       238.706131    
   68.2500000       258.530090    
   68.5000000       278.633850    
   68.7500000       298.767944    
   69.0000000       318.682922    
   69.2500000       338.136230    
   69.5000000       356.912323    
   69.7500000       374.802399    
   70.0000000       391.597931    
   70.2500000       407.107880    
   70.5000000       421.212494    
   70.7500000       433.809937    
   71.0000000       444.798218    
   71.2500000       454.088623    
   71.5000000       461.645538    
   71.7500000       467.446564    
   72.0000000       471.469299    
   72.2500000       473.692047    
   72.5000000       474.095825    
   72.7500000       472.662598    
   73.0000000       469.374084    
   73.2500000       464.219666    
   73.5000000       457.219452    
   73.7500000       448.401184    
   74.0000000       437.792542    
   74.2500000       425.444855    
   74.5000000       411.503998    
   74.7500000       396.139465    
   75.0000000       379.520752    
   75.2500000       361.833893    
   75.5000000       343.330933    
   75.7500000       324.280670    
   76.0000000       304.951691    
   76.2500000       285.616028    
   76.5000000       266.558838    
   76.7500000       248.068771    
   77.0000000       230.434341    
   77.2500000       213.930954    
   77.5000000       198.781494    
   77.7500000       185.195709    
   78.0000000       173.383255    
   78.2500000       163.517151    
   78.5000000       155.622955    
   78.7500000       149.689438    
   79.0000000       145.705444    
   79.2500000       143.633179    
   79.5000000       143.328552    
   79.7500000       144.620865    
   80.0000000       147.339401    
   80.2500000       151.310089    
   80.5000000       156.344788    
   80.7500000       162.251984    
   81.0000000       168.840073    
   81.2500000       175.921616    
   81.5000000       183.325058    
   81.7500000       190.882980    
   82.0000000       198.427948    
   82.2500000       205.801712    
   82.5000000       212.882980    
   82.7500000       219.559769    
   83.0000000       225.720062    
   83.2500000       231.258881    
   83.5000000       236.099747    
   83.7500000       240.173203    
   84.0000000       243.409851    
   84.2500000       245.740311    
   84.5000000       247.095383    
   84.7500000       247.405899    
   85.0000000       246.602707    
   85.2500000       244.623703    
   85.5000000       241.435211    
   85.7500000       237.010559    
   86.0000000       231.323196    
   86.2500000       224.367783    
   86.5000000       216.224472    
   86.7500000       206.994720    
   87.0000000       196.779953    
   87.2500000       185.696838    
   87.5000000       173.922516    
   87.7500000       161.649521    
   88.0000000       149.070145    
   88.2500000       136.379196    
   88.5000000       123.781227    
   88.7500000       111.483047    
   89.0000000       99.6916122    
   89.2500000       88.6075592    
   89.5000000       78.4065704    
   89.7500000       69.2581024    
   90.0000000       61.3315926    
   90.2500000       54.7797241    
   90.5000000       49.6880989    
   90.7500000       46.1255493    
   91.0000000       44.1608887    
   91.2500000       43.8506165    
   91.5000000       45.2018547    
   91.7500000       48.2093887    
   92.0000000       52.8679962    
   92.2500000       59.1714439    
   92.5000000       67.1093750    
   92.7500000       76.6703796    
   93.0000000       87.8430939    
   93.2500000       100.612541    
   93.5000000       114.949524    
   93.7500000       130.821228    
   94.0000000       148.194839    
   94.2500000       167.026093    
   94.5000000       187.224686    
   94.7500000       208.688843    

TitleText: Ni(001)-(5x5)-Li     Beam (1,2/5)              Rfac10=0.2577
 "IV exp
   63.2500000       188.820374    
   63.5000000       185.525635    
   63.7500000       182.523880    
   64.0000000       179.961609    
   64.2500000       177.963821    
   64.5000000       176.569534    
   64.7500000       175.796295    
   65.0000000       175.661606    
   65.2500000       176.183044    
   65.5000000       177.378342    
   65.7500000       179.265259    
   66.0000000       181.861603    
   66.2500000       185.186127    
   66.5000000       189.261734    
   66.7500000       194.112289    
   67.0000000       199.761612    
   67.2500000       206.219772    
   67.5000000       213.441223    
   67.7500000       221.366608    
   68.0000000       229.936600    
   68.2500000       239.066162    
   68.5000000       248.568008    
   68.7500000       258.229126    
   69.0000000       267.836609    
   69.2500000       277.205444    
   69.5000000       286.262634    
   69.7500000       294.963013    
   70.0000000       303.261597    
   70.2500000       311.109802    
   70.5000000       318.444946    
   70.7500000       325.200928    
   71.0000000       331.311646    
   71.2500000       336.686401    
   71.5000000       341.136658    
   71.7500000       344.449402    
   72.0000000       346.411621    
   72.2500000       346.845642    
   72.5000000       345.715637    
   72.7500000       343.021118    
   73.0000000       338.761597    
   73.2500000       332.975586    
   73.5000000       325.857849    
   73.7500000       317.641907    
   74.0000000       308.561584    
   74.2500000       298.845764    
   74.5000000       288.703918    
   74.7500000       278.340942    
   75.0000000       267.961609    
   75.2500000       257.737976    
   75.5000000       247.711685    
   75.7500000       237.891586    
   76.0000000       228.286606    
   76.2500000       218.943756    
   76.5000000       210.062653    
   76.7500000       201.881042    
   77.0000000       194.636597    
   77.2500000       188.554214    
   77.5000000       183.807251    
   77.7500000       180.556229    
   78.0000000       178.961609    
   78.2500000       179.128525    
   78.5000000       180.940430    
   78.7500000       184.225418    
   79.0000000       188.811600    
   79.2500000       194.543533    
   79.5000000       201.331940    
   79.7500000       209.103897    
   80.0000000       217.786621    
   80.2500000       227.301682    
   80.5000000       237.548416    
   80.7500000       248.420456    
   81.0000000       259.811584    
   81.2500000       271.601379    
   81.5000000       283.612915    
   81.7500000       295.654968    
   82.0000000       307.536621    
   82.2500000       319.056152    
   82.5000000       329.969727    
   82.7500000       340.023010    
   83.0000000       348.961609    
   83.2500000       356.573792    
   83.5000000       362.818481    
   83.7500000       367.697266    
   84.0000000       371.211609    
   84.2500000       373.390869    
   84.5000000       374.375854    
   84.7500000       374.334900    
   85.0000000       373.436584    
   85.2500000       371.832947    
   85.5000000       369.610168    
   85.7500000       366.838074    
   86.0000000       363.586609    
   86.2500000       359.921204    
   86.5000000       355.890625    
   86.7500000       351.539246    
   87.0000000       346.911621    
   87.2500000       342.033875    
   87.5000000       336.859558    
   87.7500000       331.323730    
   88.0000000       325.361633    
   88.2500000       318.928833    
   88.5000000       312.062744    
   88.7500000       304.821045    
   89.0000000       297.261597    
   89.2500000       289.447449    
   89.5000000       281.462402    
   89.7500000       273.395752    
   90.0000000       265.336609    
   90.2500000       257.375427    
   90.5000000       249.607361    
   90.7500000       242.128937    
   91.0000000       235.036606    
   91.2500000       228.397964    
   91.5000000       222.165298    
   91.7500000       216.262024    
   92.0000000       210.611603    
   92.2500000       205.144943    
   92.5000000       199.822952    
   92.7500000       194.614044    
   93.0000000       189.486603    
   93.2500000       184.472336    
   93.5000000       179.856232    
   93.7500000       175.986572    
   94.0000000       173.211609    
   94.2500000       171.761490    
   94.5000000       171.393600    
   94.7500000       171.747238    

 "IV theory
   63.2500000       119.924881    
   63.5000000       115.552246    
   63.7500000       110.885712    
   64.0000000       106.118050    
   64.2500000       101.450180    
   64.5000000       97.1154556    
   64.7500000       93.3554230    
   65.0000000       90.4115829    
   65.2500000       88.5200882    
   65.5000000       87.8958359    
   65.7500000       88.7483368    
   66.0000000       91.2871475    
   66.2500000       95.6903610    
   66.5000000       102.010498    
   66.7500000       110.268585    
   67.0000000       120.485680    
   67.2500000       132.642197    
   67.5000000       146.555923    
   67.7500000       162.004013    
   68.0000000       178.763611    
   68.2500000       196.598297    
   68.5000000       215.217316    
   68.7500000       234.316315    
   69.0000000       253.590973    
   69.2500000       272.741608    
   69.5000000       291.486938    
   69.7500000       309.550415    
   70.0000000       326.655457    
   70.2500000       342.546387    
   70.5000000       357.052307    
   70.7500000       370.023102    
   71.0000000       381.308807    
   71.2500000       390.787415    
   71.5000000       398.448792    
   71.7500000       404.310944    
   72.0000000       408.391693    
   72.2500000       410.717499    
   72.5000000       411.348663    
   72.7500000       410.354004    
   73.0000000       407.802490    
   73.2500000       403.762970    
   73.5000000       398.305176    
   73.7500000       391.499023    
   74.0000000       383.414337    
   74.2500000       374.129974    
   74.5000000       363.761688    
   74.7500000       352.434021    
   75.0000000       340.271698    
   75.2500000       327.410492    
   75.5000000       314.030334    
   75.7500000       300.322205    
   76.0000000       286.477081    
   76.2500000       272.690460    
   76.5000000       259.175507    
   76.7500000       246.149948    
   77.0000000       233.831467    
   77.2500000       222.433594    
   77.5000000       212.153427    
   77.7500000       203.183838    
   78.0000000       195.717758    
   78.2500000       189.922226    
   78.5000000       185.860245    
   78.7500000       183.568954    
   79.0000000       183.085449    
   79.2500000       184.413345    
   79.5000000       187.422012    
   79.7500000       191.947342    
   80.0000000       197.825241    
   80.2500000       204.880432    
   80.5000000       212.893448    
   80.7500000       221.633698    
   81.0000000       230.870651    
   81.2500000       240.376938    
   81.5000000       249.938187    
   81.7500000       259.343262    
   82.0000000       268.380890    
   82.2500000       276.853363    
   82.5000000       284.615936    
   82.7500000       291.537262    
   83.0000000       297.486023    
   83.2500000       302.348694    
   83.5000000       306.083130    
   83.7500000       308.665009    
   84.0000000       310.069977    
   84.2500000       310.278870    
   84.5000000       309.293457    
   84.7500000       307.120422    
   85.0000000       303.766724    
   85.2500000       299.240143    
   85.5000000       293.552124    
   85.7500000       286.715118    
   86.0000000       278.741516    
   86.2500000       269.655334    
   86.5000000       259.526520    
   86.7500000       248.436874    
   87.0000000       236.467972    
   87.2500000       223.715927    
   87.5000000       210.334885    
   87.7500000       196.493393    
   88.0000000       182.360046    
   88.2500000       168.108398    
   88.5000000       153.931885    
   88.7500000       140.028885    
   89.0000000       126.597771    
   89.2500000       113.834953    
   89.5000000       101.928810    
   89.7500000       91.0657730    
   90.0000000       81.4322586    
   90.2500000       73.2048721    
   90.5000000       66.5209351    
   90.7500000       61.5079803    
   91.0000000       58.2935295    
   91.2500000       56.9919968    
   91.5000000       57.6653214    
   91.7500000       60.3623505    
   92.0000000       65.1319046    
   92.2500000       72.0193329    
   92.5000000       81.0560379    
   92.7500000       92.2699127    
   93.0000000       105.688889    
   93.2500000       121.338737    
   93.5000000       139.236877    
   93.7500000       159.398621    
   94.0000000       181.839233    
   94.2500000       206.555496    
   94.5000000       233.470139    
   94.7500000       262.487366    

TitleText: Ni(001)-(5x5)-Li     Beam (1,2/5)              Rfac10=0.5828
 "IV exp
   63.2500000       188.820374    
   63.5000000       185.525635    
   63.7500000       182.523880    
   64.0000000       179.961609    
   64.2500000       177.963821    
   64.5000000       176.569534    
   64.7500000       175.796295    
   65.0000000       175.661606    
   65.2500000       176.183044    
   65.5000000       177.378342    
   65.7500000       179.265259    
   66.0000000       181.861603    
   66.2500000       185.186127    
   66.5000000       189.261734    
   66.7500000       194.112289    
   67.0000000       199.761612    
   67.2500000       206.219772    
   67.5000000       213.441223    
   67.7500000       221.366608    
   68.0000000       229.936600    
   68.2500000       239.066162    
   68.5000000       248.568008    
   68.7500000       258.229126    
   69.0000000       267.836609    
   69.2500000       277.205444    
   69.5000000       286.262634    
   69.7500000       294.963013    
   70.0000000       303.261597    
   70.2500000       311.109802    
   70.5000000       318.444946    
   70.7500000       325.200928    
   71.0000000       331.311646    
   71.2500000       336.686401    
   71.5000000       341.136658    
   71.7500000       344.449402    
   72.0000000       346.411621    
   72.2500000       346.845642    
   72.5000000       345.715637    
   72.7500000       343.021118    
   73.0000000       338.761597    
   73.2500000       332.975586    
   73.5000000       325.857849    
   73.7500000       317.641907    
   74.0000000       308.561584    
   74.2500000       298.845764    
   74.5000000       288.703918    
   74.7500000       278.340942    
   75.0000000       267.961609    
   75.2500000       257.737976    
   75.5000000       247.711685    
   75.7500000       237.891586    
   76.0000000       228.286606    
   76.2500000       218.943756    
   76.5000000       210.062653    
   76.7500000       201.881042    
   77.0000000       194.636597    
   77.2500000       188.554214    
   77.5000000       183.807251    
   77.7500000       180.556229    
   78.0000000       178.961609    
   78.2500000       179.128525    
   78.5000000       180.940430    
   78.7500000       184.225418    
   79.0000000       188.811600    
   79.2500000       194.543533    
   79.5000000       201.331940    
   79.7500000       209.103897    
   80.0000000       217.786621    
   80.2500000       227.301682    
   80.5000000       237.548416    
   80.7500000       248.420456    
   81.0000000       259.811584    
   81.2500000       271.601379    
   81.5000000       283.612915    
   81.7500000       295.654968    
   82.0000000       307.536621    
   82.2500000       319.056152    
   82.5000000       329.969727    
   82.7500000       340.023010    
   83.0000000       348.961609    
   83.2500000       356.573792    
   83.5000000       362.818481    
   83.7500000       367.697266    
   84.0000000       371.211609    
   84.2500000       373.390869    
   84.5000000       374.375854    
   84.7500000       374.334900    
   85.0000000       373.436584    
   85.2500000       371.832947    
   85.5000000       369.610168    
   85.7500000       366.838074    
   86.0000000       363.586609    
   86.2500000       359.921204    
   86.5000000       355.890625    
   86.7500000       351.539246    
   87.0000000       346.911621    
   87.2500000       342.033875    
   87.5000000       336.859558    
   87.7500000       331.323730    
   88.0000000       325.361633    
   88.2500000       318.928833    
   88.5000000       312.062744    
   88.7500000       304.821045    
   89.0000000       297.261597    
   89.2500000       289.447449    
   89.5000000       281.462402    
   89.7500000       273.395752    
   90.0000000       265.336609    
   90.2500000       257.375427    
   90.5000000       249.607361    
   90.7500000       242.128937    
   91.0000000       235.036606    
   91.2500000       228.397964    
   91.5000000       222.165298    
   91.7500000       216.262024    
   92.0000000       210.611603    
   92.2500000       205.144943    
   92.5000000       199.822952    
   92.7500000       194.614044    
   93.0000000       189.486603    
   93.2500000       184.472336    
   93.5000000       179.856232    
   93.7500000       175.986572    
   94.0000000       173.211609    
   94.2500000       171.761490    
   94.5000000       171.393600    
   94.7500000       171.747238    

 "IV theory
   63.2500000       197.191071    
   63.5000000       188.618240    
   63.7500000       180.778290    
   64.0000000       173.738632    
   64.2500000       167.566757    
   64.5000000       162.330887    
   64.7500000       158.099289    
   65.0000000       154.940247    
   65.2500000       152.913986    
   65.5000000       152.048065    
   65.7500000       152.361908    
   66.0000000       153.874969    
   66.2500000       156.589676    
   66.5000000       160.440445    
   66.7500000       165.344742    
   67.0000000       171.219940    
   67.2500000       177.974594    
   67.5000000       185.481857    
   67.7500000       193.605972    
   68.0000000       202.211243    
   68.2500000       211.161667    
   68.5000000       220.320511    
   68.7500000       229.550766    
   69.0000000       238.715469    
   69.2500000       247.684082    
   69.5000000       256.351959    
   69.7500000       264.620911    
   70.0000000       272.392670    
   70.2500000       279.582581    
   70.5000000       286.159424    
   70.7500000       292.105682    
   71.0000000       297.403687    
   71.2500000       302.042786    
   71.5000000       306.040619    
   71.7500000       309.421631    
   72.0000000       312.210388    
   72.2500000       314.431519    
   72.5000000       316.109955    
   72.7500000       317.270569    
   73.0000000       317.938263    
   73.2500000       318.140564    
   73.5000000       317.914795    
   73.7500000       317.301086    
   74.0000000       316.339355    
   74.2500000       315.074890    
   74.5000000       313.574310    
   74.7500000       311.909424    
   75.0000000       310.152161    
   75.2500000       308.377136    
   75.5000000       306.669922    
   75.7500000       305.118774    
   76.0000000       303.811981    
   76.2500000       302.837982    
   76.5000000       302.285919    
   76.7500000       302.245087    
   77.0000000       302.804688    
   77.2500000       304.044556    
   77.5000000       306.006104    
   77.7500000       308.721313    
   78.0000000       312.222015    
   78.2500000       316.520294    
   78.5000000       321.548187    
   78.7500000       327.217896    
   79.0000000       333.441467    
   79.2500000       340.120728    
   79.5000000       347.115784    
   79.7500000       354.276489    
   80.0000000       361.452515    
   80.2500000       368.493378    
   80.5000000       375.247559    
   80.7500000       381.563293    
   81.0000000       387.288757    
   81.2500000       392.280853    
   81.5000000       396.431000    
   81.7500000       399.639343    
   82.0000000       401.806030    
   82.2500000       402.849121    
   82.5000000       402.758728    
   82.7500000       401.542908    
   83.0000000       399.209717    
   83.2500000       395.776581    
   83.5000000       391.298676    
   83.7500000       385.840424    
   84.0000000       379.466400    
   84.2500000       372.241119    
   84.5000000       364.229889    
   84.7500000       355.497803    
   85.0000000       346.110168    
   85.2500000       336.132416    
   85.5000000       325.630463    
   85.7500000       314.670410    
   86.0000000       303.318329    
   86.2500000       291.640686    
   86.5000000       279.705444    
   86.7500000       267.580933    
   87.0000000       255.335480    
   87.2500000       243.037598    
   87.5000000       230.756485    
   87.7500000       218.561462    
   88.0000000       206.521912    
   88.2500000       194.707214    
   88.5000000       183.187103    
   88.7500000       172.031265    
   89.0000000       161.309479    
   89.2500000       151.086853    
   89.5000000       141.410049    
   89.7500000       132.321060    
   90.0000000       123.861916    
   90.2500000       116.064972    
   90.5000000       108.923958    
   90.7500000       102.422928    
   91.0000000       96.5459442    
   91.2500000       91.2720566    
   91.5000000       86.5601578    
   91.7500000       82.3641052    
   92.0000000       78.6377869    
   92.2500000       75.3349533    
   92.5000000       72.4088898    
   92.7500000       69.8127594    
   93.0000000       67.4997482    
   93.2500000       65.4265976    
   93.5000000       63.5643845    
   93.7500000       61.8877525    
   94.0000000       60.3713493    
   94.2500000       58.9972839    
   94.5000000       57.7774124    
   94.7500000       56.7310486    

TitleText: Ni(001)-(5x5)-Li     Beam (1,2/5)              Rfac10=0.6519
 "IV exp
   63.2500000       188.820374    
   63.5000000       185.525635    
   63.7500000       182.523880    
   64.0000000       179.961609    
   64.2500000       177.963821    
   64.5000000       176.569534    
   64.7500000       175.796295    
   65.0000000       175.661606    
   65.2500000       176.183044    
   65.5000000       177.378342    
   65.7500000       179.265259    
   66.0000000       181.861603    
   66.2500000       185.186127    
   66.5000000       189.261734    
   66.7500000       194.112289    
   67.0000000       199.761612    
   67.2500000       206.219772    
   67.5000000       213.441223    
   67.7500000       221.366608    
   68.0000000       229.936600    
   68.2500000       239.066162    
   68.5000000       248.568008    
   68.7500000       258.229126    
   69.0000000       267.836609    
   69.2500000       277.205444    
   69.5000000       286.262634    
   69.7500000       294.963013    
   70.0000000       303.261597    
   70.2500000       311.109802    
   70.5000000       318.444946    
   70.7500000       325.200928    
   71.0000000       331.311646    
   71.2500000       336.686401    
   71.5000000       341.136658    
   71.7500000       344.449402    
   72.0000000       346.411621    
   72.2500000       346.845642    
   72.5000000       345.715637    
   72.7500000       343.021118    
   73.0000000       338.761597    
   73.2500000       332.975586    
   73.5000000       325.857849    
   73.7500000       317.641907    
   74.0000000       308.561584    
   74.2500000       298.845764    
   74.5000000       288.703918    
   74.7500000       278.340942    
   75.0000000       267.961609    
   75.2500000       257.737976    
   75.5000000       247.711685    
   75.7500000       237.891586    
   76.0000000       228.286606    
   76.2500000       218.943756    
   76.5000000       210.062653    
   76.7500000       201.881042    
   77.0000000       194.636597    
   77.2500000       188.554214    
   77.5000000       183.807251    
   77.7500000       180.556229    
   78.0000000       178.961609    
   78.2500000       179.128525    
   78.5000000       180.940430    
   78.7500000       184.225418    
   79.0000000       188.811600    
   79.2500000       194.543533    
   79.5000000       201.331940    
   79.7500000       209.103897    
   80.0000000       217.786621    
   80.2500000       227.301682    
   80.5000000       237.548416    
   80.7500000       248.420456    
   81.0000000       259.811584    
   81.2500000       271.601379    
   81.5000000       283.612915    
   81.7500000       295.654968    
   82.0000000       307.536621    
   82.2500000       319.056152    
   82.5000000       329.969727    
   82.7500000       340.023010    
   83.0000000       348.961609    
   83.2500000       356.573792    
   83.5000000       362.818481    
   83.7500000       367.697266    
   84.0000000       371.211609    
   84.2500000       373.390869    
   84.5000000       374.375854    
   84.7500000       374.334900    
   85.0000000       373.436584    
   85.2500000       371.832947    
   85.5000000       369.610168    
   85.7500000       366.838074    
   86.0000000       363.586609    
   86.2500000       359.921204    
   86.5000000       355.890625    
   86.7500000       351.539246    
   87.0000000       346.911621    
   87.2500000       342.033875    
   87.5000000       336.859558    
   87.7500000       331.323730    
   88.0000000       325.361633    
   88.2500000       318.928833    
   88.5000000       312.062744    
   88.7500000       304.821045    
   89.0000000       297.261597    
   89.2500000       289.447449    
   89.5000000       281.462402    
   89.7500000       273.395752    
   90.0000000       265.336609    
   90.2500000       257.375427    
   90.5000000       249.607361    
   90.7500000       242.128937    
   91.0000000       235.036606    
   91.2500000       228.397964    
   91.5000000       222.165298    
   91.7500000       216.262024    
   92.0000000       210.611603    
   92.2500000       205.144943    
   92.5000000       199.822952    
   92.7500000       194.614044    
   93.0000000       189.486603    
   93.2500000       184.472336    
   93.5000000       179.856232    
   93.7500000       175.986572    
   94.0000000       173.211609    
   94.2500000       171.761490    
   94.5000000       171.393600    
   94.7500000       171.747238    

 "IV theory
   63.2500000       120.735237    
   63.5000000       119.774857    
   63.7500000       118.605270    
   64.0000000       117.116211    
   64.2500000       115.223862    
   64.5000000       112.950485    
   64.7500000       110.344826    
   65.0000000       107.455658    
   65.2500000       104.344276    
   65.5000000       101.122009    
   65.7500000       97.9127960    
   66.0000000       94.8405151    
   66.2500000       92.0286407    
   66.5000000       89.5989380    
   66.7500000       87.6727600    
   67.0000000       86.3714371    
   67.2500000       85.8057785    
   67.5000000       86.0444107    
   67.7500000       87.1454315    
   68.0000000       89.1669464    
   68.2500000       92.1470642    
   68.5000000       96.0440369    
   68.7500000       100.796150    
   69.0000000       106.341637    
   69.2500000       112.609398    
   69.5000000       119.490524    
   69.7500000       126.866753    
   70.0000000       134.619781    
   70.2500000       142.631622    
   70.5000000       150.785446    
   70.7500000       158.964661    
   71.0000000       167.052795    
   71.2500000       174.939560    
   71.5000000       182.539963    
   71.7500000       189.775345    
   72.0000000       196.567017    
   72.2500000       202.848251    
   72.5000000       208.600372    
   72.7500000       213.816605    
   73.0000000       218.490189    
   73.2500000       222.620026    
   73.5000000       226.227402    
   73.7500000       229.339249    
   74.0000000       231.982483    
   74.2500000       234.183990    
   74.5000000       235.970657    
   74.7500000       237.369293    
   75.0000000       238.406769    
   75.2500000       239.114883    
   75.5000000       239.545151    
   75.7500000       239.754105    
   76.0000000       239.798203    
   76.2500000       239.743164    
   76.5000000       239.691483    
   76.7500000       239.754822    
   77.0000000       240.044891    
   77.2500000       240.677856    
   77.5000000       241.787766    
   77.7500000       243.513123    
   78.0000000       245.992447    
   78.2500000       249.363724    
   78.5000000       253.762863    
   78.7500000       259.325226    
   79.0000000       266.186096    
   79.2500000       274.457031    
   79.5000000       284.153870    
   79.7500000       295.268555    
   80.0000000       307.793121    
   80.2500000       321.674530    
   80.5000000       336.679901    
   80.7500000       352.531372    
   81.0000000       368.951050    
   81.2500000       385.639709    
   81.5000000       402.212463    
   81.7500000       418.263245    
   82.0000000       433.385773    
   82.2500000       447.175049    
   82.5000000       459.230347    
   82.7500000       469.151947    
   83.0000000       476.540375    
   83.2500000       481.033356    
   83.5000000       482.418762    
   83.7500000       480.521637    
   84.0000000       475.167175    
   84.2500000       466.251434    
   84.5000000       453.953247    
   84.7500000       438.522400    
   85.0000000       420.208679    
   85.2500000       399.295197    
   85.5000000       376.198517    
   85.7500000       351.368622    
   86.0000000       325.255524    
   86.2500000       298.308289    
   86.5000000       270.972595    
   86.7500000       243.693237    
   87.0000000       216.915009    
   87.2500000       191.069382    
   87.5000000       166.534775    
   87.7500000       143.676208    
   88.0000000       122.858803    
   88.2500000       104.422165    
   88.5000000       88.6041031    
   88.7500000       75.6170120    
   89.0000000       65.6732407    
   89.2500000       58.9734573    
   89.5000000       55.6713753    
   89.7500000       55.9090233    
   90.0000000       59.8284111    
   90.2500000       67.5710220    
   90.5000000       79.2761841    
   90.7500000       95.0827026    
   91.0000000       115.129410    
   91.2500000       139.514893    
   91.5000000       168.177063    
   91.7500000       201.013626    
   92.0000000       237.922195    
   92.2500000       278.725067    
   92.5000000       322.942719    
   92.7500000       370.020111    
   93.0000000       419.402283    
   93.2500000       470.498444    
   93.5000000       522.574280    
   93.7500000       574.859863    
   94.0000000       626.585022    
   94.2500000       676.981445    
   94.5000000       725.287354    
   94.7500000       770.743103    

TitleText: Ni(001)-(5x5)-Li     Beam (1,2/5)              Rfac10=0.6261
 "IV exp
   63.2500000       188.820374    
   63.5000000       185.525635    
   63.7500000       182.523880    
   64.0000000       179.961609    
   64.2500000       177.963821    
   64.5000000       176.569534    
   64.7500000       175.796295    
   65.0000000       175.661606    
   65.2500000       176.183044    
   65.5000000       177.378342    
   65.7500000       179.265259    
   66.0000000       181.861603    
   66.2500000       185.186127    
   66.5000000       189.261734    
   66.7500000       194.112289    
   67.0000000       199.761612    
   67.2500000       206.219772    
   67.5000000       213.441223    
   67.7500000       221.366608    
   68.0000000       229.936600    
   68.2500000       239.066162    
   68.5000000       248.568008    
   68.7500000       258.229126    
   69.0000000       267.836609    
   69.2500000       277.205444    
   69.5000000       286.262634    
   69.7500000       294.963013    
   70.0000000       303.261597    
   70.2500000       311.109802    
   70.5000000       318.444946    
   70.7500000       325.200928    
   71.0000000       331.311646    
   71.2500000       336.686401    
   71.5000000       341.136658    
   71.7500000       344.449402    
   72.0000000       346.411621    
   72.2500000       346.845642    
   72.5000000       345.715637    
   72.7500000       343.021118    
   73.0000000       338.761597    
   73.2500000       332.975586    
   73.5000000       325.857849    
   73.7500000       317.641907    
   74.0000000       308.561584    
   74.2500000       298.845764    
   74.5000000       288.703918    
   74.7500000       278.340942    
   75.0000000       267.961609    
   75.2500000       257.737976    
   75.5000000       247.711685    
   75.7500000       237.891586    
   76.0000000       228.286606    
   76.2500000       218.943756    
   76.5000000       210.062653    
   76.7500000       201.881042    
   77.0000000       194.636597    
   77.2500000       188.554214    
   77.5000000       183.807251    
   77.7500000       180.556229    
   78.0000000       178.961609    
   78.2500000       179.128525    
   78.5000000       180.940430    
   78.7500000       184.225418    
   79.0000000       188.811600    
   79.2500000       194.543533    
   79.5000000       201.331940    
   79.7500000       209.103897    
   80.0000000       217.786621    
   80.2500000       227.301682    
   80.5000000       237.548416    
   80.7500000       248.420456    
   81.0000000       259.811584    
   81.2500000       271.601379    
   81.5000000       283.612915    
   81.7500000       295.654968    
   82.0000000       307.536621    
   82.2500000       319.056152    
   82.5000000       329.969727    
   82.7500000       340.023010    
   83.0000000       348.961609    
   83.2500000       356.573792    
   83.5000000       362.818481    
   83.7500000       367.697266    
   84.0000000       371.211609    
   84.2500000       373.390869    
   84.5000000       374.375854    
   84.7500000       374.334900    
   85.0000000       373.436584    
   85.2500000       371.832947    
   85.5000000       369.610168    
   85.7500000       366.838074    
   86.0000000       363.586609    
   86.2500000       359.921204    
   86.5000000       355.890625    
   86.7500000       351.539246    
   87.0000000       346.911621    
   87.2500000       342.033875    
   87.5000000       336.859558    
   87.7500000       331.323730    
   88.0000000       325.361633    
   88.2500000       318.928833    
   88.5000000       312.062744    
   88.7500000       304.821045    
   89.0000000       297.261597    
   89.2500000       289.447449    
   89.5000000       281.462402    
   89.7500000       273.395752    
   90.0000000       265.336609    
   90.2500000       257.375427    
   90.5000000       249.607361    
   90.7500000       242.128937    
   91.0000000       235.036606    
   91.2500000       228.397964    
   91.5000000       222.165298    
   91.7500000       216.262024    
   92.0000000       210.611603    
   92.2500000       205.144943    
   92.5000000       199.822952    
   92.7500000       194.614044    
   93.0000000       189.486603    
   93.2500000       184.472336    
   93.5000000       179.856232    
   93.7500000       175.986572    
   94.0000000       173.211609    
   94.2500000       171.761490    
   94.5000000       171.393600    
   94.7500000       171.747238    

 "IV theory
   63.2500000       448.987701    
   63.5000000       408.653107    
   63.7500000       371.843750    
   64.0000000       338.536438    
   64.2500000       308.705048    
   64.5000000       282.311829    
   64.7500000       259.316315    
   65.0000000       239.677917    
   65.2500000       223.350037    
   65.5000000       210.261932    
   65.7500000       200.336807    
   66.0000000       193.497894    
   66.2500000       189.646927    
   66.5000000       188.599777    
   66.7500000       190.150879    
   67.0000000       194.094604    
   67.2500000       200.209839    
   67.5000000       208.213425    
   67.7500000       217.806595    
   68.0000000       228.690628    
   68.2500000       240.563400    
   68.5000000       253.109055    
   68.7500000       266.008484    
   69.0000000       278.942383    
   69.2500000       291.603333    
   69.5000000       303.731018    
   69.7500000       315.076874    
   70.0000000       325.392395    
   70.2500000       334.463501    
   70.5000000       342.213959    
   70.7500000       348.601837    
   71.0000000       353.585480    
   71.2500000       357.149048    
   71.5000000       359.380432    
   71.7500000       360.393707    
   72.0000000       360.302734    
   72.2500000       359.225342    
   72.5000000       357.294647    
   72.7500000       354.647614    
   73.0000000       351.421234    
   73.2500000       347.748169    
   73.5000000       343.744019    
   73.7500000       339.519928    
   74.0000000       335.187256    
   74.2500000       330.846741    
   74.5000000       326.557251    
   74.7500000       322.367432    
   75.0000000       318.325562    
   75.2500000       314.472137    
   75.5000000       310.815033    
   75.7500000       307.354126    
   76.0000000       304.089142    
   76.2500000       301.018921    
   76.5000000       298.138153    
   76.7500000       295.440521    
   77.0000000       292.919800    
   77.2500000       290.569702    
   77.5000000       288.383728    
   77.7500000       286.355499    
   78.0000000       284.478577    
   78.2500000       282.745697    
   78.5000000       281.145966    
   78.7500000       279.667725    
   79.0000000       278.299255    
   79.2500000       277.028290    
   79.5000000       275.840271    
   79.7500000       274.720093    
   80.0000000       273.652710    
   80.2500000       272.622772    
   80.5000000       271.614288    
   80.7500000       270.611023    
   81.0000000       269.596802    
   81.2500000       268.556274    
   81.5000000       267.477722    
   81.7500000       266.350281    
   82.0000000       265.163086    
   82.2500000       263.908051    
   82.5000000       262.587708    
   82.7500000       261.207245    
   83.0000000       259.771973    
   83.2500000       258.289093    
   83.5000000       256.773895    
   83.7500000       255.243546    
   84.0000000       253.715332    
   84.2500000       252.206787    
   84.5000000       250.736938    
   84.7500000       249.325180    
   85.0000000       247.990829    
   85.2500000       246.752426    
   85.5000000       245.625168    
   85.7500000       244.623322    
   86.0000000       243.761230    
   86.2500000       243.050827    
   86.5000000       242.494522    
   86.7500000       242.092224    
   87.0000000       241.843994    
   87.2500000       241.748016    
   87.5000000       241.795517    
   87.7500000       241.975967    
   88.0000000       242.278778    
   88.2500000       242.692993    
   88.5000000       243.205994    
   88.7500000       243.804626    
   89.0000000       244.475800    
   89.2500000       245.208145    
   89.5000000       245.996948    
   89.7500000       246.839111    
   90.0000000       247.731659    
   90.2500000       248.676437    
   90.5000000       249.695282    
   90.7500000       250.814926    
   91.0000000       252.062088    
   91.2500000       253.467178    
   91.5000000       255.075394    
   91.7500000       256.935516    
   92.0000000       259.096375    
   92.2500000       261.607544    
   92.5000000       264.521423    
   92.7500000       267.891205    
   93.0000000       271.770081    
   93.2500000       276.209076    
   93.5000000       281.250885    
   93.7500000       286.935974    
   94.0000000       293.304871    
   94.2500000       300.392059    
   94.5000000       308.208191    
   94.7500000       316.757690    

TitleText: Ni(001)-(5x5)-Li     Beam (1,2/5)              Rfac10=0.5185
 "IV exp
   63.2500000       188.820374    
   63.5000000       185.525635    
   63.7500000       182.523880    
   64.0000000       179.961609    
   64.2500000       177.963821    
   64.5000000       176.569534    
   64.7500000       175.796295    
   65.0000000       175.661606    
   65.2500000       176.183044    
   65.5000000       177.378342    
   65.7500000       179.265259    
   66.0000000       181.861603    
   66.2500000       185.186127    
   66.5000000       189.261734    
   66.7500000       194.112289    
   67.0000000       199.761612    
   67.2500000       206.219772    
   67.5000000       213.441223    
   67.7500000       221.366608    
   68.0000000       229.936600    
   68.2500000       239.066162    
   68.5000000       248.568008    
   68.7500000       258.229126    
   69.0000000       267.836609    
   69.2500000       277.205444    
   69.5000000       286.262634    
   69.7500000       294.963013    
   70.0000000       303.261597    
   70.2500000       311.109802    
   70.5000000       318.444946    
   70.7500000       325.200928    
   71.0000000       331.311646    
   71.2500000       336.686401    
   71.5000000       341.136658    
   71.7500000       344.449402    
   72.0000000       346.411621    
   72.2500000       346.845642    
   72.5000000       345.715637    
   72.7500000       343.021118    
   73.0000000       338.761597    
   73.2500000       332.975586    
   73.5000000       325.857849    
   73.7500000       317.641907    
   74.0000000       308.561584    
   74.2500000       298.845764    
   74.5000000       288.703918    
   74.7500000       278.340942    
   75.0000000       267.961609    
   75.2500000       257.737976    
   75.5000000       247.711685    
   75.7500000       237.891586    
   76.0000000       228.286606    
   76.2500000       218.943756    
   76.5000000       210.062653    
   76.7500000       201.881042    
   77.0000000       194.636597    
   77.2500000       188.554214    
   77.5000000       183.807251    
   77.7500000       180.556229    
   78.0000000       178.961609    
   78.2500000       179.128525    
   78.5000000       180.940430    
   78.7500000       184.225418    
   79.0000000       188.811600    
   79.2500000       194.543533    
   79.5000000       201.331940    
   79.7500000       209.103897    
   80.0000000       217.786621    
   80.2500000       227.301682    
   80.5000000       237.548416    
   80.7500000       248.420456    
   81.0000000       259.811584    
   81.2500000       271.601379    
   81.5000000       283.612915    
   81.7500000       295.654968    
   82.0000000       307.536621    
   82.2500000       319.056152    
   82.5000000       329.969727    
   82.7500000       340.023010    
   83.0000000       348.961609    
   83.2500000       356.573792    
   83.5000000       362.818481    
   83.7500000       367.697266    
   84.0000000       371.211609    
   84.2500000       373.390869    
   84.5000000       374.375854    
   84.7500000       374.334900    
   85.0000000       373.436584    
   85.2500000       371.832947    
   85.5000000       369.610168    
   85.7500000       366.838074    
   86.0000000       363.586609    
   86.2500000       359.921204    
   86.5000000       355.890625    
   86.7500000       351.539246    
   87.0000000       346.911621    
   87.2500000       342.033875    
   87.5000000       336.859558    
   87.7500000       331.323730    
   88.0000000       325.361633    
   88.2500000       318.928833    
   88.5000000       312.062744    
   88.7500000       304.821045    
   89.0000000       297.261597    
   89.2500000       289.447449    
   89.5000000       281.462402    
   89.7500000       273.395752    
   90.0000000       265.336609    
   90.2500000       257.375427    
   90.5000000       249.607361    
   90.7500000       242.128937    
   91.0000000       235.036606    
   91.2500000       228.397964    
   91.5000000       222.165298    
   91.7500000       216.262024    
   92.0000000       210.611603    
   92.2500000       205.144943    
   92.5000000       199.822952    
   92.7500000       194.614044    
   93.0000000       189.486603    
   93.2500000       184.472336    
   93.5000000       179.856232    
   93.7500000       175.986572    
   94.0000000       173.211609    
   94.2500000       171.761490    
   94.5000000       171.393600    
   94.7500000       171.747238    

 "IV theory
   63.2500000       245.653427    
   63.5000000       226.747299    
   63.7500000       209.347580    
   64.0000000       193.551086    
   64.2500000       179.420486    
   64.5000000       166.882065    
   64.7500000       155.827927    
   65.0000000       146.150177    
   65.2500000       137.732407    
   65.5000000       130.423737    
   65.7500000       124.064690    
   66.0000000       118.495857    
   66.2500000       113.562073    
   66.5000000       109.125305    
   66.7500000       105.051811    
   67.0000000       101.207848    
   67.2500000       97.4726639    
   67.5000000       93.7774734    
   67.7500000       90.0664902    
   68.0000000       86.2839203    
   68.2500000       82.3877792    
   68.5000000       78.3912659    
   68.7500000       74.3214035    
   69.0000000       70.2052002    
   69.2500000       66.0731201    
   69.5000000       61.9694252    
   69.7500000       57.9418411    
   70.0000000       54.0380821    
   70.2500000       50.3041573    
   70.5000000       46.7791595    
   70.7500000       43.5004768    
   71.0000000       40.5054817    
   71.2500000       37.8262863    
   71.5000000       35.4739227    
   71.7500000       33.4541626    
   72.0000000       31.7727509    
   72.2500000       30.4299335    
   72.5000000       29.4038086    
   72.7500000       28.6669502    
   73.0000000       28.1919346    
   73.2500000       27.9497471    
   73.5000000       27.9050636    
   73.7500000       28.0209732    
   74.0000000       28.2605610    
   74.2500000       28.5886154    
   74.5000000       28.9766712    
   74.7500000       29.3979683    
   75.0000000       29.8257408    
   75.2500000       30.2399826    
   75.5000000       30.6477222    
   75.7500000       31.0627499    
   76.0000000       31.4988556    
   76.2500000       31.9767456    
   76.5000000       32.5447884    
   76.7500000       33.2582779    
   77.0000000       34.1725006    
   77.2500000       35.3447609    
   77.5000000       36.8405075    
   77.7500000       38.7271919    
   78.0000000       41.0722809    
   78.2500000       43.9409332    
   78.5000000       47.3891411    
   78.7500000       51.4706001    
   79.0000000       56.2389908    
   79.2500000       61.7388306    
   79.5000000       67.9778214    
   79.7500000       74.9545059    
   80.0000000       82.6674271    
   80.2500000       91.1055222    
   80.5000000       100.219505    
   80.7500000       109.950508    
   81.0000000       120.239670    
   81.2500000       131.025833    
   81.5000000       142.238724    
   81.7500000       153.805801    
   82.0000000       165.654480    
   82.2500000       177.712723    
   82.5000000       189.910507    
   82.7500000       202.178345    
   83.0000000       214.446747    
   83.2500000       226.646561    
   83.5000000       238.710159    
   83.7500000       250.570297    
   84.0000000       262.159760    
   84.2500000       273.411896    
   84.5000000       284.262756    
   84.7500000       294.649078    
   85.0000000       304.507538    
   85.2500000       313.774597    
   85.5000000       322.385559    
   85.7500000       330.275360    
   86.0000000       337.378998    
   86.2500000       343.633698    
   86.5000000       348.985046    
   86.7500000       353.380920    
   87.0000000       356.769196    
   87.2500000       359.107574    
   87.5000000       360.393738    
   87.7500000       360.635071    
   88.0000000       359.839172    
   88.2500000       358.023743    
   88.5000000       355.247833    
   88.7500000       351.580750    
   89.0000000       347.091675    
   89.2500000       341.852234    
   89.5000000       335.943054    
   89.7500000       329.447052    
   90.0000000       322.447113    
   90.2500000       315.026581    
   90.5000000       307.270630    
   90.7500000       299.264709    
   91.0000000       291.094513    
   91.2500000       282.849670    
   91.5000000       274.636566    
   91.7500000       266.565765    
   92.0000000       258.747681    
   92.2500000       251.296921    
   92.5000000       244.343994    
   92.7500000       238.023407    
   93.0000000       232.469727    
   93.2500000       227.818848    
   93.5000000       224.212280    
   93.7500000       221.792953    
   94.0000000       220.703720    
   94.2500000       221.085175    
   94.5000000       223.068481    
   94.7500000       226.782593    

TitleText: Ni(001)-(5x5)-Li     Beam (1,2/5)              Rfac10=0.8712
 "IV exp
   63.2500000       188.820374    
   63.5000000       185.525635    
   63.7500000       182.523880    
   64.0000000       179.961609    
   64.2500000       177.963821    
   64.5000000       176.569534    
   64.7500000       175.796295    
   65.0000000       175.661606    
   65.2500000       176.183044    
   65.5000000       177.378342    
   65.7500000       179.265259    
   66.0000000       181.861603    
   66.2500000       185.186127    
   66.5000000       189.261734    
   66.7500000       194.112289    
   67.0000000       199.761612    
   67.2500000       206.219772    
   67.5000000       213.441223    
   67.7500000       221.366608    
   68.0000000       229.936600    
   68.2500000       239.066162    
   68.5000000       248.568008    
   68.7500000       258.229126    
   69.0000000       267.836609    
   69.2500000       277.205444    
   69.5000000       286.262634    
   69.7500000       294.963013    
   70.0000000       303.261597    
   70.2500000       311.109802    
   70.5000000       318.444946    
   70.7500000       325.200928    
   71.0000000       331.311646    
   71.2500000       336.686401    
   71.5000000       341.136658    
   71.7500000       344.449402    
   72.0000000       346.411621    
   72.2500000       346.845642    
   72.5000000       345.715637    
   72.7500000       343.021118    
   73.0000000       338.761597    
   73.2500000       332.975586    
   73.5000000       325.857849    
   73.7500000       317.641907    
   74.0000000       308.561584    
   74.2500000       298.845764    
   74.5000000       288.703918    
   74.7500000       278.340942    
   75.0000000       267.961609    
   75.2500000       257.737976    
   75.5000000       247.711685    
   75.7500000       237.891586    
   76.0000000       228.286606    
   76.2500000       218.943756    
   76.5000000       210.062653    
   76.7500000       201.881042    
   77.0000000       194.636597    
   77.2500000       188.554214    
   77.5000000       183.807251    
   77.7500000       180.556229    
   78.0000000       178.961609    
   78.2500000       179.128525    
   78.5000000       180.940430    
   78.7500000       184.225418    
   79.0000000       188.811600    
   79.2500000       194.543533    
   79.5000000       201.331940    
   79.7500000       209.103897    
   80.0000000       217.786621    
   80.2500000       227.301682    
   80.5000000       237.548416    
   80.7500000       248.420456    
   81.0000000       259.811584    
   81.2500000       271.601379    
   81.5000000       283.612915    
   81.7500000       295.654968    
   82.0000000       307.536621    
   82.2500000       319.056152    
   82.5000000       329.969727    
   82.7500000       340.023010    
   83.0000000       348.961609    
   83.2500000       356.573792    
   83.5000000       362.818481    
   83.7500000       367.697266    
   84.0000000       371.211609    
   84.2500000       373.390869    
   84.5000000       374.375854    
   84.7500000       374.334900    
   85.0000000       373.436584    
   85.2500000       371.832947    
   85.5000000       369.610168    
   85.7500000       366.838074    
   86.0000000       363.586609    
   86.2500000       359.921204    
   86.5000000       355.890625    
   86.7500000       351.539246    
   87.0000000       346.911621    
   87.2500000       342.033875    
   87.5000000       336.859558    
   87.7500000       331.323730    
   88.0000000       325.361633    
   88.2500000       318.928833    
   88.5000000       312.062744    
   88.7500000       304.821045    
   89.0000000       297.261597    
   89.2500000       289.447449    
   89.5000000       281.462402    
   89.7500000       273.395752    
   90.0000000       265.336609    
   90.2500000       257.375427    
   90.5000000       249.607361    
   90.7500000       242.128937    
   91.0000000       235.036606    
   91.2500000       228.397964    
   91.5000000       222.165298    
   91.7500000       216.262024    
   92.0000000       210.611603    
   92.2500000       205.144943    
   92.5000000       199.822952    
   92.7500000       194.614044    
   93.0000000       189.486603    
   93.2500000       184.472336    
   93.5000000       179.856232    
   93.7500000       175.986572    
   94.0000000       173.211609    
   94.2500000       171.761490    
   94.5000000       171.393600    
   94.7500000       171.747238    

 "IV theory
   63.2500000       344.194550    
   63.5000000       349.196808    
   63.7500000       353.036011    
   64.0000000       355.624939    
   64.2500000       356.886139    
   64.5000000       356.781158    
   64.7500000       355.281494    
   65.0000000       352.358643    
   65.2500000       348.002594    
   65.5000000       342.277679    
   65.7500000       335.266876    
   66.0000000       327.053070    
   66.2500000       317.728027    
   66.5000000       307.418945    
   66.7500000       296.261780    
   67.0000000       284.392578    
   67.2500000       271.947083    
   67.5000000       259.060181    
   67.7500000       245.866455    
   68.0000000       232.500580    
   68.2500000       219.091690    
   68.5000000       205.747009    
   68.7500000       192.568329    
   69.0000000       179.657440    
   69.2500000       167.105621    
   69.5000000       154.962280    
   69.7500000       143.266342    
   70.0000000       132.056732    
   70.2500000       121.367416    
   70.5000000       111.212509    
   70.7500000       101.601105    
   71.0000000       92.5423584    
   71.2500000       84.0454788    
   71.5000000       76.1200180    
   71.7500000       68.7755661    
   72.0000000       62.0217476    
   72.2500000       55.8683319    
   72.5000000       50.3255959    
   72.7500000       45.4039917    
   73.0000000       41.1139450    
   73.2500000       37.4661980    
   73.5000000       34.4726753    
   73.7500000       32.1456070    
   74.0000000       30.4972153    
   74.2500000       29.5398827    
   74.5000000       29.2866173    
   74.7500000       29.7505798    
   75.0000000       30.9449253    
   75.2500000       32.8827591    
   75.5000000       35.5769234    
   75.7500000       39.0402145    
   76.0000000       43.2854195    
   76.2500000       48.3216248    
   76.5000000       54.1431351    
   76.7500000       60.7405586    
   77.0000000       68.1044846    
   77.2500000       76.2185211    
   77.5000000       85.0381699    
   77.7500000       94.5119019    
   78.0000000       104.588234    
   78.2500000       115.212303    
   78.5000000       126.315941    
   78.7500000       137.827606    
   79.0000000       149.675781    
   79.2500000       161.789001    
   79.5000000       174.096100    
   79.7500000       186.525940    
   80.0000000       199.007370    
   80.2500000       211.470078    
   80.5000000       223.846786    
   80.7500000       236.071014    
   81.0000000       248.076233    
   81.2500000       259.797546    
   81.5000000       271.175873    
   81.7500000       282.153900    
   82.0000000       292.674194    
   82.2500000       302.679962    
   82.5000000       312.117218    
   82.7500000       320.932526    
   83.0000000       329.072723    
   83.2500000       336.484436    
   83.5000000       343.114807    
   83.7500000       348.911102    
   84.0000000       353.820282    
   84.2500000       357.795471    
   84.5000000       360.812775    
   84.7500000       362.854065    
   85.0000000       363.901337    
   85.2500000       363.947418    
   85.5000000       363.029205    
   85.7500000       361.194458    
   86.0000000       358.491180    
   86.2500000       354.972290    
   86.5000000       350.711761    
   86.7500000       345.788879    
   87.0000000       340.282806    
   87.2500000       334.272461    
   87.5000000       327.836670    
   87.7500000       321.053772    
   88.0000000       314.002289    
   88.2500000       306.758667    
   88.5000000       299.391327    
   88.7500000       291.966583    
   89.0000000       284.550842    
   89.2500000       277.206543    
   89.5000000       269.980499    
   89.7500000       262.915741    
   90.0000000       256.055267    
   90.2500000       249.440201    
   90.5000000       243.104401    
   90.7500000       237.079910    
   91.0000000       231.398758    
   91.2500000       226.092941    
   91.5000000       221.194290    
   91.7500000       216.734619    
   92.0000000       212.745758    
   92.2500000       209.255386    
   92.5000000       206.274887    
   92.7500000       203.811462    
   93.0000000       201.872345    
   93.2500000       200.457077    
   93.5000000       199.534103    
   93.7500000       199.064255    
   94.0000000       199.008255    
   94.2500000       199.323151    
   94.5000000       199.951218    
   94.7500000       200.830902    

TitleText: Ni(001)-(5x5)-Li     Beam (1,2/5)              Rfac10=0.5021
 "IV exp
   63.2500000       188.820374    
   63.5000000       185.525635    
   63.7500000       182.523880    
   64.0000000       179.961609    
   64.2500000       177.963821    
   64.5000000       176.569534    
   64.7500000       175.796295    
   65.0000000       175.661606    
   65.2500000       176.183044    
   65.5000000       177.378342    
   65.7500000       179.265259    
   66.0000000       181.861603    
   66.2500000       185.186127    
   66.5000000       189.261734    
   66.7500000       194.112289    
   67.0000000       199.761612    
   67.2500000       206.219772    
   67.5000000       213.441223    
   67.7500000       221.366608    
   68.0000000       229.936600    
   68.2500000       239.066162    
   68.5000000       248.568008    
   68.7500000       258.229126    
   69.0000000       267.836609    
   69.2500000       277.205444    
   69.5000000       286.262634    
   69.7500000       294.963013    
   70.0000000       303.261597    
   70.2500000       311.109802    
   70.5000000       318.444946    
   70.7500000       325.200928    
   71.0000000       331.311646    
   71.2500000       336.686401    
   71.5000000       341.136658    
   71.7500000       344.449402    
   72.0000000       346.411621    
   72.2500000       346.845642    
   72.5000000       345.715637    
   72.7500000       343.021118    
   73.0000000       338.761597    
   73.2500000       332.975586    
   73.5000000       325.857849    
   73.7500000       317.641907    
   74.0000000       308.561584    
   74.2500000       298.845764    
   74.5000000       288.703918    
   74.7500000       278.340942    
   75.0000000       267.961609    
   75.2500000       257.737976    
   75.5000000       247.711685    
   75.7500000       237.891586    
   76.0000000       228.286606    
   76.2500000       218.943756    
   76.5000000       210.062653    
   76.7500000       201.881042    
   77.0000000       194.636597    
   77.2500000       188.554214    
   77.5000000       183.807251    
   77.7500000       180.556229    
   78.0000000       178.961609    
   78.2500000       179.128525    
   78.5000000       180.940430    
   78.7500000       184.225418    
   79.0000000       188.811600    
   79.2500000       194.543533    
   79.5000000       201.331940    
   79.7500000       209.103897    
   80.0000000       217.786621    
   80.2500000       227.301682    
   80.5000000       237.548416    
   80.7500000       248.420456    
   81.0000000       259.811584    
   81.2500000       271.601379    
   81.5000000       283.612915    
   81.7500000       295.654968    
   82.0000000       307.536621    
   82.2500000       319.056152    
   82.5000000       329.969727    
   82.7500000       340.023010    
   83.0000000       348.961609    
   83.2500000       356.573792    
   83.5000000       362.818481    
   83.7500000       367.697266    
   84.0000000       371.211609    
   84.2500000       373.390869    
   84.5000000       374.375854    
   84.7500000       374.334900    
   85.0000000       373.436584    
   85.2500000       371.832947    
   85.5000000       369.610168    
   85.7500000       366.838074    
   86.0000000       363.586609    
   86.2500000       359.921204    
   86.5000000       355.890625    
   86.7500000       351.539246    
   87.0000000       346.911621    
   87.2500000       342.033875    
   87.5000000       336.859558    
   87.7500000       331.323730    
   88.0000000       325.361633    
   88.2500000       318.928833    
   88.5000000       312.062744    
   88.7500000       304.821045    
   89.0000000       297.261597    
   89.2500000       289.447449    
   89.5000000       281.462402    
   89.7500000       273.395752    
   90.0000000       265.336609    
   90.2500000       257.375427    
   90.5000000       249.607361    
   90.7500000       242.128937    
   91.0000000       235.036606    
   91.2500000       228.397964    
   91.5000000       222.165298    
   91.7500000       216.262024    
   92.0000000       210.611603    
   92.2500000       205.144943    
   92.5000000       199.822952    
   92.7500000       194.614044    
   93.0000000       189.486603    
   93.2500000       184.472336    
   93.5000000       179.856232    
   93.7500000       175.986572    
   94.0000000       173.211609    
   94.2500000       171.761490    
   94.5000000       171.393600    
   94.7500000       171.747238    

 "IV theory
   63.2500000       57.6794052    
   63.5000000       51.8410721    
   63.7500000       46.5832977    
   64.0000000       41.9349709    
   64.2500000       37.9235001    
   64.5000000       34.5703125    
   64.7500000       31.8953171    
   65.0000000       29.9184494    
   65.2500000       28.6596451    
   65.5000000       28.1389446    
   65.7500000       28.3763962    
   66.0000000       29.3920593    
   66.2500000       31.2036304    
   66.5000000       33.8194122    
   66.7500000       37.2453232    
   67.0000000       41.4873199    
   67.2500000       46.5462036    
   67.5000000       52.4022636    
   67.7500000       59.0306740    
   68.0000000       66.4065933    
   68.2500000       74.5023727    
   68.5000000       83.2791595    
   68.7500000       92.6952820    
   69.0000000       102.709068    
   69.2500000       113.278847    
   69.5000000       124.362923    
   69.7500000       135.919586    
   70.0000000       147.907166    
   70.2500000       160.281219    
   70.5000000       172.986328    
   70.7500000       185.964386    
   71.0000000       199.157227    
   71.2500000       212.500763    
   71.5000000       225.906647    
   71.7500000       239.280579    
   72.0000000       252.528275    
   72.2500000       265.552246    
   72.5000000       278.242188    
   72.7500000       290.484680    
   73.0000000       302.166382    
   73.2500000       313.173340    
   73.5000000       323.390411    
   73.7500000       332.702026    
   74.0000000       340.992584    
   74.2500000       348.157288    
   74.5000000       354.134827    
   74.7500000       358.874573    
   75.0000000       362.325867    
   75.2500000       364.461731    
   75.5000000       365.348999    
   75.7500000       365.078217    
   76.0000000       363.739838    
   76.2500000       361.437012    
   76.5000000       358.323669    
   76.7500000       354.566406    
   77.0000000       350.331970    
   77.2500000       345.787628    
   77.5000000       341.102875    
   77.7500000       336.447937    
   78.0000000       331.993073    
   78.2500000       327.898041    
   78.5000000       324.280914    
   78.7500000       321.249268    
   79.0000000       318.910919    
   79.2500000       317.350861    
   79.5000000       316.564667    
   79.7500000       316.525208    
   80.0000000       317.205414    
   80.2500000       318.566071    
   80.5000000       320.519257    
   80.7500000       322.964722    
   81.0000000       325.802246    
   81.2500000       328.931335    
   81.5000000       332.249695    
   81.7500000       335.654846    
   82.0000000       339.044128    
   82.2500000       342.318359    
   82.5000000       345.391602    
   82.7500000       348.181305    
   83.0000000       350.604980    
   83.2500000       352.587097    
   83.5000000       354.080231    
   83.7500000       355.044128    
   84.0000000       355.438446    
   84.2500000       355.226685    
   84.5000000       354.387939    
   84.7500000       352.905182    
   85.0000000       350.761322    
   85.2500000       347.939331    
   85.5000000       344.421967    
   85.7500000       340.192047    
   86.0000000       335.232422    
   86.2500000       329.530731    
   86.5000000       323.093933    
   86.7500000       315.933868    
   87.0000000       308.062531    
   87.2500000       299.502167    
   87.5000000       290.317871    
   87.7500000       280.584869    
   88.0000000       270.378662    
   88.2500000       259.780457    
   88.5000000       248.894180    
   88.7500000       237.829575    
   89.0000000       226.696320    
   89.2500000       215.604385    
   89.5000000       204.665009    
   89.7500000       193.989624    
   90.0000000       183.689758    
   90.2500000       173.870941    
   90.5000000       164.615295    
   90.7500000       155.998978    
   91.0000000       148.098206    
   91.2500000       140.976456    
   91.5000000       134.646484    
   91.7500000       129.108383    
   92.0000000       124.362267    
   92.2500000       120.401276    
   92.5000000       117.191002    
   92.7500000       114.690125    
   93.0000000       112.857285    
   93.2500000       111.650986    
   93.5000000       111.029053    
   93.7500000       110.949150    
   94.0000000       111.368904    
   94.2500000       112.245613    
   94.5000000       113.535049    
   94.7500000       115.192627    

