TitleText: Ni(001)-(5x5)-Li     Beam (4/5,3/5)            Rfac10=0.6326
 "IV exp
   68.2500000       52.1924019    
   68.5000000       59.4554939    
   68.7500000       66.5011292    
   69.0000000       73.2205811    
   69.2500000       79.5154114    
   69.5000000       85.3283539    
   69.7500000       90.6124039    
   70.0000000       95.3205719    
   70.2500000       99.3932343    
   70.5000000       102.720192    
   70.7500000       105.178589    
   71.0000000       106.645584    
   71.2500000       107.042526    
   71.5000000       106.467491    
   71.7500000       105.062752    
   72.0000000       102.970581    
   72.2500000       100.336342    
   72.5000000       97.3177261    
   72.7500000       94.0755463    
   73.0000000       90.7705841    
   73.2500000       87.5180359    
   73.5000000       84.2507172    
   73.7500000       80.8558273    
   74.0000000       77.2205734    
   74.2500000       73.2669296    
   74.5000000       69.0559921    
   74.7500000       64.6835938    
   75.0000000       60.2455788    
   75.2500000       55.8513412    
   75.5000000       51.6643944    
   75.7500000       47.8617973    
   76.0000000       44.6205826    
   76.2500000       42.0535126    
   76.5000000       40.0161514    
   76.7500000       38.2997513    
   77.0000000       36.6955833    
   77.2500000       35.0233307    
   77.5000000       33.2163773    
   77.7500000       31.2365265    
   78.0000000       29.0455818    
   78.2500000       26.6418896    
   78.5000000       24.1699600    
   78.7500000       21.8108425    
   79.0000000       19.7455826    
   79.2500000       18.1208820    
   79.5000000       16.9460258    
   79.7500000       16.1959476    
   80.0000000       15.8455811    
   80.2500000       15.8594017    
   80.5000000       16.1600533    
   80.7500000       16.6597195    
   81.0000000       17.2705822    
   81.2500000       17.9083576    
   81.5000000       18.5028744    
   81.7500000       18.9874954    
   82.0000000       19.2955818    
   82.2500000       19.3814392    
   82.5000000       19.2831860    
   82.7500000       19.0598793    
   83.0000000       18.7705822    
   83.2500000       18.4784336    
   83.5000000       18.2628727    
   83.7500000       18.2074165    
   84.0000000       18.3955822    
   84.2500000       18.8970680    
   84.5000000       19.7263145    
   84.7500000       20.8839455    
   85.0000000       22.3705826    
   85.2500000       24.1829605    
   85.5000000       26.3022385    
   85.7500000       28.7056885    
   86.0000000       31.3705826    
   86.2500000       34.2555237    
   86.5000000       37.2444763    
   86.7500000       40.2027321    
   87.0000000       42.9955826    
   87.2500000       45.5207787    
   87.5000000       47.8058510    
   87.7500000       49.9107857    
   88.0000000       51.8955803    
   88.2500000       53.8290024    
   88.5000000       55.8149910    
   88.7500000       57.9662743    
   89.0000000       60.3955803    
   89.2500000       63.1706848    
   89.5000000       66.1795502    
   89.7500000       69.2651749    
   90.0000000       72.2705765    
   90.2500000       75.0644684    
   90.5000000       77.6184158    
   90.7500000       79.9296951    
   91.0000000       81.9955750    
   91.2500000       83.8288803    
   91.5000000       85.5046082    
   91.7500000       87.1133270    
   92.0000000       88.7455750    
   92.2500000       90.4895554    
   92.5000000       92.4240875    
   92.7500000       94.6256104    
   93.0000000       97.1705780    
   93.2500000       100.110550    
   93.5000000       103.397499    
   93.7500000       106.958488    
   94.0000000       110.720581    
   94.2500000       114.603035    
   94.5000000       118.493782    
   94.7500000       122.272926    
   95.0000000       125.820580    
   95.2500000       129.035172    
   95.5000000       131.888367    
   95.7500000       134.370163    
   96.0000000       136.470566    
   96.2500000       138.180923    
   96.5000000       139.498077    
   96.7500000       140.420242    
   97.0000000       140.945572    
   97.2500000       141.115707    
   97.5000000       141.145859    
   97.7500000       141.294601    
   98.0000000       141.820572    
   98.2500000       142.909744    
   98.5000000       144.457565    
   98.7500000       146.286880    
   99.0000000       148.220566    
   99.2500000       150.069534    
   99.5000000       151.597305    
   99.7500000       152.555450    
   100.000000       152.695572    
   100.250000       151.826111    
   100.500000       149.982864    
   100.750000       147.258484    
   101.000000       143.745575    
   101.250000       139.529114    
   101.500000       134.663406    
   101.750000       129.195023    
   102.000000       123.170578    
   102.250000       116.655457    
   102.500000       109.790108    
   102.750000       102.733742    
   103.000000       95.6455765    
   103.250000       88.6521912    
   103.500000       81.7496338    
   103.750000       74.9012985    
   104.000000       68.0705795    
   104.250000       61.2271957    
   104.500000       54.3660660    
   104.750000       47.4884453    
   105.000000       40.5955811    
   105.250000       33.6890831    
   105.500000       26.7720871    
   105.750000       19.8480835    

 "IV theory
   68.2500000       61.7159233    
   68.5000000       64.5582123    
   68.7500000       67.4365616    
   69.0000000       70.3083344    
   69.2500000       73.1320343    
   69.5000000       75.8709106    
   69.7500000       78.4893799    
   70.0000000       80.9518814    
   70.2500000       83.2259827    
   70.5000000       85.2920151    
   70.7500000       87.1334152    
   71.0000000       88.7336807    
   71.2500000       90.0786133    
   71.5000000       91.1634064    
   71.7500000       91.9855499    
   72.0000000       92.5425873    
   72.2500000       92.8322067    
   72.5000000       92.8528366    
   72.7500000       92.6030273    
   73.0000000       92.0813599    
   73.2500000       91.2872849    
   73.5000000       90.2236481    
   73.7500000       88.8942032    
   74.0000000       87.3026581    
   74.2500000       85.4554596    
   74.5000000       83.3699570    
   74.7500000       81.0662003    
   75.0000000       78.5642395    
   75.2500000       75.8860550    
   75.5000000       73.0612183    
   75.7500000       70.1212158    
   76.0000000       67.0975418    
   76.2500000       64.0220261    
   76.5000000       60.9279823    
   76.7500000       57.8490868    
   77.0000000       54.8189964    
   77.2500000       51.8700447    
   77.5000000       49.0291786    
   77.7500000       46.3219986    
   78.0000000       43.7741013    
   78.2500000       41.4073448    
   78.5000000       39.2285538    
   78.7500000       37.2407990    
   79.0000000       35.4471512    
   79.2500000       33.8479805    
   79.5000000       32.4328918    
   79.7500000       31.1887703    
   80.0000000       30.1025105    
   80.2500000       29.1606064    
   80.5000000       28.3479214    
   80.7500000       27.6489334    
   81.0000000       27.0481071    
   81.2500000       26.5308094    
   81.5000000       26.0859928    
   81.7500000       25.7035179    
   82.0000000       25.3732395    
   82.2500000       25.0873985    
   82.5000000       24.8477917    
   82.7500000       24.6586151    
   83.0000000       24.5240440    
   83.2500000       24.4499836    
   83.5000000       24.4491730    
   83.7500000       24.5360622    
   84.0000000       24.7251072    
   84.2500000       25.0310612    
   84.5000000       25.4698944    
   84.7500000       26.0578918    
   85.0000000       26.8113270    
   85.2500000       27.7454510    
   85.5000000       28.8714104    
   85.7500000       30.1993122    
   86.0000000       31.7392712    
   86.2500000       33.4985580    
   86.5000000       35.4730453    
   86.7500000       37.6557541    
   87.0000000       40.0397301    
   87.2500000       42.6159325    
   87.5000000       45.3671417    
   87.7500000       48.2740784    
   88.0000000       51.3174667    
   88.2500000       54.4777336    
   88.5000000       57.7341309    
   88.7500000       61.0656509    
   89.0000000       64.4512329    
   89.2500000       67.8704071    
   89.5000000       71.3047867    
   89.7500000       74.7365799    
   90.0000000       78.1479645    
   90.2500000       81.5224762    
   90.5000000       84.8491516    
   90.7500000       88.1183853    
   91.0000000       91.3205872    
   91.2500000       94.4471588    
   91.5000000       97.4936295    
   91.7500000       100.456490    
   92.0000000       103.332260    
   92.2500000       106.117531    
   92.5000000       108.809143    
   92.7500000       111.404053    
   93.0000000       113.899170    
   93.2500000       116.291870    
   93.5000000       118.581299    
   93.7500000       120.767044    
   94.0000000       122.848694    
   94.2500000       124.827225    
   94.5000000       126.709129    
   94.7500000       128.502319    
   95.0000000       130.214676    
   95.2500000       131.855087    
   95.5000000       133.436340    
   95.7500000       134.972275    
   96.0000000       136.476700    
   96.2500000       137.963547    
   96.5000000       139.447327    
   96.7500000       140.942581    
   97.0000000       142.463913    
   97.2500000       144.025772    
   97.5000000       145.641953    
   97.7500000       147.326065    
   98.0000000       149.091736    
   98.2500000       150.952209    
   98.5000000       152.919144    
   98.7500000       155.003799    
   99.0000000       157.217484    
   99.2500000       159.571152    
   99.5000000       162.074783    
   99.7500000       164.738007    
   100.000000       167.570541    
   100.250000       170.581909    
   100.500000       173.781250    
   100.750000       177.177597    
   101.000000       180.779999    
   101.250000       184.598175    
   101.500000       188.644882    
   101.750000       192.933624    
   102.000000       197.477859    
   102.250000       202.293304    
   102.500000       207.404495    
   102.750000       212.838196    
   103.000000       218.621170    
   103.250000       224.781570    
   103.500000       231.353256    
   103.750000       238.371490    
   104.000000       245.871552    
   104.250000       253.889435    
   104.500000       262.464142    
   104.750000       271.635529    
   105.000000       281.443146    
   105.250000       291.921448    
   105.500000       303.082581    
   105.750000       314.933167    

TitleText: Ni(001)-(5x5)-Li     Beam (4/5,3/5)            Rfac10=0.8269
 "IV exp
   68.2500000       52.1924019    
   68.5000000       59.4554939    
   68.7500000       66.5011292    
   69.0000000       73.2205811    
   69.2500000       79.5154114    
   69.5000000       85.3283539    
   69.7500000       90.6124039    
   70.0000000       95.3205719    
   70.2500000       99.3932343    
   70.5000000       102.720192    
   70.7500000       105.178589    
   71.0000000       106.645584    
   71.2500000       107.042526    
   71.5000000       106.467491    
   71.7500000       105.062752    
   72.0000000       102.970581    
   72.2500000       100.336342    
   72.5000000       97.3177261    
   72.7500000       94.0755463    
   73.0000000       90.7705841    
   73.2500000       87.5180359    
   73.5000000       84.2507172    
   73.7500000       80.8558273    
   74.0000000       77.2205734    
   74.2500000       73.2669296    
   74.5000000       69.0559921    
   74.7500000       64.6835938    
   75.0000000       60.2455788    
   75.2500000       55.8513412    
   75.5000000       51.6643944    
   75.7500000       47.8617973    
   76.0000000       44.6205826    
   76.2500000       42.0535126    
   76.5000000       40.0161514    
   76.7500000       38.2997513    
   77.0000000       36.6955833    
   77.2500000       35.0233307    
   77.5000000       33.2163773    
   77.7500000       31.2365265    
   78.0000000       29.0455818    
   78.2500000       26.6418896    
   78.5000000       24.1699600    
   78.7500000       21.8108425    
   79.0000000       19.7455826    
   79.2500000       18.1208820    
   79.5000000       16.9460258    
   79.7500000       16.1959476    
   80.0000000       15.8455811    
   80.2500000       15.8594017    
   80.5000000       16.1600533    
   80.7500000       16.6597195    
   81.0000000       17.2705822    
   81.2500000       17.9083576    
   81.5000000       18.5028744    
   81.7500000       18.9874954    
   82.0000000       19.2955818    
   82.2500000       19.3814392    
   82.5000000       19.2831860    
   82.7500000       19.0598793    
   83.0000000       18.7705822    
   83.2500000       18.4784336    
   83.5000000       18.2628727    
   83.7500000       18.2074165    
   84.0000000       18.3955822    
   84.2500000       18.8970680    
   84.5000000       19.7263145    
   84.7500000       20.8839455    
   85.0000000       22.3705826    
   85.2500000       24.1829605    
   85.5000000       26.3022385    
   85.7500000       28.7056885    
   86.0000000       31.3705826    
   86.2500000       34.2555237    
   86.5000000       37.2444763    
   86.7500000       40.2027321    
   87.0000000       42.9955826    
   87.2500000       45.5207787    
   87.5000000       47.8058510    
   87.7500000       49.9107857    
   88.0000000       51.8955803    
   88.2500000       53.8290024    
   88.5000000       55.8149910    
   88.7500000       57.9662743    
   89.0000000       60.3955803    
   89.2500000       63.1706848    
   89.5000000       66.1795502    
   89.7500000       69.2651749    
   90.0000000       72.2705765    
   90.2500000       75.0644684    
   90.5000000       77.6184158    
   90.7500000       79.9296951    
   91.0000000       81.9955750    
   91.2500000       83.8288803    
   91.5000000       85.5046082    
   91.7500000       87.1133270    
   92.0000000       88.7455750    
   92.2500000       90.4895554    
   92.5000000       92.4240875    
   92.7500000       94.6256104    
   93.0000000       97.1705780    
   93.2500000       100.110550    
   93.5000000       103.397499    
   93.7500000       106.958488    
   94.0000000       110.720581    
   94.2500000       114.603035    
   94.5000000       118.493782    
   94.7500000       122.272926    
   95.0000000       125.820580    
   95.2500000       129.035172    
   95.5000000       131.888367    
   95.7500000       134.370163    
   96.0000000       136.470566    
   96.2500000       138.180923    
   96.5000000       139.498077    
   96.7500000       140.420242    
   97.0000000       140.945572    
   97.2500000       141.115707    
   97.5000000       141.145859    
   97.7500000       141.294601    
   98.0000000       141.820572    
   98.2500000       142.909744    
   98.5000000       144.457565    
   98.7500000       146.286880    
   99.0000000       148.220566    
   99.2500000       150.069534    
   99.5000000       151.597305    
   99.7500000       152.555450    
   100.000000       152.695572    
   100.250000       151.826111    
   100.500000       149.982864    
   100.750000       147.258484    
   101.000000       143.745575    
   101.250000       139.529114    
   101.500000       134.663406    
   101.750000       129.195023    
   102.000000       123.170578    
   102.250000       116.655457    
   102.500000       109.790108    
   102.750000       102.733742    
   103.000000       95.6455765    
   103.250000       88.6521912    
   103.500000       81.7496338    
   103.750000       74.9012985    
   104.000000       68.0705795    
   104.250000       61.2271957    
   104.500000       54.3660660    
   104.750000       47.4884453    
   105.000000       40.5955811    
   105.250000       33.6890831    
   105.500000       26.7720871    
   105.750000       19.8480835    

 "IV theory
   68.2500000       9.72828770    
   68.5000000       9.55399323    
   68.7500000       9.38805199    
   69.0000000       9.23011684    
   69.2500000       9.07983971    
   69.5000000       8.93684673    
   69.7500000       8.80076122    
   70.0000000       8.67120457    
   70.2500000       8.54778004    
   70.5000000       8.43001556    
   70.7500000       8.31741524    
   71.0000000       8.20948505    
   71.2500000       8.10570812    
   71.5000000       8.00546551    
   71.7500000       7.90811300    
   72.0000000       7.81300926    
   72.2500000       7.71949863    
   72.5000000       7.62688351    
   72.7500000       7.53445053    
   73.0000000       7.44149113    
   73.2500000       7.34730864    
   73.5000000       7.25126886    
   73.7500000       7.15275192    
   74.0000000       7.05113983    
   74.2500000       6.94591427    
   74.5000000       6.83696127    
   74.7500000       6.72426939    
   75.0000000       6.60782528    
   75.2500000       6.48774672    
   75.5000000       6.36467314    
   75.7500000       6.23937321    
   76.0000000       6.11261559    
   76.2500000       5.98521280    
   76.5000000       5.85814953    
   76.7500000       5.73245335    
   77.0000000       5.60915375    
   77.2500000       5.48926401    
   77.5000000       5.37374783    
   77.7500000       5.26355267    
   78.0000000       5.15962887    
   78.2500000       5.06286860    
   78.5000000       4.97394037    
   78.7500000       4.89345646    
   79.0000000       4.82202816    
   79.2500000       4.76019335    
   79.5000000       4.70819187    
   79.7500000       4.66618824    
   80.0000000       4.63434792    
   80.2500000       4.61281252    
   80.5000000       4.60162830    
   80.7500000       4.60081816    
   81.0000000       4.61040449    
   81.2500000       4.63041449    
   81.5000000       4.66089296    
   81.7500000       4.70188856    
   82.0000000       4.75345039    
   82.2500000       4.81563759    
   82.5000000       4.88855267    
   82.7500000       4.97231054    
   83.0000000       5.06702423    
   83.2500000       5.17282057    
   83.5000000       5.28988218    
   83.7500000       5.41840315    
   84.0000000       5.55857801    
   84.2500000       5.71061087    
   84.5000000       5.87474251    
   84.7500000       6.05122185    
   85.0000000       6.24029970    
   85.2500000       6.44220352    
   85.5000000       6.65707970    
   85.7500000       6.88505316    
   86.0000000       7.12624836    
   86.2500000       7.38064671    
   86.5000000       7.64765072    
   86.7500000       7.92652464    
   87.0000000       8.21652699    
   87.2500000       8.51673412    
   87.5000000       8.82548809    
   87.7500000       9.14094448    
   88.0000000       9.46126270    
   88.2500000       9.78453159    
   88.5000000       10.1085873    
   88.7500000       10.4311991    
   89.0000000       10.7501364    
   89.2500000       11.0632000    
   89.5000000       11.3683281    
   89.7500000       11.6634846    
   90.0000000       11.9466391    
   90.2500000       12.2159405    
   90.5000000       12.4702616    
   90.7500000       12.7086563    
   91.0000000       12.9301767    
   91.2500000       13.1341133    
   91.5000000       13.3207073    
   91.7500000       13.4904327    
   92.0000000       13.6437616    
   92.2500000       13.7812443    
   92.5000000       13.9037247    
   92.7500000       14.0121174    
   93.0000000       14.1073360    
   93.2500000       14.1902933    
   93.5000000       14.2618866    
   93.7500000       14.3230095    
   94.0000000       14.3745537    
   94.2500000       14.4174538    
   94.5000000       14.4528103    
   94.7500000       14.4817629    
   95.0000000       14.5054512    
   95.2500000       14.5250616    
   95.5000000       14.5419769    
   95.7500000       14.5576153    
   96.0000000       14.5734072    
   96.2500000       14.5907984    
   96.5000000       14.6113157    
   96.7500000       14.6365166    
   97.0000000       14.6679440    
   97.2500000       14.7071295    
   97.5000000       14.7555008    
   97.7500000       14.8144617    
   98.0000000       14.8854208    
   98.2500000       14.9696188    
   98.5000000       15.0676727    
   98.7500000       15.1800308    
   99.0000000       15.3071442    
   99.2500000       15.4492645    
   99.5000000       15.6058254    
   99.7500000       15.7760601    
   100.000000       15.9592018    
   100.250000       16.1544075    
   100.500000       16.3605556    
   100.750000       16.5764446    
   101.000000       16.8008785    
   101.250000       17.0326958    
   101.500000       17.2708931    
   101.750000       17.5144958    
   102.000000       17.7625427    
   102.250000       18.0142803    
   102.500000       18.2698212    
   102.750000       18.5294952    
   103.000000       18.7936401    
   103.250000       19.0628548    
   103.500000       19.3388557    
   103.750000       19.6236324    
   104.000000       19.9191723    
   104.250000       20.2275753    
   104.500000       20.5513535    
   104.750000       20.8931332    
   105.000000       21.2555408    
   105.250000       21.6411171    
   105.500000       22.0520439    
   105.750000       22.4904366    

TitleText: Ni(001)-(5x5)-Li     Beam (4/5,3/5)            Rfac10=0.3087
 "IV exp
   68.2500000       52.1924019    
   68.5000000       59.4554939    
   68.7500000       66.5011292    
   69.0000000       73.2205811    
   69.2500000       79.5154114    
   69.5000000       85.3283539    
   69.7500000       90.6124039    
   70.0000000       95.3205719    
   70.2500000       99.3932343    
   70.5000000       102.720192    
   70.7500000       105.178589    
   71.0000000       106.645584    
   71.2500000       107.042526    
   71.5000000       106.467491    
   71.7500000       105.062752    
   72.0000000       102.970581    
   72.2500000       100.336342    
   72.5000000       97.3177261    
   72.7500000       94.0755463    
   73.0000000       90.7705841    
   73.2500000       87.5180359    
   73.5000000       84.2507172    
   73.7500000       80.8558273    
   74.0000000       77.2205734    
   74.2500000       73.2669296    
   74.5000000       69.0559921    
   74.7500000       64.6835938    
   75.0000000       60.2455788    
   75.2500000       55.8513412    
   75.5000000       51.6643944    
   75.7500000       47.8617973    
   76.0000000       44.6205826    
   76.2500000       42.0535126    
   76.5000000       40.0161514    
   76.7500000       38.2997513    
   77.0000000       36.6955833    
   77.2500000       35.0233307    
   77.5000000       33.2163773    
   77.7500000       31.2365265    
   78.0000000       29.0455818    
   78.2500000       26.6418896    
   78.5000000       24.1699600    
   78.7500000       21.8108425    
   79.0000000       19.7455826    
   79.2500000       18.1208820    
   79.5000000       16.9460258    
   79.7500000       16.1959476    
   80.0000000       15.8455811    
   80.2500000       15.8594017    
   80.5000000       16.1600533    
   80.7500000       16.6597195    
   81.0000000       17.2705822    
   81.2500000       17.9083576    
   81.5000000       18.5028744    
   81.7500000       18.9874954    
   82.0000000       19.2955818    
   82.2500000       19.3814392    
   82.5000000       19.2831860    
   82.7500000       19.0598793    
   83.0000000       18.7705822    
   83.2500000       18.4784336    
   83.5000000       18.2628727    
   83.7500000       18.2074165    
   84.0000000       18.3955822    
   84.2500000       18.8970680    
   84.5000000       19.7263145    
   84.7500000       20.8839455    
   85.0000000       22.3705826    
   85.2500000       24.1829605    
   85.5000000       26.3022385    
   85.7500000       28.7056885    
   86.0000000       31.3705826    
   86.2500000       34.2555237    
   86.5000000       37.2444763    
   86.7500000       40.2027321    
   87.0000000       42.9955826    
   87.2500000       45.5207787    
   87.5000000       47.8058510    
   87.7500000       49.9107857    
   88.0000000       51.8955803    
   88.2500000       53.8290024    
   88.5000000       55.8149910    
   88.7500000       57.9662743    
   89.0000000       60.3955803    
   89.2500000       63.1706848    
   89.5000000       66.1795502    
   89.7500000       69.2651749    
   90.0000000       72.2705765    
   90.2500000       75.0644684    
   90.5000000       77.6184158    
   90.7500000       79.9296951    
   91.0000000       81.9955750    
   91.2500000       83.8288803    
   91.5000000       85.5046082    
   91.7500000       87.1133270    
   92.0000000       88.7455750    
   92.2500000       90.4895554    
   92.5000000       92.4240875    
   92.7500000       94.6256104    
   93.0000000       97.1705780    
   93.2500000       100.110550    
   93.5000000       103.397499    
   93.7500000       106.958488    
   94.0000000       110.720581    
   94.2500000       114.603035    
   94.5000000       118.493782    
   94.7500000       122.272926    
   95.0000000       125.820580    
   95.2500000       129.035172    
   95.5000000       131.888367    
   95.7500000       134.370163    
   96.0000000       136.470566    
   96.2500000       138.180923    
   96.5000000       139.498077    
   96.7500000       140.420242    
   97.0000000       140.945572    
   97.2500000       141.115707    
   97.5000000       141.145859    
   97.7500000       141.294601    
   98.0000000       141.820572    
   98.2500000       142.909744    
   98.5000000       144.457565    
   98.7500000       146.286880    
   99.0000000       148.220566    
   99.2500000       150.069534    
   99.5000000       151.597305    
   99.7500000       152.555450    
   100.000000       152.695572    
   100.250000       151.826111    
   100.500000       149.982864    
   100.750000       147.258484    
   101.000000       143.745575    
   101.250000       139.529114    
   101.500000       134.663406    
   101.750000       129.195023    
   102.000000       123.170578    
   102.250000       116.655457    
   102.500000       109.790108    
   102.750000       102.733742    
   103.000000       95.6455765    
   103.250000       88.6521912    
   103.500000       81.7496338    
   103.750000       74.9012985    
   104.000000       68.0705795    
   104.250000       61.2271957    
   104.500000       54.3660660    
   104.750000       47.4884453    
   105.000000       40.5955811    
   105.250000       33.6890831    
   105.500000       26.7720871    
   105.750000       19.8480835    

 "IV theory
   68.2500000       30.2558975    
   68.5000000       30.4438038    
   68.7500000       30.5378246    
   69.0000000       30.5342903    
   69.2500000       30.4301167    
   69.5000000       30.2245140    
   69.7500000       29.9172688    
   70.0000000       29.5081654    
   70.2500000       28.9981995    
   70.5000000       28.3931789    
   70.7500000       27.7001209    
   71.0000000       26.9260445    
   71.2500000       26.0785904    
   71.5000000       25.1679077    
   71.7500000       24.2047882    
   72.0000000       23.2000027    
   72.2500000       22.1643562    
   72.5000000       21.1086941    
   72.7500000       20.0438938    
   73.0000000       18.9808216    
   73.2500000       17.9298840    
   73.5000000       16.8996391    
   73.7500000       15.8981771    
   74.0000000       14.9335918    
   74.2500000       14.0130119    
   74.5000000       13.1397257    
   74.7500000       12.3160496    
   75.0000000       11.5443077    
   75.2500000       10.8263159    
   75.5000000       10.1618853    
   75.7500000       9.55031872    
   76.0000000       8.99092197    
   76.2500000       8.48299122    
   76.5000000       8.02579594    
   76.7500000       7.61858845    
   77.0000000       7.26063061    
   77.2500000       6.95125675    
   77.5000000       6.69010448    
   77.7500000       6.47689056    
   78.0000000       6.31132984    
   78.2500000       6.19329357    
   78.5000000       6.12327480    
   78.7500000       6.10192013    
   79.0000000       6.12987900    
   79.2500000       6.20787859    
   79.5000000       6.33697033    
   79.7500000       6.51828671    
   80.0000000       6.75295734    
   80.2500000       7.04211950    
   80.5000000       7.38692522    
   80.7500000       7.78853178    
   81.0000000       8.24809456    
   81.2500000       8.76653767    
   81.5000000       9.34384823    
   81.7500000       9.97978115    
   82.0000000       10.6740904    
   82.2500000       11.4260445    
   82.5000000       12.2329531    
   82.7500000       13.0916367    
   83.0000000       13.9989176    
   83.2500000       14.9513664    
   83.5000000       15.9445448    
   83.7500000       16.9737606    
   84.0000000       18.0343246    
   84.2500000       19.1215305    
   84.5000000       20.2306175    
   84.7500000       21.3568058    
   85.0000000       22.4953213    
   85.2500000       23.6421986    
   85.5000000       24.7967339    
   85.7500000       25.9590263    
   86.0000000       27.1291828    
   86.2500000       28.3090057    
   86.5000000       29.5071011    
   86.7500000       30.7337685    
   87.0000000       31.9993134    
   87.2500000       33.3149223    
   87.5000000       34.6953125    
   87.7500000       36.1560783    
   88.0000000       37.7128143    
   88.2500000       39.3811569    
   88.5000000       41.1768570    
   88.7500000       43.1157074    
   89.0000000       45.2135048    
   89.2500000       47.4845200    
   89.5000000       49.9370155    
   89.7500000       52.5777283    
   90.0000000       55.4133911    
   90.2500000       58.4476051    
   90.5000000       61.6713867    
   90.7500000       65.0726166    
   91.0000000       68.6391525    
   91.2500000       72.3572311    
   91.5000000       76.2065125    
   91.7500000       80.1650162    
   92.0000000       84.2107544    
   92.2500000       88.3217239    
   92.5000000       92.4758072    
   92.7500000       96.6508560    
   93.0000000       100.824745    
   93.2500000       104.975601    
   93.5000000       109.082695    
   93.7500000       113.125565    
   94.0000000       117.083725    
   94.2500000       120.937317    
   94.5000000       124.668701    
   94.7500000       128.260849    
   95.0000000       131.696686    
   95.2500000       134.959503    
   95.5000000       138.033707    
   95.7500000       140.904129    
   96.0000000       143.555542    
   96.2500000       145.972641    
   96.5000000       148.140244    
   96.7500000       150.042923    
   97.0000000       151.665451    
   97.2500000       152.993744    
   97.5000000       154.018646    
   97.7500000       154.732239    
   98.0000000       155.126602    
   98.2500000       155.196396    
   98.5000000       154.946594    
   98.7500000       154.384689    
   99.0000000       153.518250    
   99.2500000       152.356125    
   99.5000000       150.912613    
   99.7500000       149.203247    
   100.000000       147.243698    
   100.250000       145.049515    
   100.500000       142.636429    
   100.750000       140.020172    
   101.000000       137.216461    
   101.250000       134.240845    
   101.500000       131.108139    
   101.750000       127.833023    
   102.000000       124.430099    
   102.250000       120.913696    
   102.500000       117.296646    
   102.750000       113.591415    
   103.000000       109.810501    
   103.250000       105.966194    
   103.500000       102.070007    
   103.750000       98.1332932    
   104.000000       94.1673813    
   104.250000       90.1836166    
   104.500000       86.1933060    
   104.750000       82.2078094    
   105.000000       78.2384415    
   105.250000       74.2964859    
   105.500000       70.3930054    
   105.750000       66.5390320    

TitleText: Ni(001)-(5x5)-Li     Beam (4/5,3/5)            Rfac10=0.8563
 "IV exp
   68.2500000       52.1924019    
   68.5000000       59.4554939    
   68.7500000       66.5011292    
   69.0000000       73.2205811    
   69.2500000       79.5154114    
   69.5000000       85.3283539    
   69.7500000       90.6124039    
   70.0000000       95.3205719    
   70.2500000       99.3932343    
   70.5000000       102.720192    
   70.7500000       105.178589    
   71.0000000       106.645584    
   71.2500000       107.042526    
   71.5000000       106.467491    
   71.7500000       105.062752    
   72.0000000       102.970581    
   72.2500000       100.336342    
   72.5000000       97.3177261    
   72.7500000       94.0755463    
   73.0000000       90.7705841    
   73.2500000       87.5180359    
   73.5000000       84.2507172    
   73.7500000       80.8558273    
   74.0000000       77.2205734    
   74.2500000       73.2669296    
   74.5000000       69.0559921    
   74.7500000       64.6835938    
   75.0000000       60.2455788    
   75.2500000       55.8513412    
   75.5000000       51.6643944    
   75.7500000       47.8617973    
   76.0000000       44.6205826    
   76.2500000       42.0535126    
   76.5000000       40.0161514    
   76.7500000       38.2997513    
   77.0000000       36.6955833    
   77.2500000       35.0233307    
   77.5000000       33.2163773    
   77.7500000       31.2365265    
   78.0000000       29.0455818    
   78.2500000       26.6418896    
   78.5000000       24.1699600    
   78.7500000       21.8108425    
   79.0000000       19.7455826    
   79.2500000       18.1208820    
   79.5000000       16.9460258    
   79.7500000       16.1959476    
   80.0000000       15.8455811    
   80.2500000       15.8594017    
   80.5000000       16.1600533    
   80.7500000       16.6597195    
   81.0000000       17.2705822    
   81.2500000       17.9083576    
   81.5000000       18.5028744    
   81.7500000       18.9874954    
   82.0000000       19.2955818    
   82.2500000       19.3814392    
   82.5000000       19.2831860    
   82.7500000       19.0598793    
   83.0000000       18.7705822    
   83.2500000       18.4784336    
   83.5000000       18.2628727    
   83.7500000       18.2074165    
   84.0000000       18.3955822    
   84.2500000       18.8970680    
   84.5000000       19.7263145    
   84.7500000       20.8839455    
   85.0000000       22.3705826    
   85.2500000       24.1829605    
   85.5000000       26.3022385    
   85.7500000       28.7056885    
   86.0000000       31.3705826    
   86.2500000       34.2555237    
   86.5000000       37.2444763    
   86.7500000       40.2027321    
   87.0000000       42.9955826    
   87.2500000       45.5207787    
   87.5000000       47.8058510    
   87.7500000       49.9107857    
   88.0000000       51.8955803    
   88.2500000       53.8290024    
   88.5000000       55.8149910    
   88.7500000       57.9662743    
   89.0000000       60.3955803    
   89.2500000       63.1706848    
   89.5000000       66.1795502    
   89.7500000       69.2651749    
   90.0000000       72.2705765    
   90.2500000       75.0644684    
   90.5000000       77.6184158    
   90.7500000       79.9296951    
   91.0000000       81.9955750    
   91.2500000       83.8288803    
   91.5000000       85.5046082    
   91.7500000       87.1133270    
   92.0000000       88.7455750    
   92.2500000       90.4895554    
   92.5000000       92.4240875    
   92.7500000       94.6256104    
   93.0000000       97.1705780    
   93.2500000       100.110550    
   93.5000000       103.397499    
   93.7500000       106.958488    
   94.0000000       110.720581    
   94.2500000       114.603035    
   94.5000000       118.493782    
   94.7500000       122.272926    
   95.0000000       125.820580    
   95.2500000       129.035172    
   95.5000000       131.888367    
   95.7500000       134.370163    
   96.0000000       136.470566    
   96.2500000       138.180923    
   96.5000000       139.498077    
   96.7500000       140.420242    
   97.0000000       140.945572    
   97.2500000       141.115707    
   97.5000000       141.145859    
   97.7500000       141.294601    
   98.0000000       141.820572    
   98.2500000       142.909744    
   98.5000000       144.457565    
   98.7500000       146.286880    
   99.0000000       148.220566    
   99.2500000       150.069534    
   99.5000000       151.597305    
   99.7500000       152.555450    
   100.000000       152.695572    
   100.250000       151.826111    
   100.500000       149.982864    
   100.750000       147.258484    
   101.000000       143.745575    
   101.250000       139.529114    
   101.500000       134.663406    
   101.750000       129.195023    
   102.000000       123.170578    
   102.250000       116.655457    
   102.500000       109.790108    
   102.750000       102.733742    
   103.000000       95.6455765    
   103.250000       88.6521912    
   103.500000       81.7496338    
   103.750000       74.9012985    
   104.000000       68.0705795    
   104.250000       61.2271957    
   104.500000       54.3660660    
   104.750000       47.4884453    
   105.000000       40.5955811    
   105.250000       33.6890831    
   105.500000       26.7720871    
   105.750000       19.8480835    

 "IV theory
   68.2500000       48.3753586    
   68.5000000       48.1955299    
   68.7500000       47.7266960    
   69.0000000       46.9888725    
   69.2500000       46.0051842    
   69.5000000       44.8111572    
   69.7500000       43.4454193    
   70.0000000       41.9466209    
   70.2500000       40.3532867    
   70.5000000       38.7035942    
   70.7500000       37.0356064    
   71.0000000       35.3873978    
   71.2500000       33.7950821    
   71.5000000       32.2869682    
   71.7500000       30.8893814    
   72.0000000       29.6286869    
   72.2500000       28.5274925    
   72.5000000       27.5935822    
   72.7500000       26.8310051    
   73.0000000       26.2438049    
   73.2500000       25.8343029    
   73.5000000       25.5978298    
   73.7500000       25.5279884    
   74.0000000       25.6183777    
   74.2500000       25.8626060    
   74.5000000       26.2543736    
   74.7500000       26.7873917    
   75.0000000       27.4553623    
   75.2500000       28.2512970    
   75.5000000       29.1653595    
   75.7500000       30.1870155    
   76.0000000       31.3057289    
   76.2500000       32.5096474    
   76.5000000       33.7816963    
   76.7500000       35.1034851    
   77.0000000       36.4566269    
   77.2500000       37.8221016    
   77.5000000       39.1783257    
   77.7500000       40.5030823    
   78.0000000       41.7741737    
   78.2500000       42.9694595    
   78.5000000       44.0671043    
   78.7500000       45.0453606    
   79.0000000       45.8824959    
   79.2500000       46.5602531    
   79.5000000       47.0744591    
   79.7500000       47.4244461    
   80.0000000       47.6095543    
   80.2500000       47.6357231    
   80.5000000       47.5353432    
   80.7500000       47.3474236    
   81.0000000       47.1109619    
   81.2500000       46.8681068    
   81.5000000       46.6736107    
   81.7500000       46.5853767    
   82.0000000       46.6612930    
   82.2500000       46.9590874    
   82.5000000       47.5357513    
   82.7500000       48.4481087    
   83.0000000       49.7529831    
   83.2500000       51.5006256    
   83.5000000       53.7150955    
   83.7500000       56.4138680    
   84.0000000       59.6144524    
   84.2500000       63.3219643    
   84.5000000       67.4920883    
   84.7500000       72.0681458    
   85.0000000       76.9934464    
   85.2500000       82.2054443    
   85.5000000       87.6181641    
   85.7500000       93.1397858    
   86.0000000       98.6784515    
   86.2500000       104.142578    
   86.5000000       109.441521    
   86.7500000       114.484947    
   87.0000000       119.182449    
   87.2500000       123.450882    
   87.5000000       127.236191    
   87.7500000       130.491440    
   88.0000000       133.169815    
   88.2500000       135.238174    
   88.5000000       136.718170    
   88.7500000       137.645264    
   89.0000000       138.054855    
   89.2500000       137.988846    
   89.5000000       137.514999    
   89.7500000       136.707550    
   90.0000000       135.640732    
   90.2500000       134.388580    
   90.5000000       133.024490    
   90.7500000       131.621643    
   91.0000000       130.253204    
   91.2500000       128.989456    
   91.5000000       127.888863    
   91.7500000       127.007034    
   92.0000000       126.399467    
   92.2500000       126.116173    
   92.5000000       126.184677    
   92.7500000       126.626923    
   93.0000000       127.464859    
   93.2500000       128.717834    
   93.5000000       130.394623    
   93.7500000       132.501373    
   94.0000000       135.044296    
   94.2500000       138.029556    
   94.5000000       141.463562    
   94.7500000       145.352768    
   95.0000000       149.703537    
   95.2500000       154.522263    
   95.5000000       159.814697    
   95.7500000       165.586594    
   96.0000000       171.843582    
   96.2500000       178.591141    
   96.5000000       185.833893    
   96.7500000       193.576218    
   97.0000000       201.822464    
   97.2500000       210.576996    
   97.5000000       219.843781    
   97.7500000       229.626770    
   98.0000000       239.929855    
   98.2500000       250.756897    
   98.5000000       262.111359    
   98.7500000       273.996582    
   99.0000000       286.415955    
   99.2500000       299.367767    
   99.5000000       312.829712    
   99.7500000       326.774658    
   100.000000       341.175201    
   100.250000       355.994507    
   100.500000       371.157227    
   100.750000       386.578339    
   101.000000       402.173004    
   101.250000       417.851685    
   101.500000       433.506592    
   101.750000       449.025391    
   102.000000       464.295807    
   102.250000       479.205658    
   102.500000       493.643738    
   102.750000       507.499084    
   103.000000       520.660522    
   103.250000       533.024414    
   103.500000       544.515564    
   103.750000       555.066223    
   104.000000       564.608459    
   104.250000       573.088135    
   104.500000       580.505310    
   104.750000       586.873718    
   105.000000       592.207092    
   105.250000       596.525635    
   105.500000       599.875000    
   105.750000       602.307434    

TitleText: Ni(001)-(5x5)-Li     Beam (4/5,3/5)            Rfac10=1.1313
 "IV exp
   68.2500000       52.1924019    
   68.5000000       59.4554939    
   68.7500000       66.5011292    
   69.0000000       73.2205811    
   69.2500000       79.5154114    
   69.5000000       85.3283539    
   69.7500000       90.6124039    
   70.0000000       95.3205719    
   70.2500000       99.3932343    
   70.5000000       102.720192    
   70.7500000       105.178589    
   71.0000000       106.645584    
   71.2500000       107.042526    
   71.5000000       106.467491    
   71.7500000       105.062752    
   72.0000000       102.970581    
   72.2500000       100.336342    
   72.5000000       97.3177261    
   72.7500000       94.0755463    
   73.0000000       90.7705841    
   73.2500000       87.5180359    
   73.5000000       84.2507172    
   73.7500000       80.8558273    
   74.0000000       77.2205734    
   74.2500000       73.2669296    
   74.5000000       69.0559921    
   74.7500000       64.6835938    
   75.0000000       60.2455788    
   75.2500000       55.8513412    
   75.5000000       51.6643944    
   75.7500000       47.8617973    
   76.0000000       44.6205826    
   76.2500000       42.0535126    
   76.5000000       40.0161514    
   76.7500000       38.2997513    
   77.0000000       36.6955833    
   77.2500000       35.0233307    
   77.5000000       33.2163773    
   77.7500000       31.2365265    
   78.0000000       29.0455818    
   78.2500000       26.6418896    
   78.5000000       24.1699600    
   78.7500000       21.8108425    
   79.0000000       19.7455826    
   79.2500000       18.1208820    
   79.5000000       16.9460258    
   79.7500000       16.1959476    
   80.0000000       15.8455811    
   80.2500000       15.8594017    
   80.5000000       16.1600533    
   80.7500000       16.6597195    
   81.0000000       17.2705822    
   81.2500000       17.9083576    
   81.5000000       18.5028744    
   81.7500000       18.9874954    
   82.0000000       19.2955818    
   82.2500000       19.3814392    
   82.5000000       19.2831860    
   82.7500000       19.0598793    
   83.0000000       18.7705822    
   83.2500000       18.4784336    
   83.5000000       18.2628727    
   83.7500000       18.2074165    
   84.0000000       18.3955822    
   84.2500000       18.8970680    
   84.5000000       19.7263145    
   84.7500000       20.8839455    
   85.0000000       22.3705826    
   85.2500000       24.1829605    
   85.5000000       26.3022385    
   85.7500000       28.7056885    
   86.0000000       31.3705826    
   86.2500000       34.2555237    
   86.5000000       37.2444763    
   86.7500000       40.2027321    
   87.0000000       42.9955826    
   87.2500000       45.5207787    
   87.5000000       47.8058510    
   87.7500000       49.9107857    
   88.0000000       51.8955803    
   88.2500000       53.8290024    
   88.5000000       55.8149910    
   88.7500000       57.9662743    
   89.0000000       60.3955803    
   89.2500000       63.1706848    
   89.5000000       66.1795502    
   89.7500000       69.2651749    
   90.0000000       72.2705765    
   90.2500000       75.0644684    
   90.5000000       77.6184158    
   90.7500000       79.9296951    
   91.0000000       81.9955750    
   91.2500000       83.8288803    
   91.5000000       85.5046082    
   91.7500000       87.1133270    
   92.0000000       88.7455750    
   92.2500000       90.4895554    
   92.5000000       92.4240875    
   92.7500000       94.6256104    
   93.0000000       97.1705780    
   93.2500000       100.110550    
   93.5000000       103.397499    
   93.7500000       106.958488    
   94.0000000       110.720581    
   94.2500000       114.603035    
   94.5000000       118.493782    
   94.7500000       122.272926    
   95.0000000       125.820580    
   95.2500000       129.035172    
   95.5000000       131.888367    
   95.7500000       134.370163    
   96.0000000       136.470566    
   96.2500000       138.180923    
   96.5000000       139.498077    
   96.7500000       140.420242    
   97.0000000       140.945572    
   97.2500000       141.115707    
   97.5000000       141.145859    
   97.7500000       141.294601    
   98.0000000       141.820572    
   98.2500000       142.909744    
   98.5000000       144.457565    
   98.7500000       146.286880    
   99.0000000       148.220566    
   99.2500000       150.069534    
   99.5000000       151.597305    
   99.7500000       152.555450    
   100.000000       152.695572    
   100.250000       151.826111    
   100.500000       149.982864    
   100.750000       147.258484    
   101.000000       143.745575    
   101.250000       139.529114    
   101.500000       134.663406    
   101.750000       129.195023    
   102.000000       123.170578    
   102.250000       116.655457    
   102.500000       109.790108    
   102.750000       102.733742    
   103.000000       95.6455765    
   103.250000       88.6521912    
   103.500000       81.7496338    
   103.750000       74.9012985    
   104.000000       68.0705795    
   104.250000       61.2271957    
   104.500000       54.3660660    
   104.750000       47.4884453    
   105.000000       40.5955811    
   105.250000       33.6890831    
   105.500000       26.7720871    
   105.750000       19.8480835    

 "IV theory
   68.2500000       76.1765900    
   68.5000000       76.0882416    
   68.7500000       75.8018036    
   69.0000000       75.3209076    
   69.2500000       74.6495667    
   69.5000000       73.7934265    
   69.7500000       72.7585754    
   70.0000000       71.5510712    
   70.2500000       70.1784210    
   70.5000000       68.6539078    
   70.7500000       66.9922180    
   71.0000000       65.2080688    
   71.2500000       63.3172150    
   71.5000000       61.3396149    
   71.7500000       59.2962570    
   72.0000000       57.2081642    
   72.2500000       55.0965385    
   72.5000000       52.9834213    
   72.7500000       50.8910522    
   73.0000000       48.8416748    
   73.2500000       46.8569412    
   73.5000000       44.9561310    
   73.7500000       43.1579437    
   74.0000000       41.4810638    
   74.2500000       39.9424820    
   74.5000000       38.5523987    
   74.7500000       37.3193283    
   75.0000000       36.2517586    
   75.2500000       35.3568993    
   75.5000000       34.6367607    
   75.7500000       34.0920486    
   76.0000000       33.7234764    
   76.2500000       33.5316162    
   76.5000000       33.5164986    
   76.7500000       33.6780243    
   77.0000000       34.0160828    
   77.2500000       34.5303154    
   77.5000000       35.2193222    
   77.7500000       36.0814514    
   78.0000000       37.1150360    
   78.2500000       38.3175163    
   78.5000000       39.6826210    
   78.7500000       41.2031670    
   79.0000000       42.8719559    
   79.2500000       44.6811371    
   79.5000000       46.6201057    
   79.7500000       48.6775742    
   80.0000000       50.8422775    
   80.2500000       53.1028252    
   80.5000000       55.4474640    
   80.7500000       57.8643532    
   81.0000000       60.3416367    
   81.2500000       62.8675156    
   81.5000000       65.4303818    
   81.7500000       68.0186844    
   82.0000000       70.6208801    
   82.2500000       73.2254791    
   82.5000000       75.8213425    
   82.7500000       78.3973618    
   83.0000000       80.9424667    
   83.2500000       83.4456406    
   83.5000000       85.8961639    
   83.7500000       88.2833633    
   84.0000000       90.5965958    
   84.2500000       92.8251724    
   84.5000000       94.9584122    
   84.7500000       96.9855576    
   85.0000000       98.8959122    
   85.2500000       100.678886    
   85.5000000       102.324608    
   85.7500000       103.823303    
   86.0000000       105.165222    
   86.2500000       106.341118    
   86.5000000       107.343689    
   86.7500000       108.166130    
   87.0000000       108.801636    
   87.2500000       109.243797    
   87.5000000       109.487831    
   87.7500000       109.529320    
   88.0000000       109.363899    
   88.2500000       108.987106    
   88.5000000       108.394295    
   88.7500000       107.580711    
   89.0000000       106.541679    
   89.2500000       105.273361    
   89.5000000       103.775528    
   89.7500000       102.048836    
   90.0000000       100.093925    
   90.2500000       97.9142685    
   90.5000000       95.5244904    
   90.7500000       92.9420471    
   91.0000000       90.1843491    
   91.2500000       87.2709122    
   91.5000000       84.2294617    
   91.7500000       81.0898132    
   92.0000000       77.8817596    
   92.2500000       74.6355286    
   92.5000000       71.3829193    
   92.7500000       68.1561737    
   93.0000000       64.9875259    
   93.2500000       61.9080315    
   93.5000000       58.9440956    
   93.7500000       56.1209335    
   94.0000000       53.4637871    
   94.2500000       50.9945335    
   94.5000000       48.7216187    
   94.7500000       46.6501389    
   95.0000000       44.7851830    
   95.2500000       43.1293144    
   95.5000000       41.6749153    
   95.7500000       40.4118462    
   96.0000000       39.3299561    
   96.2500000       38.4187469    
   96.5000000       37.6663208    
   96.7500000       37.0604134    
   97.0000000       36.5887756    
   97.2500000       36.2393646    
   97.5000000       36.0010338    
   97.7500000       35.8628426    
   98.0000000       35.8138657    
   98.2500000       35.8435783    
   98.5000000       35.9430962    
   98.7500000       36.1039429    
   99.0000000       36.3176498    
   99.2500000       36.5760880    
   99.5000000       36.8725204    
   99.7500000       37.2005577    
   100.000000       37.5538063    
   100.250000       37.9258804    
   100.500000       38.3103065    
   100.750000       38.7006302    
   101.000000       39.0903854    
   101.250000       39.4735718    
   101.500000       39.8460732    
   101.750000       40.2042656    
   102.000000       40.5444946    
   102.250000       40.8646049    
   102.500000       41.1683807    
   102.750000       41.4610672    
   103.000000       41.7479248    
   103.250000       42.0353050    
   103.500000       42.3339157    
   103.750000       42.6555634    
   104.000000       43.0120583    
   104.250000       43.4154091    
   104.500000       43.8785248    
   104.750000       44.4145241    
   105.000000       45.0365219    
   105.250000       45.7569695    
   105.500000       46.5856857    
   105.750000       47.5317955    

TitleText: Ni(001)-(5x5)-Li     Beam (4/5,3/5)            Rfac10=0.3913
 "IV exp
   68.2500000       52.1924019    
   68.5000000       59.4554939    
   68.7500000       66.5011292    
   69.0000000       73.2205811    
   69.2500000       79.5154114    
   69.5000000       85.3283539    
   69.7500000       90.6124039    
   70.0000000       95.3205719    
   70.2500000       99.3932343    
   70.5000000       102.720192    
   70.7500000       105.178589    
   71.0000000       106.645584    
   71.2500000       107.042526    
   71.5000000       106.467491    
   71.7500000       105.062752    
   72.0000000       102.970581    
   72.2500000       100.336342    
   72.5000000       97.3177261    
   72.7500000       94.0755463    
   73.0000000       90.7705841    
   73.2500000       87.5180359    
   73.5000000       84.2507172    
   73.7500000       80.8558273    
   74.0000000       77.2205734    
   74.2500000       73.2669296    
   74.5000000       69.0559921    
   74.7500000       64.6835938    
   75.0000000       60.2455788    
   75.2500000       55.8513412    
   75.5000000       51.6643944    
   75.7500000       47.8617973    
   76.0000000       44.6205826    
   76.2500000       42.0535126    
   76.5000000       40.0161514    
   76.7500000       38.2997513    
   77.0000000       36.6955833    
   77.2500000       35.0233307    
   77.5000000       33.2163773    
   77.7500000       31.2365265    
   78.0000000       29.0455818    
   78.2500000       26.6418896    
   78.5000000       24.1699600    
   78.7500000       21.8108425    
   79.0000000       19.7455826    
   79.2500000       18.1208820    
   79.5000000       16.9460258    
   79.7500000       16.1959476    
   80.0000000       15.8455811    
   80.2500000       15.8594017    
   80.5000000       16.1600533    
   80.7500000       16.6597195    
   81.0000000       17.2705822    
   81.2500000       17.9083576    
   81.5000000       18.5028744    
   81.7500000       18.9874954    
   82.0000000       19.2955818    
   82.2500000       19.3814392    
   82.5000000       19.2831860    
   82.7500000       19.0598793    
   83.0000000       18.7705822    
   83.2500000       18.4784336    
   83.5000000       18.2628727    
   83.7500000       18.2074165    
   84.0000000       18.3955822    
   84.2500000       18.8970680    
   84.5000000       19.7263145    
   84.7500000       20.8839455    
   85.0000000       22.3705826    
   85.2500000       24.1829605    
   85.5000000       26.3022385    
   85.7500000       28.7056885    
   86.0000000       31.3705826    
   86.2500000       34.2555237    
   86.5000000       37.2444763    
   86.7500000       40.2027321    
   87.0000000       42.9955826    
   87.2500000       45.5207787    
   87.5000000       47.8058510    
   87.7500000       49.9107857    
   88.0000000       51.8955803    
   88.2500000       53.8290024    
   88.5000000       55.8149910    
   88.7500000       57.9662743    
   89.0000000       60.3955803    
   89.2500000       63.1706848    
   89.5000000       66.1795502    
   89.7500000       69.2651749    
   90.0000000       72.2705765    
   90.2500000       75.0644684    
   90.5000000       77.6184158    
   90.7500000       79.9296951    
   91.0000000       81.9955750    
   91.2500000       83.8288803    
   91.5000000       85.5046082    
   91.7500000       87.1133270    
   92.0000000       88.7455750    
   92.2500000       90.4895554    
   92.5000000       92.4240875    
   92.7500000       94.6256104    
   93.0000000       97.1705780    
   93.2500000       100.110550    
   93.5000000       103.397499    
   93.7500000       106.958488    
   94.0000000       110.720581    
   94.2500000       114.603035    
   94.5000000       118.493782    
   94.7500000       122.272926    
   95.0000000       125.820580    
   95.2500000       129.035172    
   95.5000000       131.888367    
   95.7500000       134.370163    
   96.0000000       136.470566    
   96.2500000       138.180923    
   96.5000000       139.498077    
   96.7500000       140.420242    
   97.0000000       140.945572    
   97.2500000       141.115707    
   97.5000000       141.145859    
   97.7500000       141.294601    
   98.0000000       141.820572    
   98.2500000       142.909744    
   98.5000000       144.457565    
   98.7500000       146.286880    
   99.0000000       148.220566    
   99.2500000       150.069534    
   99.5000000       151.597305    
   99.7500000       152.555450    
   100.000000       152.695572    
   100.250000       151.826111    
   100.500000       149.982864    
   100.750000       147.258484    
   101.000000       143.745575    
   101.250000       139.529114    
   101.500000       134.663406    
   101.750000       129.195023    
   102.000000       123.170578    
   102.250000       116.655457    
   102.500000       109.790108    
   102.750000       102.733742    
   103.000000       95.6455765    
   103.250000       88.6521912    
   103.500000       81.7496338    
   103.750000       74.9012985    
   104.000000       68.0705795    
   104.250000       61.2271957    
   104.500000       54.3660660    
   104.750000       47.4884453    
   105.000000       40.5955811    
   105.250000       33.6890831    
   105.500000       26.7720871    
   105.750000       19.8480835    

 "IV theory
   68.2500000       47.0581856    
   68.5000000       44.6867142    
   68.7500000       42.5610771    
   69.0000000       40.6748962    
   69.2500000       39.0205269    
   69.5000000       37.5853729    
   69.7500000       36.3555756    
   70.0000000       35.3172989    
   70.2500000       34.4568138    
   70.5000000       33.7608910    
   70.7500000       33.2164154    
   71.0000000       32.8102798    
   71.2500000       32.5288506    
   71.5000000       32.3564301    
   71.7500000       32.2767982    
   72.0000000       32.2737274    
   72.2500000       32.3305893    
   72.5000000       32.4290962    
   72.7500000       32.5505409    
   73.0000000       32.6762276    
   73.2500000       32.7872086    
   73.5000000       32.8635445    
   73.7500000       32.8850708    
   74.0000000       32.8316040    
   74.2500000       32.6837006    
   74.5000000       32.4248161    
   74.7500000       32.0391502    
   75.0000000       31.5108871    
   75.2500000       30.8274994    
   75.5000000       29.9895515    
   75.7500000       29.0009003    
   76.0000000       27.8653965    
   76.2500000       26.5902328    
   76.5000000       25.1959991    
   76.7500000       23.7066269    
   77.0000000       22.1460514    
   77.2500000       20.5391121    
   77.5000000       18.9142742    
   77.7500000       17.3009052    
   78.0000000       15.7283735    
   78.2500000       14.2253389    
   78.5000000       12.8176212    
   78.7500000       11.5303345    
   79.0000000       10.3885870    
   79.2500000       9.41489029    
   79.5000000       8.62133598    
   79.7500000       8.01742077    
   80.0000000       7.61263323    
   80.2500000       7.41374874    
   80.5000000       7.41666555    
   80.7500000       7.61456680    
   81.0000000       8.00063133    
   81.2500000       8.56736374    
   81.5000000       9.30455303    
   81.7500000       10.2013130    
   82.0000000       11.2467527    
   82.2500000       12.4302940    
   82.5000000       13.7425804    
   82.7500000       15.1745653    
   83.0000000       16.7171974    
   83.2500000       18.3623123    
   83.5000000       20.1052704    
   83.7500000       21.9423161    
   84.0000000       23.8696861    
   84.2500000       25.8845558    
   84.5000000       27.9878063    
   84.7500000       30.1812401    
   85.0000000       32.4666634    
   85.2500000       34.8461647    
   85.5000000       37.3229446    
   85.7500000       39.9004707    
   86.0000000       42.5822258    
   86.2500000       45.3713303    
   86.5000000       48.2694931    
   86.7500000       51.2780647    
   87.0000000       54.3983879    
   87.2500000       57.6303596    
   87.5000000       60.9680214    
   87.7500000       64.4039612    
   88.0000000       67.9307632    
   88.2500000       71.5395126    
   88.5000000       75.2153091    
   88.7500000       78.9417648    
   89.0000000       82.7024841    
   89.2500000       86.4806442    
   89.5000000       90.2577591    
   89.7500000       94.0148697    
   90.0000000       97.7330933    
   90.2500000       101.393906    
   90.5000000       104.980377    
   90.7500000       108.476013    
   91.0000000       111.864304    
   91.2500000       115.130318    
   91.5000000       118.265350    
   91.7500000       121.262299    
   92.0000000       124.114006    
   92.2500000       126.814995    
   92.5000000       129.366180    
   92.7500000       131.770111    
   93.0000000       134.029327    
   93.2500000       136.146851    
   93.5000000       138.127441    
   93.7500000       139.976303    
   94.0000000       141.698700    
   94.2500000       143.299438    
   94.5000000       144.781723    
   94.7500000       146.148346    
   95.0000000       147.402115    
   95.2500000       148.544250    
   95.5000000       149.569702    
   95.7500000       150.471909    
   96.0000000       151.244202    
   96.2500000       151.878433    
   96.5000000       152.360031    
   96.7500000       152.672867    
   97.0000000       152.800842    
   97.2500000       152.727249    
   97.5000000       152.433334    
   97.7500000       151.899719    
   98.0000000       151.107071    
   98.2500000       150.036957    
   98.5000000       148.674408    
   98.7500000       147.005417    
   99.0000000       145.015930    
   99.2500000       142.695694    
   99.5000000       140.049484    
   99.7500000       137.085861    
   100.000000       133.813431    
   100.250000       130.244583    
   100.500000       126.407303    
   100.750000       122.333321    
   101.000000       118.054451    
   101.250000       113.603523    
   101.500000       109.017448    
   101.750000       104.334152    
   102.000000       99.5915756    
   102.250000       94.8269424    
   102.500000       90.0746689    
   102.750000       85.3684082    
   103.000000       80.7418442    
   103.250000       76.2261276    
   103.500000       71.8424072    
   103.750000       67.6092758    
   104.000000       63.5453186    
   104.250000       59.6665497    
   104.500000       55.9785194    
   104.750000       52.4841537    
   105.000000       49.1864166    
   105.250000       46.0875168    
   105.500000       43.1868095    
   105.750000       40.4829102    

TitleText: Ni(001)-(5x5)-Li     Beam (4/5,3/5)            Rfac10=0.7759
 "IV exp
   68.2500000       52.1924019    
   68.5000000       59.4554939    
   68.7500000       66.5011292    
   69.0000000       73.2205811    
   69.2500000       79.5154114    
   69.5000000       85.3283539    
   69.7500000       90.6124039    
   70.0000000       95.3205719    
   70.2500000       99.3932343    
   70.5000000       102.720192    
   70.7500000       105.178589    
   71.0000000       106.645584    
   71.2500000       107.042526    
   71.5000000       106.467491    
   71.7500000       105.062752    
   72.0000000       102.970581    
   72.2500000       100.336342    
   72.5000000       97.3177261    
   72.7500000       94.0755463    
   73.0000000       90.7705841    
   73.2500000       87.5180359    
   73.5000000       84.2507172    
   73.7500000       80.8558273    
   74.0000000       77.2205734    
   74.2500000       73.2669296    
   74.5000000       69.0559921    
   74.7500000       64.6835938    
   75.0000000       60.2455788    
   75.2500000       55.8513412    
   75.5000000       51.6643944    
   75.7500000       47.8617973    
   76.0000000       44.6205826    
   76.2500000       42.0535126    
   76.5000000       40.0161514    
   76.7500000       38.2997513    
   77.0000000       36.6955833    
   77.2500000       35.0233307    
   77.5000000       33.2163773    
   77.7500000       31.2365265    
   78.0000000       29.0455818    
   78.2500000       26.6418896    
   78.5000000       24.1699600    
   78.7500000       21.8108425    
   79.0000000       19.7455826    
   79.2500000       18.1208820    
   79.5000000       16.9460258    
   79.7500000       16.1959476    
   80.0000000       15.8455811    
   80.2500000       15.8594017    
   80.5000000       16.1600533    
   80.7500000       16.6597195    
   81.0000000       17.2705822    
   81.2500000       17.9083576    
   81.5000000       18.5028744    
   81.7500000       18.9874954    
   82.0000000       19.2955818    
   82.2500000       19.3814392    
   82.5000000       19.2831860    
   82.7500000       19.0598793    
   83.0000000       18.7705822    
   83.2500000       18.4784336    
   83.5000000       18.2628727    
   83.7500000       18.2074165    
   84.0000000       18.3955822    
   84.2500000       18.8970680    
   84.5000000       19.7263145    
   84.7500000       20.8839455    
   85.0000000       22.3705826    
   85.2500000       24.1829605    
   85.5000000       26.3022385    
   85.7500000       28.7056885    
   86.0000000       31.3705826    
   86.2500000       34.2555237    
   86.5000000       37.2444763    
   86.7500000       40.2027321    
   87.0000000       42.9955826    
   87.2500000       45.5207787    
   87.5000000       47.8058510    
   87.7500000       49.9107857    
   88.0000000       51.8955803    
   88.2500000       53.8290024    
   88.5000000       55.8149910    
   88.7500000       57.9662743    
   89.0000000       60.3955803    
   89.2500000       63.1706848    
   89.5000000       66.1795502    
   89.7500000       69.2651749    
   90.0000000       72.2705765    
   90.2500000       75.0644684    
   90.5000000       77.6184158    
   90.7500000       79.9296951    
   91.0000000       81.9955750    
   91.2500000       83.8288803    
   91.5000000       85.5046082    
   91.7500000       87.1133270    
   92.0000000       88.7455750    
   92.2500000       90.4895554    
   92.5000000       92.4240875    
   92.7500000       94.6256104    
   93.0000000       97.1705780    
   93.2500000       100.110550    
   93.5000000       103.397499    
   93.7500000       106.958488    
   94.0000000       110.720581    
   94.2500000       114.603035    
   94.5000000       118.493782    
   94.7500000       122.272926    
   95.0000000       125.820580    
   95.2500000       129.035172    
   95.5000000       131.888367    
   95.7500000       134.370163    
   96.0000000       136.470566    
   96.2500000       138.180923    
   96.5000000       139.498077    
   96.7500000       140.420242    
   97.0000000       140.945572    
   97.2500000       141.115707    
   97.5000000       141.145859    
   97.7500000       141.294601    
   98.0000000       141.820572    
   98.2500000       142.909744    
   98.5000000       144.457565    
   98.7500000       146.286880    
   99.0000000       148.220566    
   99.2500000       150.069534    
   99.5000000       151.597305    
   99.7500000       152.555450    
   100.000000       152.695572    
   100.250000       151.826111    
   100.500000       149.982864    
   100.750000       147.258484    
   101.000000       143.745575    
   101.250000       139.529114    
   101.500000       134.663406    
   101.750000       129.195023    
   102.000000       123.170578    
   102.250000       116.655457    
   102.500000       109.790108    
   102.750000       102.733742    
   103.000000       95.6455765    
   103.250000       88.6521912    
   103.500000       81.7496338    
   103.750000       74.9012985    
   104.000000       68.0705795    
   104.250000       61.2271957    
   104.500000       54.3660660    
   104.750000       47.4884453    
   105.000000       40.5955811    
   105.250000       33.6890831    
   105.500000       26.7720871    
   105.750000       19.8480835    

 "IV theory
   68.2500000       9.53846264    
   68.5000000       8.50988770    
   68.7500000       7.66127396    
   69.0000000       6.98938656    
   69.2500000       6.49090052    
   69.5000000       6.16214418    
   69.7500000       5.99935770    
   70.0000000       5.99878407    
   70.2500000       6.15662479    
   70.5000000       6.46893024    
   70.7500000       6.93171358    
   71.0000000       7.54098463    
   71.2500000       8.29274273    
   71.5000000       9.18292332    
   71.7500000       10.2074509    
   72.0000000       11.3622465    
   72.2500000       12.6422548    
   72.5000000       14.0385132    
   72.7500000       15.5410767    
   73.0000000       17.1400013    
   73.2500000       18.8234940    
   73.5000000       20.5723534    
   73.7500000       22.3655243    
   74.0000000       24.1819668    
   74.2500000       25.9997292    
   74.5000000       27.7933064    
   74.7500000       29.5363045    
   75.0000000       31.2023277    
   75.2500000       32.7650299    
   75.5000000       34.1982880    
   75.7500000       35.4760361    
   76.0000000       36.5721931    
   76.2500000       37.4632034    
   76.5000000       38.1354866    
   76.7500000       38.5779762    
   77.0000000       38.7796059    
   77.2500000       38.7340546    
   77.5000000       38.4540024    
   77.7500000       37.9568825    
   78.0000000       37.2601280    
   78.2500000       36.3834381    
   78.5000000       35.3555641    
   78.7500000       34.2075348    
   79.0000000       32.9703674    
   79.2500000       31.6750088    
   79.5000000       30.3521347    
   79.7500000       29.0323372    
   80.0000000       27.7462120    
   80.2500000       26.5222168    
   80.5000000       25.3802338    
   80.7500000       24.3380070    
   81.0000000       23.4132729    
   81.2500000       22.6196938    
   81.5000000       21.9545803    
   81.7500000       21.4111633    
   82.0000000       20.9826679    
   82.2500000       20.6603775    
   82.5000000       20.4277954    
   82.7500000       20.2664833    
   83.0000000       20.1580009    
   83.2500000       20.0839577    
   83.5000000       20.0261936    
   83.7500000       19.9665928    
   84.0000000       19.8870506    
   84.2500000       19.7709446    
   84.5000000       19.6076221    
   84.7500000       19.3879299    
   85.0000000       19.1027031    
   85.2500000       18.7456379    
   85.5000000       18.3218193    
   85.7500000       17.8391876    
   86.0000000       17.3056870    
   86.2500000       16.7306023    
   86.5000000       16.1286392    
   86.7500000       15.5158491    
   87.0000000       14.9082813    
   87.2500000       14.3219681    
   87.5000000       13.7728357    
   87.7500000       13.2767839    
   88.0000000       12.8497200    
   88.2500000       12.5073395    
   88.5000000       12.2645197    
   88.7500000       12.1359301    
   89.0000000       12.1362448    
   89.2500000       12.2797279    
   89.5000000       12.5790234    
   89.7500000       13.0463734    
   90.0000000       13.6940136    
   90.2500000       14.5339994    
   90.5000000       15.5776644    
   90.7500000       16.8361511    
   91.0000000       18.3206100    
   91.2500000       20.0421600    
   91.5000000       22.0118046    
   91.7500000       24.2405281    
   92.0000000       26.7392998    
   92.2500000       29.5172062    
   92.5000000       32.5756950    
   92.7500000       35.9143295    
   93.0000000       39.5326691    
   93.2500000       43.4266548    
   93.5000000       47.5777817    
   93.7500000       51.9639244    
   94.0000000       56.5629578    
   94.2500000       61.3510551    
   94.5000000       66.2975311    
   94.7500000       71.3699799    
   95.0000000       76.5359955    
   95.2500000       81.7632065    
   95.5000000       87.0193100    
   95.7500000       92.2720413    
   96.0000000       97.4891281    
   96.2500000       102.637924    
   96.5000000       107.684235    
   96.7500000       112.593483    
   97.0000000       117.331108    
   97.2500000       121.861832    
   97.5000000       126.147591    
   97.7500000       130.149643    
   98.0000000       133.829224    
   98.2500000       137.147202    
   98.5000000       140.062958    
   98.7500000       142.535492    
   99.0000000       144.523773    
   99.2500000       145.986969    
   99.5000000       146.884781    
   99.7500000       147.177124    
   100.000000       146.823883    
   100.250000       145.793884    
   100.500000       144.091599    
   100.750000       141.730484    
   101.000000       138.724014    
   101.250000       135.102524    
   101.500000       130.964020    
   101.750000       126.423523    
   102.000000       121.595963    
   102.250000       116.604416    
   102.500000       111.604378    
   102.750000       106.759445    
   103.000000       102.233238    
   103.250000       98.1889801    
   103.500000       94.7883759    
   103.750000       92.1927414    
   104.000000       90.5634003    
   104.250000       90.0460968    
   104.500000       90.7243347    
   104.750000       92.6660309    
   105.000000       95.9390640    
   105.250000       100.581795    
   105.500000       106.514053    
   105.750000       113.626144    

TitleText: Ni(001)-(5x5)-Li     Beam (4/5,3/5)            Rfac10=0.6431
 "IV exp
   68.2500000       52.1924019    
   68.5000000       59.4554939    
   68.7500000       66.5011292    
   69.0000000       73.2205811    
   69.2500000       79.5154114    
   69.5000000       85.3283539    
   69.7500000       90.6124039    
   70.0000000       95.3205719    
   70.2500000       99.3932343    
   70.5000000       102.720192    
   70.7500000       105.178589    
   71.0000000       106.645584    
   71.2500000       107.042526    
   71.5000000       106.467491    
   71.7500000       105.062752    
   72.0000000       102.970581    
   72.2500000       100.336342    
   72.5000000       97.3177261    
   72.7500000       94.0755463    
   73.0000000       90.7705841    
   73.2500000       87.5180359    
   73.5000000       84.2507172    
   73.7500000       80.8558273    
   74.0000000       77.2205734    
   74.2500000       73.2669296    
   74.5000000       69.0559921    
   74.7500000       64.6835938    
   75.0000000       60.2455788    
   75.2500000       55.8513412    
   75.5000000       51.6643944    
   75.7500000       47.8617973    
   76.0000000       44.6205826    
   76.2500000       42.0535126    
   76.5000000       40.0161514    
   76.7500000       38.2997513    
   77.0000000       36.6955833    
   77.2500000       35.0233307    
   77.5000000       33.2163773    
   77.7500000       31.2365265    
   78.0000000       29.0455818    
   78.2500000       26.6418896    
   78.5000000       24.1699600    
   78.7500000       21.8108425    
   79.0000000       19.7455826    
   79.2500000       18.1208820    
   79.5000000       16.9460258    
   79.7500000       16.1959476    
   80.0000000       15.8455811    
   80.2500000       15.8594017    
   80.5000000       16.1600533    
   80.7500000       16.6597195    
   81.0000000       17.2705822    
   81.2500000       17.9083576    
   81.5000000       18.5028744    
   81.7500000       18.9874954    
   82.0000000       19.2955818    
   82.2500000       19.3814392    
   82.5000000       19.2831860    
   82.7500000       19.0598793    
   83.0000000       18.7705822    
   83.2500000       18.4784336    
   83.5000000       18.2628727    
   83.7500000       18.2074165    
   84.0000000       18.3955822    
   84.2500000       18.8970680    
   84.5000000       19.7263145    
   84.7500000       20.8839455    
   85.0000000       22.3705826    
   85.2500000       24.1829605    
   85.5000000       26.3022385    
   85.7500000       28.7056885    
   86.0000000       31.3705826    
   86.2500000       34.2555237    
   86.5000000       37.2444763    
   86.7500000       40.2027321    
   87.0000000       42.9955826    
   87.2500000       45.5207787    
   87.5000000       47.8058510    
   87.7500000       49.9107857    
   88.0000000       51.8955803    
   88.2500000       53.8290024    
   88.5000000       55.8149910    
   88.7500000       57.9662743    
   89.0000000       60.3955803    
   89.2500000       63.1706848    
   89.5000000       66.1795502    
   89.7500000       69.2651749    
   90.0000000       72.2705765    
   90.2500000       75.0644684    
   90.5000000       77.6184158    
   90.7500000       79.9296951    
   91.0000000       81.9955750    
   91.2500000       83.8288803    
   91.5000000       85.5046082    
   91.7500000       87.1133270    
   92.0000000       88.7455750    
   92.2500000       90.4895554    
   92.5000000       92.4240875    
   92.7500000       94.6256104    
   93.0000000       97.1705780    
   93.2500000       100.110550    
   93.5000000       103.397499    
   93.7500000       106.958488    
   94.0000000       110.720581    
   94.2500000       114.603035    
   94.5000000       118.493782    
   94.7500000       122.272926    
   95.0000000       125.820580    
   95.2500000       129.035172    
   95.5000000       131.888367    
   95.7500000       134.370163    
   96.0000000       136.470566    
   96.2500000       138.180923    
   96.5000000       139.498077    
   96.7500000       140.420242    
   97.0000000       140.945572    
   97.2500000       141.115707    
   97.5000000       141.145859    
   97.7500000       141.294601    
   98.0000000       141.820572    
   98.2500000       142.909744    
   98.5000000       144.457565    
   98.7500000       146.286880    
   99.0000000       148.220566    
   99.2500000       150.069534    
   99.5000000       151.597305    
   99.7500000       152.555450    
   100.000000       152.695572    
   100.250000       151.826111    
   100.500000       149.982864    
   100.750000       147.258484    
   101.000000       143.745575    
   101.250000       139.529114    
   101.500000       134.663406    
   101.750000       129.195023    
   102.000000       123.170578    
   102.250000       116.655457    
   102.500000       109.790108    
   102.750000       102.733742    
   103.000000       95.6455765    
   103.250000       88.6521912    
   103.500000       81.7496338    
   103.750000       74.9012985    
   104.000000       68.0705795    
   104.250000       61.2271957    
   104.500000       54.3660660    
   104.750000       47.4884453    
   105.000000       40.5955811    
   105.250000       33.6890831    
   105.500000       26.7720871    
   105.750000       19.8480835    

 "IV theory
   68.2500000       17.2343693    
   68.5000000       16.7244606    
   68.7500000       16.2214527    
   69.0000000       15.7279119    
   69.2500000       15.2464104    
   69.5000000       14.7795324    
   69.7500000       14.3298635    
   70.0000000       13.8999920    
   70.2500000       13.4923744    
   70.5000000       13.1089516    
   70.7500000       12.7515430    
   71.0000000       12.4219646    
   71.2500000       12.1217508    
   71.5000000       11.8513212    
   71.7500000       11.6108150    
   72.0000000       11.4003763    
   72.2500000       11.2199869    
   72.5000000       11.0690336    
   72.7500000       10.9467411    
   73.0000000       10.8523388    
   73.2500000       10.7850504    
   73.5000000       10.7440901    
   73.7500000       10.7286682    
   74.0000000       10.7379923    
   74.2500000       10.7712412    
   74.5000000       10.8274670    
   74.7500000       10.9056883    
   75.0000000       11.0049229    
   75.2500000       11.1241188    
   75.5000000       11.2619362    
   75.7500000       11.4169664    
   76.0000000       11.5877981    
   76.2500000       11.7729807    
   76.5000000       11.9709129    
   76.7500000       12.1799517    
   77.0000000       12.3984594    
   77.2500000       12.6247911    
   77.5000000       12.8572941    
   77.7500000       13.0943165    
   78.0000000       13.3342037    
   78.2500000       13.5753479    
   78.5000000       13.8163033    
   78.7500000       14.0556755    
   79.0000000       14.2920675    
   79.2500000       14.5241728    
   79.5000000       14.7510538    
   79.7500000       14.9718628    
   80.0000000       15.1857557    
   80.2500000       15.3919344    
   80.5000000       15.5898066    
   80.7500000       15.7788305    
   81.0000000       15.9584608    
   81.2500000       16.1281528    
   81.5000000       16.2873650    
   81.7500000       16.4355526    
   82.0000000       16.5721626    
   82.2500000       16.6967201    
   82.5000000       16.8089752    
   82.7500000       16.9087467    
   83.0000000       16.9958534    
   83.2500000       17.0702381    
   83.5000000       17.1323738    
   83.7500000       17.1828480    
   84.0000000       17.2222595    
   84.2500000       17.2512798    
   84.5000000       17.2708893    
   84.7500000       17.2821445    
   85.0000000       17.2860966    
   85.2500000       17.2837887    
   85.5000000       17.2761745    
   85.7500000       17.2642059    
   86.0000000       17.2488213    
   86.2500000       17.2317944    
   86.5000000       17.2182331    
   86.7500000       17.2140656    
   87.0000000       17.2252350    
   87.2500000       17.2594891    
   87.5000000       17.3318367    
   87.7500000       17.4591064    
   88.0000000       17.6581249    
   88.2500000       17.9466858    
   88.5000000       18.3464699    
   88.7500000       18.8801308    
   89.0000000       19.5703182    
   89.2500000       20.4397583    
   89.5000000       21.5114803    
   89.7500000       22.8085785    
   90.0000000       24.3541527    
   90.2500000       26.1693516    
   90.5000000       28.2674847    
   90.7500000       30.6599178    
   91.0000000       33.3580093    
   91.2500000       36.3688889    
   91.5000000       39.6827354    
   91.7500000       43.2854881    
   92.0000000       47.1631050    
   92.2500000       51.2992287    
   92.5000000       55.6682930    
   92.7500000       60.2424545    
   93.0000000       64.9938583    
   93.2500000       69.8945770    
   93.5000000       74.9164200    
   93.7500000       80.0311203    
   94.0000000       85.2103958    
   94.2500000       90.4263535    
   94.5000000       95.6523056    
   94.7500000       100.861954    
   95.0000000       106.028969    
   95.2500000       111.127701    
   95.5000000       116.135101    
   95.7500000       121.028809    
   96.0000000       125.786476    
   96.2500000       130.386078    
   96.5000000       134.807144    
   96.7500000       139.029587    
   97.0000000       143.033325    
   97.2500000       146.798203    
   97.5000000       150.303879    
   97.7500000       153.529938    
   98.0000000       156.455963    
   98.2500000       159.063995    
   98.5000000       161.345932    
   98.7500000       163.296005    
   99.0000000       164.908524    
   99.2500000       166.183151    
   99.5000000       167.140808    
   99.7500000       167.807877    
   100.000000       168.210632    
   100.250000       168.378311    
   100.500000       168.351562    
   100.750000       168.174011    
   101.000000       167.889252    
   101.250000       167.540985    
   101.500000       167.173569    
   101.750000       166.831436    
   102.000000       166.559052    
   102.250000       166.398056    
   102.500000       166.378754    
   102.750000       166.528610    
   103.000000       166.875122    
   103.250000       167.439667    
   103.500000       168.219162    
   103.750000       169.204483    
   104.000000       170.386475    
   104.250000       171.752686    
   104.500000       173.277344    
   104.750000       174.931488    
   105.000000       176.686035    
   105.250000       178.511856    
   105.500000       180.379364    
   105.750000       182.258835    

