TitleText: Ni(001)-(5x5)-Li     Beam (1,4/5)              Rfac10=0.1974
 "IV exp
   72.2500000       681.727173    
   72.5000000       678.999512    
   72.7500000       676.342163    
   73.0000000       673.790039    
   73.2500000       671.432373    
   73.5000000       669.574097    
   73.7500000       668.573730    
   74.0000000       668.790039    
   74.2500000       670.574585    
   74.5000000       674.250488    
   74.7500000       680.133667    
   75.0000000       688.540039    
   75.2500000       699.693359    
   75.5000000       713.448608    
   75.7500000       729.568237    
   76.0000000       747.815063    
   76.2500000       767.943359    
   76.5000000       789.673828    
   76.7500000       812.718628    
   77.0000000       836.790039    
   77.2500000       861.569702    
   77.5000000       886.618164    
   77.7500000       911.464844    
   78.0000000       935.640015    
   78.2500000       958.671875    
   78.5000000       980.084229    
   78.7500000       999.399414    
   79.0000000       1016.14001    
   79.2500000       1029.92993    
   79.5000000       1040.80042    
   79.7500000       1048.88452    
   80.0000000       1054.31506    
   80.2500000       1057.21643    
   80.5000000       1057.67896    
   80.7500000       1055.78455    
   81.0000000       1051.61511    
   81.2500000       1045.16858    
   81.5000000       1036.10840    
   81.7500000       1024.01404    
   82.0000000       1008.46509    
   82.2500000       989.357910    
   82.5000000       967.856079    
   82.7500000       945.440063    
   83.0000000       923.590088    
   83.2500000       903.508667    
   83.5000000       885.285767    
   83.7500000       868.733887    
   84.0000000       853.665039    
   84.2500000       839.581299    
   84.5000000       824.744263    
   84.7500000       807.104980    
   85.0000000       784.615112    
   85.2500000       755.933838    
   85.5000000       722.552856    
   85.7500000       686.671631    
   86.0000000       650.489990    
   86.2500000       615.950684    
   86.5000000       583.969360    
   86.7500000       555.204468    
   87.0000000       530.315063    
   87.2500000       509.642151    
   87.5000000       492.257050    
   87.7500000       476.913422    
   88.0000000       462.365051    
   88.2500000       447.674042    
   88.5000000       433.136536    
   88.7500000       419.356995    
   89.0000000       406.940033    
   89.2500000       396.402313    
   89.5000000       387.909027    
   89.7500000       381.537476    
   90.0000000       377.365051    
   90.2500000       375.403473    
   90.5000000       375.402100    
   90.7500000       377.044708    
   91.0000000       380.015045    
   91.2500000       384.049103    
   91.5000000       389.091614    
   91.7500000       395.139587    
   92.0000000       402.190033    
   92.2500000       410.272461    
   92.5000000       419.546722    
   92.7500000       430.205109    
   93.0000000       442.440033    
   93.2500000       456.394196    
   93.5000000       472.011749    
   93.7500000       489.187195    
   94.0000000       507.815033    
   94.2500000       527.780762    
   94.5000000       548.933960    
   94.7500000       571.115112    
   95.0000000       594.165039    
   95.2500000       617.931030    
   95.5000000       642.289307    
   95.7500000       667.123047    
   96.0000000       692.315063    
   96.2500000       717.765137    
   96.5000000       743.439331    
   96.7500000       769.320190    
   97.0000000       795.390015    
   97.2500000       821.651978    
   97.5000000       848.190186    
   97.7500000       875.109619    
   98.0000000       902.515015    
   98.2500000       930.413330    
   98.5000000       958.421143    
   98.7500000       986.057129    
   99.0000000       1012.83997    
   99.2500000       1038.26782    
   99.5000000       1061.75574    
   99.7500000       1082.69836    
   100.000000       1100.49011    
   100.250000       1114.63062    
   100.500000       1125.03992    
   100.750000       1131.74304    
   101.000000       1134.76501    
   101.250000       1134.18713    
   101.500000       1130.31555    
   101.750000       1123.51245    
   102.000000       1114.14001    
   102.250000       1102.53552    
   102.500000       1088.93494    
   102.750000       1073.54944    
   103.000000       1056.59009    
   103.250000       1038.29565    
   103.500000       1019.01636    
   103.750000       999.130249    
   104.000000       979.015015    
   104.250000       959.045166    
   104.500000       939.580322    
   104.750000       920.976562    
   105.000000       903.590088    
   105.250000       887.691406    
   105.500000       873.208862    
   105.750000       859.985718    
   106.000000       847.864990    
   106.250000       836.691528    
   106.500000       826.318237    
   106.750000       816.599487    
   107.000000       807.390015    
   107.250000       798.589600    
   107.500000       790.277344    
   107.750000       782.577637    
   108.000000       775.614990    
   108.250000       769.489624    
   108.500000       764.206543    
   108.750000       759.746338    
   109.000000       756.089966    
   109.250000       753.151123    
   109.500000       750.574097    
   109.750000       747.936401    
   110.000000       744.815063    
   110.250000       740.839600    
   110.500000       735.849365    
   110.750000       729.735718    
   111.000000       722.390015    
   111.250000       713.785889    
   111.500000       704.224731    
   111.750000       694.089966    
   112.000000       683.765015    
   112.250000       673.610962    
   112.500000       663.898315    
   112.750000       654.875244    
   113.000000       646.790039    
   113.250000       639.782471    
   113.500000       633.559814    
   113.750000       627.720947    
   114.000000       621.865112    
   114.250000       615.612793    
   114.500000       608.671631    
   114.750000       600.770996    
   115.000000       591.640015    
   115.250000       581.115845    
   115.500000       569.465942    
   115.750000       557.065613    

 "IV theory
   72.2500000       1099.81909    
   72.5000000       1113.93579    
   72.7500000       1127.88464    
   73.0000000       1141.86536    
   73.2500000       1156.06409    
   73.5000000       1170.61560    
   73.7500000       1185.64111    
   74.0000000       1201.26282    
   74.2500000       1217.56726    
   74.5000000       1234.50171    
   74.7500000       1251.97803    
   75.0000000       1269.90918    
   75.2500000       1288.18140    
   75.5000000       1306.58252    
   75.7500000       1324.87317    
   76.0000000       1342.81592    
   76.2500000       1360.16797    
   76.5000000       1376.67114    
   76.7500000       1392.06335    
   77.0000000       1406.08179    
   77.2500000       1418.47485    
   77.5000000       1429.03442    
   77.7500000       1437.56213    
   78.0000000       1443.86035    
   78.2500000       1447.76025    
   78.5000000       1449.20923    
   78.7500000       1448.18445    
   79.0000000       1444.66187    
   79.2500000       1438.63953    
   79.5000000       1430.20032    
   79.7500000       1419.44751    
   80.0000000       1406.48535    
   80.2500000       1391.41980    
   80.5000000       1374.36694    
   80.7500000       1355.44421    
   81.0000000       1334.76978    
   81.2500000       1312.46265    
   81.5000000       1288.64246    
   81.7500000       1263.43030    
   82.0000000       1236.94702    
   82.2500000       1209.31616    
   82.5000000       1180.67505    
   82.7500000       1151.16382    
   83.0000000       1120.92249    
   83.2500000       1090.09302    
   83.5000000       1058.82605    
   83.7500000       1027.27356    
   84.0000000       995.587830    
   84.2500000       963.921997    
   84.5000000       932.432129    
   84.7500000       901.275452    
   85.0000000       870.609009    
   85.2500000       840.584595    
   85.5000000       811.333069    
   85.7500000       782.979797    
   86.0000000       755.650391    
   86.2500000       729.455200    
   86.5000000       704.444031    
   86.7500000       680.651428    
   87.0000000       658.112244    
   87.2500000       636.850037    
   87.5000000       616.844971    
   87.7500000       598.066528    
   88.0000000       580.483704    
   88.2500000       564.064514    
   88.5000000       548.771057    
   88.7500000       534.563843    
   89.0000000       521.403503    
   89.2500000       509.252563    
   89.5000000       498.080322    
   89.7500000       487.858154    
   90.0000000       478.557343    
   90.2500000       470.153198    
   90.5000000       462.638153    
   90.7500000       456.008789    
   91.0000000       450.261536    
   91.2500000       445.396027    
   91.5000000       441.423889    
   91.7500000       438.359863    
   92.0000000       436.218719    
   92.2500000       435.015686    
   92.5000000       434.768890    
   92.7500000       435.497101    
   93.0000000       437.218933    
   93.2500000       439.950104    
   93.5000000       443.693634    
   93.7500000       448.449402    
   94.0000000       454.217163    
   94.2500000       460.988007    
   94.5000000       468.717407    
   94.7500000       477.351837    
   95.0000000       486.837769    
   95.2500000       497.115265    
   95.5000000       508.098846    
   95.7500000       519.696350    
   96.0000000       531.815735    
   96.2500000       544.364319    
   96.5000000       557.245850    
   96.7500000       570.363586    
   97.0000000       583.620544    
   97.2500000       596.920532    
   97.5000000       610.169922    
   97.7500000       623.275391    
   98.0000000       636.143982    
   98.2500000       648.683533    
   98.5000000       660.806885    
   98.7500000       672.427673    
   99.0000000       683.459778    
   99.2500000       693.818176    
   99.5000000       703.422058    
   99.7500000       712.191956    
   100.000000       720.047852    
   100.250000       726.909668    
   100.500000       732.695312    
   100.750000       737.321716    
   101.000000       740.706299    
   101.250000       742.772034    
   101.500000       743.466614    
   101.750000       742.743164    
   102.000000       740.555481    
   102.250000       736.874512    
   102.500000       731.742493    
   102.750000       725.219360    
   103.000000       717.365112    
   103.250000       708.252380    
   103.500000       698.004272    
   103.750000       686.756714    
   104.000000       674.645569    
   104.250000       661.808594    
   104.500000       648.391418    
   104.750000       634.541992    
   105.000000       620.407654    
   105.250000       606.131531    
   105.500000       591.837036    
   105.750000       577.643005    
   106.000000       563.668030    
   106.250000       550.018005    
   106.500000       536.746887    
   106.750000       523.895752    
   107.000000       511.505615    
   107.250000       499.608307    
   107.500000       488.197815    
   107.750000       477.258881    
   108.000000       466.776245    
   108.250000       456.733429    
   108.500000       447.109131    
   108.750000       437.880463    
   109.000000       429.024933    
   109.250000       420.521332    
   109.500000       412.354553    
   109.750000       404.510681    
   110.000000       396.976166    
   110.250000       389.740692    
   110.500000       382.808228    
   110.750000       376.186279    
   111.000000       369.882294    
   111.250000       363.906311    
   111.500000       358.278473    
   111.750000       353.021484    
   112.000000       348.157959    
   112.250000       343.711243    
   112.500000       339.706787    
   112.750000       336.170563    
   113.000000       333.128662    
   113.250000       330.604523    
   113.500000       328.611420    
   113.750000       327.160156    
   114.000000       326.261444    
   114.250000       325.918793    
   114.500000       326.106781    
   114.750000       326.792725    
   115.000000       327.944031    
   115.250000       329.522888    
   115.500000       331.470825    
   115.750000       333.724335    

TitleText: Ni(001)-(5x5)-Li     Beam (1,4/5)              Rfac10=0.1567
 "IV exp
   72.2500000       681.727173    
   72.5000000       678.999512    
   72.7500000       676.342163    
   73.0000000       673.790039    
   73.2500000       671.432373    
   73.5000000       669.574097    
   73.7500000       668.573730    
   74.0000000       668.790039    
   74.2500000       670.574585    
   74.5000000       674.250488    
   74.7500000       680.133667    
   75.0000000       688.540039    
   75.2500000       699.693359    
   75.5000000       713.448608    
   75.7500000       729.568237    
   76.0000000       747.815063    
   76.2500000       767.943359    
   76.5000000       789.673828    
   76.7500000       812.718628    
   77.0000000       836.790039    
   77.2500000       861.569702    
   77.5000000       886.618164    
   77.7500000       911.464844    
   78.0000000       935.640015    
   78.2500000       958.671875    
   78.5000000       980.084229    
   78.7500000       999.399414    
   79.0000000       1016.14001    
   79.2500000       1029.92993    
   79.5000000       1040.80042    
   79.7500000       1048.88452    
   80.0000000       1054.31506    
   80.2500000       1057.21643    
   80.5000000       1057.67896    
   80.7500000       1055.78455    
   81.0000000       1051.61511    
   81.2500000       1045.16858    
   81.5000000       1036.10840    
   81.7500000       1024.01404    
   82.0000000       1008.46509    
   82.2500000       989.357910    
   82.5000000       967.856079    
   82.7500000       945.440063    
   83.0000000       923.590088    
   83.2500000       903.508667    
   83.5000000       885.285767    
   83.7500000       868.733887    
   84.0000000       853.665039    
   84.2500000       839.581299    
   84.5000000       824.744263    
   84.7500000       807.104980    
   85.0000000       784.615112    
   85.2500000       755.933838    
   85.5000000       722.552856    
   85.7500000       686.671631    
   86.0000000       650.489990    
   86.2500000       615.950684    
   86.5000000       583.969360    
   86.7500000       555.204468    
   87.0000000       530.315063    
   87.2500000       509.642151    
   87.5000000       492.257050    
   87.7500000       476.913422    
   88.0000000       462.365051    
   88.2500000       447.674042    
   88.5000000       433.136536    
   88.7500000       419.356995    
   89.0000000       406.940033    
   89.2500000       396.402313    
   89.5000000       387.909027    
   89.7500000       381.537476    
   90.0000000       377.365051    
   90.2500000       375.403473    
   90.5000000       375.402100    
   90.7500000       377.044708    
   91.0000000       380.015045    
   91.2500000       384.049103    
   91.5000000       389.091614    
   91.7500000       395.139587    
   92.0000000       402.190033    
   92.2500000       410.272461    
   92.5000000       419.546722    
   92.7500000       430.205109    
   93.0000000       442.440033    
   93.2500000       456.394196    
   93.5000000       472.011749    
   93.7500000       489.187195    
   94.0000000       507.815033    
   94.2500000       527.780762    
   94.5000000       548.933960    
   94.7500000       571.115112    
   95.0000000       594.165039    
   95.2500000       617.931030    
   95.5000000       642.289307    
   95.7500000       667.123047    
   96.0000000       692.315063    
   96.2500000       717.765137    
   96.5000000       743.439331    
   96.7500000       769.320190    
   97.0000000       795.390015    
   97.2500000       821.651978    
   97.5000000       848.190186    
   97.7500000       875.109619    
   98.0000000       902.515015    
   98.2500000       930.413330    
   98.5000000       958.421143    
   98.7500000       986.057129    
   99.0000000       1012.83997    
   99.2500000       1038.26782    
   99.5000000       1061.75574    
   99.7500000       1082.69836    
   100.000000       1100.49011    
   100.250000       1114.63062    
   100.500000       1125.03992    
   100.750000       1131.74304    
   101.000000       1134.76501    
   101.250000       1134.18713    
   101.500000       1130.31555    
   101.750000       1123.51245    
   102.000000       1114.14001    
   102.250000       1102.53552    
   102.500000       1088.93494    
   102.750000       1073.54944    
   103.000000       1056.59009    
   103.250000       1038.29565    
   103.500000       1019.01636    
   103.750000       999.130249    
   104.000000       979.015015    
   104.250000       959.045166    
   104.500000       939.580322    
   104.750000       920.976562    
   105.000000       903.590088    
   105.250000       887.691406    
   105.500000       873.208862    
   105.750000       859.985718    
   106.000000       847.864990    
   106.250000       836.691528    
   106.500000       826.318237    
   106.750000       816.599487    
   107.000000       807.390015    
   107.250000       798.589600    
   107.500000       790.277344    
   107.750000       782.577637    
   108.000000       775.614990    
   108.250000       769.489624    
   108.500000       764.206543    
   108.750000       759.746338    
   109.000000       756.089966    
   109.250000       753.151123    
   109.500000       750.574097    
   109.750000       747.936401    
   110.000000       744.815063    
   110.250000       740.839600    
   110.500000       735.849365    
   110.750000       729.735718    
   111.000000       722.390015    
   111.250000       713.785889    
   111.500000       704.224731    
   111.750000       694.089966    
   112.000000       683.765015    
   112.250000       673.610962    
   112.500000       663.898315    
   112.750000       654.875244    
   113.000000       646.790039    
   113.250000       639.782471    
   113.500000       633.559814    
   113.750000       627.720947    
   114.000000       621.865112    
   114.250000       615.612793    
   114.500000       608.671631    
   114.750000       600.770996    
   115.000000       591.640015    
   115.250000       581.115845    
   115.500000       569.465942    
   115.750000       557.065613    

 "IV theory
   72.2500000       1034.03833    
   72.5000000       1034.86438    
   72.7500000       1034.80237    
   73.0000000       1034.33704    
   73.2500000       1033.94324    
   73.5000000       1034.05750    
   73.7500000       1035.10583    
   74.0000000       1037.51514    
   74.2500000       1041.66431    
   74.5000000       1047.74243    
   74.7500000       1055.89185    
   75.0000000       1066.25427    
   75.2500000       1078.90955    
   75.5000000       1093.68835    
   75.7500000       1110.35925    
   76.0000000       1128.69128    
   76.2500000       1148.43237    
   76.5000000       1169.25085    
   76.7500000       1190.79395    
   77.0000000       1212.70984    
   77.2500000       1234.65063    
   77.5000000       1256.28784    
   77.7500000       1277.29785    
   78.0000000       1297.35693    
   78.2500000       1316.15735    
   78.5000000       1333.45618    
   78.7500000       1349.02576    
   79.0000000       1362.63916    
   79.2500000       1374.09106    
   79.5000000       1383.26453    
   79.7500000       1390.06384    
   80.0000000       1394.39441    
   80.2500000       1396.16675    
   80.5000000       1395.31616    
   80.7500000       1391.78442    
   81.0000000       1385.51294    
   81.2500000       1376.44543    
   81.5000000       1364.53430    
   81.7500000       1349.73474    
   82.0000000       1332.00146    
   82.2500000       1311.31128    
   82.5000000       1287.72888    
   82.7500000       1261.34033    
   83.0000000       1232.23193    
   83.2500000       1200.51794    
   83.5000000       1166.42346    
   83.7500000       1130.20093    
   84.0000000       1092.10352    
   84.2500000       1052.39307    
   84.5000000       1011.36963    
   84.7500000       969.342407    
   85.0000000       926.620422    
   85.2500000       883.509460    
   85.5000000       840.301270    
   85.7500000       797.284241    
   86.0000000       754.746338    
   86.2500000       712.959351    
   86.5000000       672.127808    
   86.7500000       632.439819    
   87.0000000       594.083252    
   87.2500000       557.223938    
   87.5000000       521.939880    
   87.7500000       488.286438    
   88.0000000       456.319550    
   88.2500000       426.087952    
   88.5000000       397.613007    
   88.7500000       370.909180    
   89.0000000       345.990936    
   89.2500000       322.873352    
   89.5000000       301.573853    
   89.7500000       282.110474    
   90.0000000       264.501312    
   90.2500000       248.762344    
   90.5000000       234.902130    
   90.7500000       222.927170    
   91.0000000       212.844009    
   91.2500000       204.657028    
   91.5000000       198.361588    
   91.7500000       193.950821    
   92.0000000       191.417984    
   92.2500000       190.755798    
   92.5000000       191.955429    
   92.7500000       195.007675    
   93.0000000       199.903336    
   93.2500000       206.631882    
   93.5000000       215.177536    
   93.7500000       225.523300    
   94.0000000       237.652069    
   94.2500000       251.536957    
   94.5000000       267.111328    
   94.7500000       284.298737    
   95.0000000       303.022675    
   95.2500000       323.194031    
   95.5000000       344.672882    
   95.7500000       367.306702    
   96.0000000       390.942993    
   96.2500000       415.425018    
   96.5000000       440.579102    
   96.7500000       466.227203    
   97.0000000       492.191559    
   97.2500000       518.295532    
   97.5000000       544.368042    
   97.7500000       570.239502    
   98.0000000       595.740051    
   98.2500000       620.706055    
   98.5000000       644.997742    
   98.7500000       668.481262    
   99.0000000       691.022827    
   99.2500000       712.496826    
   99.5000000       732.809753    
   99.7500000       751.876160    
   100.000000       769.610962    
   100.250000       785.930847    
   100.500000       800.760681    
   100.750000       814.027954    
   101.000000       825.659668    
   101.250000       835.584473    
   101.500000       843.737366    
   101.750000       850.054626    
   102.000000       854.472656    
   102.250000       856.940796    
   102.500000       857.460999    
   102.750000       856.047913    
   103.000000       852.716370    
   103.250000       847.497925    
   103.500000       840.490845    
   103.750000       831.809753    
   104.000000       821.569641    
   104.250000       809.890869    
   104.500000       796.915894    
   104.750000       782.792847    
   105.000000       767.669861    
   105.250000       751.693237    
   105.500000       735.002808    
   105.750000       717.736145    
   106.000000       700.031616    
   106.250000       682.019714    
   106.500000       663.802612    
   106.750000       645.475037    
   107.000000       627.131836    
   107.250000       608.858154    
   107.500000       590.701233    
   107.750000       572.698364    
   108.000000       554.886963    
   108.250000       537.301636    
   108.500000       519.965027    
   108.750000       502.896851    
   109.000000       486.116791    
   109.250000       469.644836    
   109.500000       453.501495    
   109.750000       437.707825    
   110.000000       422.284515    
   110.250000       407.251343    
   110.500000       392.622620    
   110.750000       378.411560    
   111.000000       364.631378    
   111.250000       351.293854    
   111.500000       338.404297    
   111.750000       325.966888    
   112.000000       313.985596    
   112.250000       302.464020    
   112.500000       291.404114    
   112.750000       280.807373    
   113.000000       270.675232    
   113.250000       261.009003    
   113.500000       251.808899    
   113.750000       243.074814    
   114.000000       234.806732    
   114.250000       227.002304    
   114.500000       219.650024    
   114.750000       212.736084    
   115.000000       206.246658    
   115.250000       200.165131    
   115.500000       194.463165    
   115.750000       189.109558    

TitleText: Ni(001)-(5x5)-Li     Beam (1,4/5)              Rfac10=0.5127
 "IV exp
   72.2500000       681.727173    
   72.5000000       678.999512    
   72.7500000       676.342163    
   73.0000000       673.790039    
   73.2500000       671.432373    
   73.5000000       669.574097    
   73.7500000       668.573730    
   74.0000000       668.790039    
   74.2500000       670.574585    
   74.5000000       674.250488    
   74.7500000       680.133667    
   75.0000000       688.540039    
   75.2500000       699.693359    
   75.5000000       713.448608    
   75.7500000       729.568237    
   76.0000000       747.815063    
   76.2500000       767.943359    
   76.5000000       789.673828    
   76.7500000       812.718628    
   77.0000000       836.790039    
   77.2500000       861.569702    
   77.5000000       886.618164    
   77.7500000       911.464844    
   78.0000000       935.640015    
   78.2500000       958.671875    
   78.5000000       980.084229    
   78.7500000       999.399414    
   79.0000000       1016.14001    
   79.2500000       1029.92993    
   79.5000000       1040.80042    
   79.7500000       1048.88452    
   80.0000000       1054.31506    
   80.2500000       1057.21643    
   80.5000000       1057.67896    
   80.7500000       1055.78455    
   81.0000000       1051.61511    
   81.2500000       1045.16858    
   81.5000000       1036.10840    
   81.7500000       1024.01404    
   82.0000000       1008.46509    
   82.2500000       989.357910    
   82.5000000       967.856079    
   82.7500000       945.440063    
   83.0000000       923.590088    
   83.2500000       903.508667    
   83.5000000       885.285767    
   83.7500000       868.733887    
   84.0000000       853.665039    
   84.2500000       839.581299    
   84.5000000       824.744263    
   84.7500000       807.104980    
   85.0000000       784.615112    
   85.2500000       755.933838    
   85.5000000       722.552856    
   85.7500000       686.671631    
   86.0000000       650.489990    
   86.2500000       615.950684    
   86.5000000       583.969360    
   86.7500000       555.204468    
   87.0000000       530.315063    
   87.2500000       509.642151    
   87.5000000       492.257050    
   87.7500000       476.913422    
   88.0000000       462.365051    
   88.2500000       447.674042    
   88.5000000       433.136536    
   88.7500000       419.356995    
   89.0000000       406.940033    
   89.2500000       396.402313    
   89.5000000       387.909027    
   89.7500000       381.537476    
   90.0000000       377.365051    
   90.2500000       375.403473    
   90.5000000       375.402100    
   90.7500000       377.044708    
   91.0000000       380.015045    
   91.2500000       384.049103    
   91.5000000       389.091614    
   91.7500000       395.139587    
   92.0000000       402.190033    
   92.2500000       410.272461    
   92.5000000       419.546722    
   92.7500000       430.205109    
   93.0000000       442.440033    
   93.2500000       456.394196    
   93.5000000       472.011749    
   93.7500000       489.187195    
   94.0000000       507.815033    
   94.2500000       527.780762    
   94.5000000       548.933960    
   94.7500000       571.115112    
   95.0000000       594.165039    
   95.2500000       617.931030    
   95.5000000       642.289307    
   95.7500000       667.123047    
   96.0000000       692.315063    
   96.2500000       717.765137    
   96.5000000       743.439331    
   96.7500000       769.320190    
   97.0000000       795.390015    
   97.2500000       821.651978    
   97.5000000       848.190186    
   97.7500000       875.109619    
   98.0000000       902.515015    
   98.2500000       930.413330    
   98.5000000       958.421143    
   98.7500000       986.057129    
   99.0000000       1012.83997    
   99.2500000       1038.26782    
   99.5000000       1061.75574    
   99.7500000       1082.69836    
   100.000000       1100.49011    
   100.250000       1114.63062    
   100.500000       1125.03992    
   100.750000       1131.74304    
   101.000000       1134.76501    
   101.250000       1134.18713    
   101.500000       1130.31555    
   101.750000       1123.51245    
   102.000000       1114.14001    
   102.250000       1102.53552    
   102.500000       1088.93494    
   102.750000       1073.54944    
   103.000000       1056.59009    
   103.250000       1038.29565    
   103.500000       1019.01636    
   103.750000       999.130249    
   104.000000       979.015015    
   104.250000       959.045166    
   104.500000       939.580322    
   104.750000       920.976562    
   105.000000       903.590088    
   105.250000       887.691406    
   105.500000       873.208862    
   105.750000       859.985718    
   106.000000       847.864990    
   106.250000       836.691528    
   106.500000       826.318237    
   106.750000       816.599487    
   107.000000       807.390015    
   107.250000       798.589600    
   107.500000       790.277344    
   107.750000       782.577637    
   108.000000       775.614990    
   108.250000       769.489624    
   108.500000       764.206543    
   108.750000       759.746338    
   109.000000       756.089966    
   109.250000       753.151123    
   109.500000       750.574097    
   109.750000       747.936401    
   110.000000       744.815063    
   110.250000       740.839600    
   110.500000       735.849365    
   110.750000       729.735718    
   111.000000       722.390015    
   111.250000       713.785889    
   111.500000       704.224731    
   111.750000       694.089966    
   112.000000       683.765015    
   112.250000       673.610962    
   112.500000       663.898315    
   112.750000       654.875244    
   113.000000       646.790039    
   113.250000       639.782471    
   113.500000       633.559814    
   113.750000       627.720947    
   114.000000       621.865112    
   114.250000       615.612793    
   114.500000       608.671631    
   114.750000       600.770996    
   115.000000       591.640015    
   115.250000       581.115845    
   115.500000       569.465942    
   115.750000       557.065613    

 "IV theory
   72.2500000       491.824493    
   72.5000000       496.678101    
   72.7500000       502.510651    
   73.0000000       509.453857    
   73.2500000       517.631897    
   73.5000000       527.138611    
   73.7500000       538.060242    
   74.0000000       550.482910    
   74.2500000       564.477051    
   74.5000000       580.049805    
   74.7500000       597.192505    
   75.0000000       615.896301    
   75.2500000       636.144348    
   75.5000000       657.886047    
   75.7500000       681.063171    
   76.0000000       705.617004    
   76.2500000       731.488831    
   76.5000000       758.620300    
   76.7500000       786.952942    
   77.0000000       816.428345    
   77.2500000       846.977783    
   77.5000000       878.492126    
   77.7500000       910.852051    
   78.0000000       943.937988    
   78.2500000       977.609497    
   78.5000000       1011.64026    
   78.7500000       1045.78320    
   79.0000000       1079.79114    
   79.2500000       1113.40527    
   79.5000000       1146.32361    
   79.7500000       1178.23230    
   80.0000000       1208.81787    
   80.2500000       1237.76624    
   80.5000000       1264.76172    
   80.7500000       1289.48767    
   81.0000000       1311.62793    
   81.2500000       1330.88989    
   81.5000000       1347.07581    
   81.7500000       1360.01172    
   82.0000000       1369.52368    
   82.2500000       1375.48730    
   82.5000000       1377.97620    
   82.7500000       1377.11328    
   83.0000000       1373.02197    
   83.2500000       1365.85132    
   83.5000000       1355.85303    
   83.7500000       1343.30615    
   84.0000000       1328.48840    
   84.2500000       1311.67847    
   84.5000000       1293.15698    
   84.7500000       1273.20483    
   85.0000000       1252.10327    
   85.2500000       1230.12402    
   85.5000000       1207.50293    
   85.7500000       1184.46655    
   86.0000000       1161.24194    
   86.2500000       1138.03674    
   86.5000000       1114.98450    
   86.7500000       1092.19934    
   87.0000000       1069.79602    
   87.2500000       1047.87915    
   87.5000000       1026.51404    
   87.7500000       1005.75684    
   88.0000000       985.662964    
   88.2500000       966.288025    
   88.5000000       947.687317    
   88.7500000       929.916077    
   89.0000000       913.029358    
   89.2500000       897.078979    
   89.5000000       882.102783    
   89.7500000       868.134949    
   90.0000000       855.209900    
   90.2500000       843.354675    
   90.5000000       832.566833    
   90.7500000       822.836731    
   91.0000000       814.154602    
   91.2500000       806.506897    
   91.5000000       799.864746    
   91.7500000       794.195312    
   92.0000000       789.466064    
   92.2500000       785.643921    
   92.5000000       782.696411    
   92.7500000       780.590393    
   93.0000000       779.293335    
   93.2500000       778.768982    
   93.5000000       778.967407    
   93.7500000       779.835449    
   94.0000000       781.319763    
   94.2500000       783.359924    
   94.5000000       785.866882    
   94.7500000       788.744507    
   95.0000000       791.896301    
   95.2500000       795.222412    
   95.5000000       798.608032    
   95.7500000       801.934692    
   96.0000000       805.083740    
   96.2500000       807.936523    
   96.5000000       810.373718    
   96.7500000       812.276062    
   97.0000000       813.524048    
   97.2500000       814.005432    
   97.5000000       813.636780    
   97.7500000       812.341675    
   98.0000000       810.043945    
   98.2500000       806.682129    
   98.5000000       802.255005    
   98.7500000       796.776062    
   99.0000000       790.258911    
   99.2500000       782.724976    
   99.5000000       774.227051    
   99.7500000       764.825684    
   100.000000       754.581299    
   100.250000       743.554810    
   100.500000       731.807129    
   100.750000       719.399597    
   101.000000       706.393555    
   101.250000       692.849670    
   101.500000       678.825867    
   101.750000       664.379700    
   102.000000       649.568787    
   102.250000       634.449219    
   102.500000       619.072266    
   102.750000       603.488037    
   103.000000       587.746460    
   103.250000       571.896851    
   103.500000       555.985901    
   103.750000       540.059814    
   104.000000       524.164429    
   104.250000       508.345917    
   104.500000       492.650330    
   104.750000       477.123688    
   105.000000       461.812286    
   105.250000       446.760590    
   105.500000       432.007294    
   105.750000       417.589661    
   106.000000       403.544800    
   106.250000       389.906830    
   106.500000       376.697296    
   106.750000       363.934784    
   107.000000       351.637817    
   107.250000       339.823273    
   107.500000       328.501526    
   107.750000       317.681305    
   108.000000       307.371399    
   108.250000       297.580536    
   108.500000       288.317413    
   108.750000       279.590637    
   109.000000       271.408875    
   109.250000       263.780548    
   109.500000       256.713196    
   109.750000       250.214172    
   110.000000       244.290833    
   110.250000       238.950043    
   110.500000       234.196808    
   110.750000       230.035675    
   111.000000       226.471222    
   111.250000       223.507767    
   111.500000       221.148514    
   111.750000       219.396622    
   112.000000       218.255112    
   112.250000       217.727005    
   112.500000       217.815552    
   112.750000       218.523926    
   113.000000       219.855316    
   113.250000       221.810745    
   113.500000       224.381912    
   113.750000       227.558441    
   114.000000       231.329895    
   114.250000       235.681000    
   114.500000       240.577515    
   114.750000       245.980408    
   115.000000       251.850647    
   115.250000       258.146729    
   115.500000       264.817169    
   115.750000       271.808075    

TitleText: Ni(001)-(5x5)-Li     Beam (1,4/5)              Rfac10=0.8499
 "IV exp
   72.2500000       681.727173    
   72.5000000       678.999512    
   72.7500000       676.342163    
   73.0000000       673.790039    
   73.2500000       671.432373    
   73.5000000       669.574097    
   73.7500000       668.573730    
   74.0000000       668.790039    
   74.2500000       670.574585    
   74.5000000       674.250488    
   74.7500000       680.133667    
   75.0000000       688.540039    
   75.2500000       699.693359    
   75.5000000       713.448608    
   75.7500000       729.568237    
   76.0000000       747.815063    
   76.2500000       767.943359    
   76.5000000       789.673828    
   76.7500000       812.718628    
   77.0000000       836.790039    
   77.2500000       861.569702    
   77.5000000       886.618164    
   77.7500000       911.464844    
   78.0000000       935.640015    
   78.2500000       958.671875    
   78.5000000       980.084229    
   78.7500000       999.399414    
   79.0000000       1016.14001    
   79.2500000       1029.92993    
   79.5000000       1040.80042    
   79.7500000       1048.88452    
   80.0000000       1054.31506    
   80.2500000       1057.21643    
   80.5000000       1057.67896    
   80.7500000       1055.78455    
   81.0000000       1051.61511    
   81.2500000       1045.16858    
   81.5000000       1036.10840    
   81.7500000       1024.01404    
   82.0000000       1008.46509    
   82.2500000       989.357910    
   82.5000000       967.856079    
   82.7500000       945.440063    
   83.0000000       923.590088    
   83.2500000       903.508667    
   83.5000000       885.285767    
   83.7500000       868.733887    
   84.0000000       853.665039    
   84.2500000       839.581299    
   84.5000000       824.744263    
   84.7500000       807.104980    
   85.0000000       784.615112    
   85.2500000       755.933838    
   85.5000000       722.552856    
   85.7500000       686.671631    
   86.0000000       650.489990    
   86.2500000       615.950684    
   86.5000000       583.969360    
   86.7500000       555.204468    
   87.0000000       530.315063    
   87.2500000       509.642151    
   87.5000000       492.257050    
   87.7500000       476.913422    
   88.0000000       462.365051    
   88.2500000       447.674042    
   88.5000000       433.136536    
   88.7500000       419.356995    
   89.0000000       406.940033    
   89.2500000       396.402313    
   89.5000000       387.909027    
   89.7500000       381.537476    
   90.0000000       377.365051    
   90.2500000       375.403473    
   90.5000000       375.402100    
   90.7500000       377.044708    
   91.0000000       380.015045    
   91.2500000       384.049103    
   91.5000000       389.091614    
   91.7500000       395.139587    
   92.0000000       402.190033    
   92.2500000       410.272461    
   92.5000000       419.546722    
   92.7500000       430.205109    
   93.0000000       442.440033    
   93.2500000       456.394196    
   93.5000000       472.011749    
   93.7500000       489.187195    
   94.0000000       507.815033    
   94.2500000       527.780762    
   94.5000000       548.933960    
   94.7500000       571.115112    
   95.0000000       594.165039    
   95.2500000       617.931030    
   95.5000000       642.289307    
   95.7500000       667.123047    
   96.0000000       692.315063    
   96.2500000       717.765137    
   96.5000000       743.439331    
   96.7500000       769.320190    
   97.0000000       795.390015    
   97.2500000       821.651978    
   97.5000000       848.190186    
   97.7500000       875.109619    
   98.0000000       902.515015    
   98.2500000       930.413330    
   98.5000000       958.421143    
   98.7500000       986.057129    
   99.0000000       1012.83997    
   99.2500000       1038.26782    
   99.5000000       1061.75574    
   99.7500000       1082.69836    
   100.000000       1100.49011    
   100.250000       1114.63062    
   100.500000       1125.03992    
   100.750000       1131.74304    
   101.000000       1134.76501    
   101.250000       1134.18713    
   101.500000       1130.31555    
   101.750000       1123.51245    
   102.000000       1114.14001    
   102.250000       1102.53552    
   102.500000       1088.93494    
   102.750000       1073.54944    
   103.000000       1056.59009    
   103.250000       1038.29565    
   103.500000       1019.01636    
   103.750000       999.130249    
   104.000000       979.015015    
   104.250000       959.045166    
   104.500000       939.580322    
   104.750000       920.976562    
   105.000000       903.590088    
   105.250000       887.691406    
   105.500000       873.208862    
   105.750000       859.985718    
   106.000000       847.864990    
   106.250000       836.691528    
   106.500000       826.318237    
   106.750000       816.599487    
   107.000000       807.390015    
   107.250000       798.589600    
   107.500000       790.277344    
   107.750000       782.577637    
   108.000000       775.614990    
   108.250000       769.489624    
   108.500000       764.206543    
   108.750000       759.746338    
   109.000000       756.089966    
   109.250000       753.151123    
   109.500000       750.574097    
   109.750000       747.936401    
   110.000000       744.815063    
   110.250000       740.839600    
   110.500000       735.849365    
   110.750000       729.735718    
   111.000000       722.390015    
   111.250000       713.785889    
   111.500000       704.224731    
   111.750000       694.089966    
   112.000000       683.765015    
   112.250000       673.610962    
   112.500000       663.898315    
   112.750000       654.875244    
   113.000000       646.790039    
   113.250000       639.782471    
   113.500000       633.559814    
   113.750000       627.720947    
   114.000000       621.865112    
   114.250000       615.612793    
   114.500000       608.671631    
   114.750000       600.770996    
   115.000000       591.640015    
   115.250000       581.115845    
   115.500000       569.465942    
   115.750000       557.065613    

 "IV theory
   72.2500000       1097.22803    
   72.5000000       1132.89868    
   72.7500000       1164.97131    
   73.0000000       1193.39319    
   73.2500000       1218.15063    
   73.5000000       1239.38770    
   73.7500000       1257.28772    
   74.0000000       1272.03406    
   74.2500000       1283.80908    
   74.5000000       1292.79248    
   74.7500000       1299.16272    
   75.0000000       1303.09863    
   75.2500000       1304.77539    
   75.5000000       1304.35559    
   75.7500000       1301.99854    
   76.0000000       1297.86316    
   76.2500000       1292.10242    
   76.5000000       1284.84277    
   76.7500000       1276.20422    
   77.0000000       1266.30737    
   77.2500000       1255.26880    
   77.5000000       1243.19373    
   77.7500000       1230.18420    
   78.0000000       1216.34229    
   78.2500000       1201.76990    
   78.5000000       1186.56921    
   78.7500000       1170.84192    
   79.0000000       1154.68958    
   79.2500000       1138.20923    
   79.5000000       1121.47778    
   79.7500000       1104.56738    
   80.0000000       1087.54944    
   80.2500000       1070.48706    
   80.5000000       1053.40515    
   80.7500000       1036.31970    
   81.0000000       1019.24658    
   81.2500000       1002.19720    
   81.5000000       985.165405    
   81.7500000       968.140442    
   82.0000000       951.111694    
   82.2500000       934.068665    
   82.5000000       917.001343    
   82.7500000       899.900146    
   83.0000000       882.755005    
   83.2500000       865.559326    
   83.5000000       848.318726    
   83.7500000       831.042053    
   84.0000000       813.738342    
   84.2500000       796.421997    
   84.5000000       779.131348    
   84.7500000       761.910645    
   85.0000000       744.803772    
   85.2500000       727.857605    
   85.5000000       711.130493    
   85.7500000       694.683105    
   86.0000000       678.576782    
   86.2500000       662.872070    
   86.5000000       647.628967    
   86.7500000       632.906860    
   87.0000000       618.765747    
   87.2500000       605.255676    
   87.5000000       592.389771    
   87.7500000       580.171753    
   88.0000000       568.605530    
   88.2500000       557.677307    
   88.5000000       547.303162    
   88.7500000       537.381714    
   89.0000000       527.811462    
   89.2500000       518.482788    
   89.5000000       509.252441    
   89.7500000       499.968872    
   90.0000000       490.480621    
   90.2500000       480.636658    
   90.5000000       470.287842    
   90.7500000       459.285583    
   91.0000000       447.481201    
   91.2500000       434.743744    
   91.5000000       421.012573    
   91.7500000       406.244629    
   92.0000000       390.396881    
   92.2500000       373.459473    
   92.5000000       355.555511    
   92.7500000       336.841156    
   93.0000000       317.472626    
   93.2500000       297.621918    
   93.5000000       277.523621    
   93.7500000       257.428101    
   94.0000000       237.585663    
   94.2500000       218.246201    
   94.5000000       199.657715    
   94.7500000       182.067734    
   95.0000000       165.723785    
   95.2500000       150.863998    
   95.5000000       137.688812    
   95.7500000       126.389244    
   96.0000000       117.156357    
   96.2500000       110.163208    
   96.5000000       105.511086    
   96.7500000       103.283318    
   97.0000000       103.563240    
   97.2500000       106.425880    
   97.5000000       111.913086    
   97.7500000       120.058372    
   98.0000000       130.895294    
   98.2500000       144.457077    
   98.5000000       160.775726    
   98.7500000       179.882965    
   99.0000000       201.810516    
   99.2500000       226.565628    
   99.5000000       254.057541    
   99.7500000       284.171112    
   100.000000       316.791138    
   100.250000       351.756470    
   100.500000       388.722229    
   100.750000       427.297607    
   101.000000       467.091644    
   101.250000       507.691742    
   101.500000       548.597656    
   101.750000       589.287537    
   102.000000       629.239258    
   102.250000       667.931885    
   102.500000       704.849243    
   102.750000       739.475708    
   103.000000       771.296265    
   103.250000       799.833618    
   103.500000       824.763062    
   103.750000       845.798035    
   104.000000       862.652039    
   104.250000       875.110413    
   104.500000       883.246643    
   104.750000       887.206055    
   105.000000       887.134094    
   105.250000       883.210022    
   105.500000       875.749207    
   105.750000       865.100830    
   106.000000       851.613892    
   106.250000       835.636902    
   106.500000       817.514221    
   106.750000       797.589905    
   107.000000       776.207520    
   107.250000       753.695679    
   107.500000       730.321899    
   107.750000       706.338440    
   108.000000       681.997742    
   108.250000       657.522949    
   108.500000       633.021606    
   108.750000       608.571472    
   109.000000       584.251038    
   109.250000       560.124634    
   109.500000       536.202026    
   109.750000       512.479187    
   110.000000       488.952118    
   110.250000       465.617310    
   110.500000       442.472961    
   110.750000       419.517883    
   111.000000       396.750793    
   111.250000       374.181580    
   111.500000       351.864899    
   111.750000       329.866638    
   112.000000       308.252563    
   112.250000       287.109711    
   112.500000       266.609589    
   112.750000       246.944916    
   113.000000       228.308334    
   113.250000       210.902695    
   113.500000       194.971222    
   113.750000       180.767365    
   114.000000       168.544479    
   114.250000       158.555206    
   114.500000       151.049088    
   114.750000       146.274963    
   115.000000       144.481583    
   115.250000       145.886658    
   115.500000       150.583344    
   115.750000       158.633759    

TitleText: Ni(001)-(5x5)-Li     Beam (1,4/5)              Rfac10=0.3706
 "IV exp
   72.2500000       681.727173    
   72.5000000       678.999512    
   72.7500000       676.342163    
   73.0000000       673.790039    
   73.2500000       671.432373    
   73.5000000       669.574097    
   73.7500000       668.573730    
   74.0000000       668.790039    
   74.2500000       670.574585    
   74.5000000       674.250488    
   74.7500000       680.133667    
   75.0000000       688.540039    
   75.2500000       699.693359    
   75.5000000       713.448608    
   75.7500000       729.568237    
   76.0000000       747.815063    
   76.2500000       767.943359    
   76.5000000       789.673828    
   76.7500000       812.718628    
   77.0000000       836.790039    
   77.2500000       861.569702    
   77.5000000       886.618164    
   77.7500000       911.464844    
   78.0000000       935.640015    
   78.2500000       958.671875    
   78.5000000       980.084229    
   78.7500000       999.399414    
   79.0000000       1016.14001    
   79.2500000       1029.92993    
   79.5000000       1040.80042    
   79.7500000       1048.88452    
   80.0000000       1054.31506    
   80.2500000       1057.21643    
   80.5000000       1057.67896    
   80.7500000       1055.78455    
   81.0000000       1051.61511    
   81.2500000       1045.16858    
   81.5000000       1036.10840    
   81.7500000       1024.01404    
   82.0000000       1008.46509    
   82.2500000       989.357910    
   82.5000000       967.856079    
   82.7500000       945.440063    
   83.0000000       923.590088    
   83.2500000       903.508667    
   83.5000000       885.285767    
   83.7500000       868.733887    
   84.0000000       853.665039    
   84.2500000       839.581299    
   84.5000000       824.744263    
   84.7500000       807.104980    
   85.0000000       784.615112    
   85.2500000       755.933838    
   85.5000000       722.552856    
   85.7500000       686.671631    
   86.0000000       650.489990    
   86.2500000       615.950684    
   86.5000000       583.969360    
   86.7500000       555.204468    
   87.0000000       530.315063    
   87.2500000       509.642151    
   87.5000000       492.257050    
   87.7500000       476.913422    
   88.0000000       462.365051    
   88.2500000       447.674042    
   88.5000000       433.136536    
   88.7500000       419.356995    
   89.0000000       406.940033    
   89.2500000       396.402313    
   89.5000000       387.909027    
   89.7500000       381.537476    
   90.0000000       377.365051    
   90.2500000       375.403473    
   90.5000000       375.402100    
   90.7500000       377.044708    
   91.0000000       380.015045    
   91.2500000       384.049103    
   91.5000000       389.091614    
   91.7500000       395.139587    
   92.0000000       402.190033    
   92.2500000       410.272461    
   92.5000000       419.546722    
   92.7500000       430.205109    
   93.0000000       442.440033    
   93.2500000       456.394196    
   93.5000000       472.011749    
   93.7500000       489.187195    
   94.0000000       507.815033    
   94.2500000       527.780762    
   94.5000000       548.933960    
   94.7500000       571.115112    
   95.0000000       594.165039    
   95.2500000       617.931030    
   95.5000000       642.289307    
   95.7500000       667.123047    
   96.0000000       692.315063    
   96.2500000       717.765137    
   96.5000000       743.439331    
   96.7500000       769.320190    
   97.0000000       795.390015    
   97.2500000       821.651978    
   97.5000000       848.190186    
   97.7500000       875.109619    
   98.0000000       902.515015    
   98.2500000       930.413330    
   98.5000000       958.421143    
   98.7500000       986.057129    
   99.0000000       1012.83997    
   99.2500000       1038.26782    
   99.5000000       1061.75574    
   99.7500000       1082.69836    
   100.000000       1100.49011    
   100.250000       1114.63062    
   100.500000       1125.03992    
   100.750000       1131.74304    
   101.000000       1134.76501    
   101.250000       1134.18713    
   101.500000       1130.31555    
   101.750000       1123.51245    
   102.000000       1114.14001    
   102.250000       1102.53552    
   102.500000       1088.93494    
   102.750000       1073.54944    
   103.000000       1056.59009    
   103.250000       1038.29565    
   103.500000       1019.01636    
   103.750000       999.130249    
   104.000000       979.015015    
   104.250000       959.045166    
   104.500000       939.580322    
   104.750000       920.976562    
   105.000000       903.590088    
   105.250000       887.691406    
   105.500000       873.208862    
   105.750000       859.985718    
   106.000000       847.864990    
   106.250000       836.691528    
   106.500000       826.318237    
   106.750000       816.599487    
   107.000000       807.390015    
   107.250000       798.589600    
   107.500000       790.277344    
   107.750000       782.577637    
   108.000000       775.614990    
   108.250000       769.489624    
   108.500000       764.206543    
   108.750000       759.746338    
   109.000000       756.089966    
   109.250000       753.151123    
   109.500000       750.574097    
   109.750000       747.936401    
   110.000000       744.815063    
   110.250000       740.839600    
   110.500000       735.849365    
   110.750000       729.735718    
   111.000000       722.390015    
   111.250000       713.785889    
   111.500000       704.224731    
   111.750000       694.089966    
   112.000000       683.765015    
   112.250000       673.610962    
   112.500000       663.898315    
   112.750000       654.875244    
   113.000000       646.790039    
   113.250000       639.782471    
   113.500000       633.559814    
   113.750000       627.720947    
   114.000000       621.865112    
   114.250000       615.612793    
   114.500000       608.671631    
   114.750000       600.770996    
   115.000000       591.640015    
   115.250000       581.115845    
   115.500000       569.465942    
   115.750000       557.065613    

 "IV theory
   72.2500000       176.895279    
   72.5000000       185.490128    
   72.7500000       195.555756    
   73.0000000       207.083221    
   73.2500000       220.060257    
   73.5000000       234.460953    
   73.7500000       250.256042    
   74.0000000       267.416199    
   74.2500000       285.899994    
   74.5000000       305.617493    
   74.7500000       326.466522    
   75.0000000       348.345032    
   75.2500000       371.141998    
   75.5000000       394.711029    
   75.7500000       418.896790    
   76.0000000       443.544098    
   76.2500000       468.495911    
   76.5000000       493.588837    
   76.7500000       518.657715    
   77.0000000       543.537476    
   77.2500000       568.067078    
   77.5000000       592.101624    
   77.7500000       615.500305    
   78.0000000       638.122192    
   78.2500000       659.838135    
   78.5000000       680.564087    
   78.7500000       700.227783    
   79.0000000       718.756897    
   79.2500000       736.087769    
   79.5000000       752.191895    
   79.7500000       767.049805    
   80.0000000       780.641602    
   80.2500000       792.948669    
   80.5000000       803.954956    
   80.7500000       813.645691    
   81.0000000       822.005737    
   81.2500000       829.023071    
   81.5000000       834.697327    
   81.7500000       839.030762    
   82.0000000       842.025879    
   82.2500000       843.694946    
   82.5000000       844.089050    
   82.7500000       843.269104    
   83.0000000       841.295959    
   83.2500000       838.237976    
   83.5000000       834.192444    
   83.7500000       829.264221    
   84.0000000       823.557861    
   84.2500000       817.179199    
   84.5000000       810.237061    
   84.7500000       802.841736    
   85.0000000       795.102844    
   85.2500000       787.131287    
   85.5000000       779.040100    
   85.7500000       770.943054    
   86.0000000       762.954041    
   86.2500000       755.189575    
   86.5000000       747.777832    
   86.7500000       740.849731    
   87.0000000       734.536072    
   87.2500000       728.969604    
   87.5000000       724.289490    
   87.7500000       720.637024    
   88.0000000       718.153198    
   88.2500000       716.980469    
   88.5000000       717.267639    
   88.7500000       719.164673    
   89.0000000       722.821533    
   89.2500000       728.377686    
   89.5000000       735.929016    
   89.7500000       745.560486    
   90.0000000       757.357361    
   90.2500000       771.371521    
   90.5000000       787.522644    
   90.7500000       805.697388    
   91.0000000       825.782410    
   91.2500000       847.639648    
   91.5000000       871.032837    
   91.7500000       895.701050    
   92.0000000       921.383240    
   92.2500000       947.814270    
   92.5000000       974.711487    
   92.7500000       1001.78784    
   93.0000000       1028.75635    
   93.2500000       1055.34009    
   93.5000000       1081.30164    
   93.7500000       1106.41394    
   94.0000000       1130.45007    
   94.2500000       1153.21045    
   94.5000000       1174.60828    
   94.7500000       1194.58472    
   95.0000000       1213.08044    
   95.2500000       1230.05798    
   95.5000000       1245.56372    
   95.7500000       1259.66553    
   96.0000000       1272.43115    
   96.2500000       1283.93164    
   96.5000000       1294.25232    
   96.7500000       1303.48132    
   97.0000000       1311.70715    
   97.2500000       1319.01208    
   97.5000000       1325.45227    
   97.7500000       1331.07776    
   98.0000000       1335.93799    
   98.2500000       1340.06543    
   98.5000000       1343.42175    
   98.7500000       1345.95032    
   99.0000000       1347.59509    
   99.2500000       1348.28650    
   99.5000000       1347.90295    
   99.7500000       1346.30945    
   100.000000       1343.37073    
   100.250000       1338.94922    
   100.500000       1332.89514    
   100.750000       1325.05579    
   101.000000       1315.27869    
   101.250000       1303.42175    
   101.500000       1289.38684    
   101.750000       1273.08582    
   102.000000       1254.43152    
   102.250000       1233.36816    
   102.500000       1209.96729    
   102.750000       1184.33325    
   103.000000       1156.56970    
   103.250000       1126.80481    
   103.500000       1095.26099    
   103.750000       1062.18591    
   104.000000       1027.82629    
   104.250000       992.433472    
   104.500000       956.274963    
   104.750000       919.622375    
   105.000000       882.747559    
   105.250000       845.913208    
   105.500000       809.346619    
   105.750000       773.266724    
   106.000000       737.892090    
   106.250000       703.416565    
   106.500000       669.935852    
   106.750000       637.520569    
   107.000000       606.241577    
   107.250000       576.151062    
   107.500000       547.226501    
   107.750000       519.426636    
   108.000000       492.710358    
   108.250000       467.033600    
   108.500000       442.341675    
   108.750000       418.576996    
   109.000000       395.682098    
   109.250000       373.602295    
   109.500000       352.294159    
   109.750000       331.717133    
   110.000000       311.830597    
   110.250000       292.600739    
   110.500000       274.020874    
   110.750000       256.091095    
   111.000000       238.811523    
   111.250000       222.187363    
   111.500000       206.244461    
   111.750000       191.013824    
   112.000000       176.526352    
   112.250000       162.814133    
   112.500000       149.913300    
   112.750000       137.861099    
   113.000000       126.694778    
   113.250000       116.448181    
   113.500000       107.141800    
   113.750000       98.7926941    
   114.000000       91.4179840    
   114.250000       85.0249634    
   114.500000       79.5817337    
   114.750000       75.0466156    
   115.000000       71.3778992    
   115.250000       68.5266113    
   115.500000       66.4145966    
   115.750000       64.9563980    

TitleText: Ni(001)-(5x5)-Li     Beam (1,4/5)              Rfac10=0.3932
 "IV exp
   72.2500000       681.727173    
   72.5000000       678.999512    
   72.7500000       676.342163    
   73.0000000       673.790039    
   73.2500000       671.432373    
   73.5000000       669.574097    
   73.7500000       668.573730    
   74.0000000       668.790039    
   74.2500000       670.574585    
   74.5000000       674.250488    
   74.7500000       680.133667    
   75.0000000       688.540039    
   75.2500000       699.693359    
   75.5000000       713.448608    
   75.7500000       729.568237    
   76.0000000       747.815063    
   76.2500000       767.943359    
   76.5000000       789.673828    
   76.7500000       812.718628    
   77.0000000       836.790039    
   77.2500000       861.569702    
   77.5000000       886.618164    
   77.7500000       911.464844    
   78.0000000       935.640015    
   78.2500000       958.671875    
   78.5000000       980.084229    
   78.7500000       999.399414    
   79.0000000       1016.14001    
   79.2500000       1029.92993    
   79.5000000       1040.80042    
   79.7500000       1048.88452    
   80.0000000       1054.31506    
   80.2500000       1057.21643    
   80.5000000       1057.67896    
   80.7500000       1055.78455    
   81.0000000       1051.61511    
   81.2500000       1045.16858    
   81.5000000       1036.10840    
   81.7500000       1024.01404    
   82.0000000       1008.46509    
   82.2500000       989.357910    
   82.5000000       967.856079    
   82.7500000       945.440063    
   83.0000000       923.590088    
   83.2500000       903.508667    
   83.5000000       885.285767    
   83.7500000       868.733887    
   84.0000000       853.665039    
   84.2500000       839.581299    
   84.5000000       824.744263    
   84.7500000       807.104980    
   85.0000000       784.615112    
   85.2500000       755.933838    
   85.5000000       722.552856    
   85.7500000       686.671631    
   86.0000000       650.489990    
   86.2500000       615.950684    
   86.5000000       583.969360    
   86.7500000       555.204468    
   87.0000000       530.315063    
   87.2500000       509.642151    
   87.5000000       492.257050    
   87.7500000       476.913422    
   88.0000000       462.365051    
   88.2500000       447.674042    
   88.5000000       433.136536    
   88.7500000       419.356995    
   89.0000000       406.940033    
   89.2500000       396.402313    
   89.5000000       387.909027    
   89.7500000       381.537476    
   90.0000000       377.365051    
   90.2500000       375.403473    
   90.5000000       375.402100    
   90.7500000       377.044708    
   91.0000000       380.015045    
   91.2500000       384.049103    
   91.5000000       389.091614    
   91.7500000       395.139587    
   92.0000000       402.190033    
   92.2500000       410.272461    
   92.5000000       419.546722    
   92.7500000       430.205109    
   93.0000000       442.440033    
   93.2500000       456.394196    
   93.5000000       472.011749    
   93.7500000       489.187195    
   94.0000000       507.815033    
   94.2500000       527.780762    
   94.5000000       548.933960    
   94.7500000       571.115112    
   95.0000000       594.165039    
   95.2500000       617.931030    
   95.5000000       642.289307    
   95.7500000       667.123047    
   96.0000000       692.315063    
   96.2500000       717.765137    
   96.5000000       743.439331    
   96.7500000       769.320190    
   97.0000000       795.390015    
   97.2500000       821.651978    
   97.5000000       848.190186    
   97.7500000       875.109619    
   98.0000000       902.515015    
   98.2500000       930.413330    
   98.5000000       958.421143    
   98.7500000       986.057129    
   99.0000000       1012.83997    
   99.2500000       1038.26782    
   99.5000000       1061.75574    
   99.7500000       1082.69836    
   100.000000       1100.49011    
   100.250000       1114.63062    
   100.500000       1125.03992    
   100.750000       1131.74304    
   101.000000       1134.76501    
   101.250000       1134.18713    
   101.500000       1130.31555    
   101.750000       1123.51245    
   102.000000       1114.14001    
   102.250000       1102.53552    
   102.500000       1088.93494    
   102.750000       1073.54944    
   103.000000       1056.59009    
   103.250000       1038.29565    
   103.500000       1019.01636    
   103.750000       999.130249    
   104.000000       979.015015    
   104.250000       959.045166    
   104.500000       939.580322    
   104.750000       920.976562    
   105.000000       903.590088    
   105.250000       887.691406    
   105.500000       873.208862    
   105.750000       859.985718    
   106.000000       847.864990    
   106.250000       836.691528    
   106.500000       826.318237    
   106.750000       816.599487    
   107.000000       807.390015    
   107.250000       798.589600    
   107.500000       790.277344    
   107.750000       782.577637    
   108.000000       775.614990    
   108.250000       769.489624    
   108.500000       764.206543    
   108.750000       759.746338    
   109.000000       756.089966    
   109.250000       753.151123    
   109.500000       750.574097    
   109.750000       747.936401    
   110.000000       744.815063    
   110.250000       740.839600    
   110.500000       735.849365    
   110.750000       729.735718    
   111.000000       722.390015    
   111.250000       713.785889    
   111.500000       704.224731    
   111.750000       694.089966    
   112.000000       683.765015    
   112.250000       673.610962    
   112.500000       663.898315    
   112.750000       654.875244    
   113.000000       646.790039    
   113.250000       639.782471    
   113.500000       633.559814    
   113.750000       627.720947    
   114.000000       621.865112    
   114.250000       615.612793    
   114.500000       608.671631    
   114.750000       600.770996    
   115.000000       591.640015    
   115.250000       581.115845    
   115.500000       569.465942    
   115.750000       557.065613    

 "IV theory
   72.2500000       643.740173    
   72.5000000       661.397095    
   72.7500000       679.018555    
   73.0000000       696.468445    
   73.2500000       713.607849    
   73.5000000       730.287659    
   73.7500000       746.356201    
   74.0000000       761.661987    
   74.2500000       776.056396    
   74.5000000       789.404663    
   74.7500000       801.575195    
   75.0000000       812.436279    
   75.2500000       821.870300    
   75.5000000       829.814270    
   75.7500000       836.218506    
   76.0000000       841.034241    
   76.2500000       844.226318    
   76.5000000       845.817078    
   76.7500000       845.843140    
   77.0000000       844.341309    
   77.2500000       841.351318    
   77.5000000       836.925842    
   77.7500000       831.120850    
   78.0000000       823.992065    
   78.2500000       815.595764    
   78.5000000       805.989441    
   78.7500000       795.231018    
   79.0000000       783.378052    
   79.2500000       770.493103    
   79.5000000       756.656067    
   79.7500000       741.951782    
   80.0000000       726.464600    
   80.2500000       710.283264    
   80.5000000       693.513428    
   80.7500000       676.264465    
   81.0000000       658.646118    
   81.2500000       640.769531    
   81.5000000       622.752930    
   81.7500000       604.716003    
   82.0000000       586.778564    
   82.2500000       569.056580    
   82.5000000       551.651733    
   82.7500000       534.661682    
   83.0000000       518.184204    
   83.2500000       502.300812    
   83.5000000       487.028473    
   83.7500000       472.367615    
   84.0000000       458.319000    
   84.2500000       444.866760    
   84.5000000       431.929474    
   84.7500000       419.409363    
   85.0000000       407.208618    
   85.2500000       395.224396    
   85.5000000       383.334137    
   85.7500000       371.410248    
   86.0000000       359.325073    
   86.2500000       346.957306    
   86.5000000       334.209991    
   86.7500000       320.992371    
   87.0000000       307.213745    
   87.2500000       292.808502    
   87.5000000       277.811737    
   87.7500000       262.283691    
   88.0000000       246.284607    
   88.2500000       229.900558    
   88.5000000       213.320770    
   88.7500000       196.760208    
   89.0000000       180.434006    
   89.2500000       164.564392    
   89.5000000       149.402649    
   89.7500000       135.207413    
   90.0000000       122.237221    
   90.2500000       110.743698    
   90.5000000       100.950592    
   90.7500000       93.0747223    
   91.0000000       87.3328934    
   91.2500000       83.9149704    
   91.5000000       82.9031067    
   91.7500000       84.3525620    
   92.0000000       88.3185577    
   92.2500000       94.8282471    
   92.5000000       103.796356    
   92.7500000       115.109566    
   93.0000000       128.654495    
   93.2500000       144.311111    
   93.5000000       161.932617    
   93.7500000       181.365463    
   94.0000000       202.456192    
   94.2500000       225.052750    
   94.5000000       249.009094    
   94.7500000       274.180695    
   95.0000000       300.423035    
   95.2500000       327.592712    
   95.5000000       355.551239    
   95.7500000       384.161224    
   96.0000000       413.285309    
   96.2500000       442.787903    
   96.5000000       472.540985    
   96.7500000       502.418274    
   97.0000000       532.293396    
   97.2500000       562.039795    
   97.5000000       591.530029    
   97.7500000       620.635864    
   98.0000000       649.229614    
   98.2500000       677.186584    
   98.5000000       704.395569    
   98.7500000       730.748474    
   99.0000000       756.137573    
   99.2500000       780.470642    
   99.5000000       803.718262    
   99.7500000       825.867004    
   100.000000       846.903198    
   100.250000       866.829529    
   100.500000       885.712463    
   100.750000       903.634949    
   101.000000       920.679626    
   101.250000       936.933594    
   101.500000       952.500610    
   101.750000       967.489197    
   102.000000       982.007324    
   102.250000       996.160400    
   102.500000       1010.04236    
   102.750000       1023.74390    
   103.000000       1037.35632    
   103.250000       1050.96057    
   103.500000       1064.59753    
   103.750000       1078.29871    
   104.000000       1092.09521    
   104.250000       1106.00720    
   104.500000       1120.01343    
   104.750000       1134.08069    
   105.000000       1148.17712    
   105.250000       1162.26770    
   105.500000       1176.30933    
   105.750000       1190.25647    
   106.000000       1204.06348    
   106.250000       1217.68384    
   106.500000       1231.06580    
   106.750000       1244.15686    
   107.000000       1256.90381    
   107.250000       1269.24622    
   107.500000       1281.09204    
   107.750000       1292.34094    
   108.000000       1302.89355    
   108.250000       1312.64185    
   108.500000       1321.44763    
   108.750000       1329.16541    
   109.000000       1335.64941    
   109.250000       1340.75098    
   109.500000       1344.31030    
   109.750000       1346.16443    
   110.000000       1346.15039    
   110.250000       1344.11096    
   110.500000       1339.91113    
   110.750000       1333.42090    
   111.000000       1324.51086    
   111.250000       1313.07520    
   111.500000       1299.10388    
   111.750000       1282.61121    
   112.000000       1263.61096    
   112.250000       1242.14209    
   112.500000       1218.34204    
   112.750000       1192.37268    
   113.000000       1164.39636    
   113.250000       1134.58130    
   113.500000       1103.12097    
   113.750000       1070.21448    
   114.000000       1036.06128    
   114.250000       1000.85791    
   114.500000       964.789307    
   114.750000       928.037781    
   115.000000       890.785278    
   115.250000       853.205627    
   115.500000       815.439148    
   115.750000       777.617859    

TitleText: Ni(001)-(5x5)-Li     Beam (1,4/5)              Rfac10=0.7149
 "IV exp
   72.2500000       681.727173    
   72.5000000       678.999512    
   72.7500000       676.342163    
   73.0000000       673.790039    
   73.2500000       671.432373    
   73.5000000       669.574097    
   73.7500000       668.573730    
   74.0000000       668.790039    
   74.2500000       670.574585    
   74.5000000       674.250488    
   74.7500000       680.133667    
   75.0000000       688.540039    
   75.2500000       699.693359    
   75.5000000       713.448608    
   75.7500000       729.568237    
   76.0000000       747.815063    
   76.2500000       767.943359    
   76.5000000       789.673828    
   76.7500000       812.718628    
   77.0000000       836.790039    
   77.2500000       861.569702    
   77.5000000       886.618164    
   77.7500000       911.464844    
   78.0000000       935.640015    
   78.2500000       958.671875    
   78.5000000       980.084229    
   78.7500000       999.399414    
   79.0000000       1016.14001    
   79.2500000       1029.92993    
   79.5000000       1040.80042    
   79.7500000       1048.88452    
   80.0000000       1054.31506    
   80.2500000       1057.21643    
   80.5000000       1057.67896    
   80.7500000       1055.78455    
   81.0000000       1051.61511    
   81.2500000       1045.16858    
   81.5000000       1036.10840    
   81.7500000       1024.01404    
   82.0000000       1008.46509    
   82.2500000       989.357910    
   82.5000000       967.856079    
   82.7500000       945.440063    
   83.0000000       923.590088    
   83.2500000       903.508667    
   83.5000000       885.285767    
   83.7500000       868.733887    
   84.0000000       853.665039    
   84.2500000       839.581299    
   84.5000000       824.744263    
   84.7500000       807.104980    
   85.0000000       784.615112    
   85.2500000       755.933838    
   85.5000000       722.552856    
   85.7500000       686.671631    
   86.0000000       650.489990    
   86.2500000       615.950684    
   86.5000000       583.969360    
   86.7500000       555.204468    
   87.0000000       530.315063    
   87.2500000       509.642151    
   87.5000000       492.257050    
   87.7500000       476.913422    
   88.0000000       462.365051    
   88.2500000       447.674042    
   88.5000000       433.136536    
   88.7500000       419.356995    
   89.0000000       406.940033    
   89.2500000       396.402313    
   89.5000000       387.909027    
   89.7500000       381.537476    
   90.0000000       377.365051    
   90.2500000       375.403473    
   90.5000000       375.402100    
   90.7500000       377.044708    
   91.0000000       380.015045    
   91.2500000       384.049103    
   91.5000000       389.091614    
   91.7500000       395.139587    
   92.0000000       402.190033    
   92.2500000       410.272461    
   92.5000000       419.546722    
   92.7500000       430.205109    
   93.0000000       442.440033    
   93.2500000       456.394196    
   93.5000000       472.011749    
   93.7500000       489.187195    
   94.0000000       507.815033    
   94.2500000       527.780762    
   94.5000000       548.933960    
   94.7500000       571.115112    
   95.0000000       594.165039    
   95.2500000       617.931030    
   95.5000000       642.289307    
   95.7500000       667.123047    
   96.0000000       692.315063    
   96.2500000       717.765137    
   96.5000000       743.439331    
   96.7500000       769.320190    
   97.0000000       795.390015    
   97.2500000       821.651978    
   97.5000000       848.190186    
   97.7500000       875.109619    
   98.0000000       902.515015    
   98.2500000       930.413330    
   98.5000000       958.421143    
   98.7500000       986.057129    
   99.0000000       1012.83997    
   99.2500000       1038.26782    
   99.5000000       1061.75574    
   99.7500000       1082.69836    
   100.000000       1100.49011    
   100.250000       1114.63062    
   100.500000       1125.03992    
   100.750000       1131.74304    
   101.000000       1134.76501    
   101.250000       1134.18713    
   101.500000       1130.31555    
   101.750000       1123.51245    
   102.000000       1114.14001    
   102.250000       1102.53552    
   102.500000       1088.93494    
   102.750000       1073.54944    
   103.000000       1056.59009    
   103.250000       1038.29565    
   103.500000       1019.01636    
   103.750000       999.130249    
   104.000000       979.015015    
   104.250000       959.045166    
   104.500000       939.580322    
   104.750000       920.976562    
   105.000000       903.590088    
   105.250000       887.691406    
   105.500000       873.208862    
   105.750000       859.985718    
   106.000000       847.864990    
   106.250000       836.691528    
   106.500000       826.318237    
   106.750000       816.599487    
   107.000000       807.390015    
   107.250000       798.589600    
   107.500000       790.277344    
   107.750000       782.577637    
   108.000000       775.614990    
   108.250000       769.489624    
   108.500000       764.206543    
   108.750000       759.746338    
   109.000000       756.089966    
   109.250000       753.151123    
   109.500000       750.574097    
   109.750000       747.936401    
   110.000000       744.815063    
   110.250000       740.839600    
   110.500000       735.849365    
   110.750000       729.735718    
   111.000000       722.390015    
   111.250000       713.785889    
   111.500000       704.224731    
   111.750000       694.089966    
   112.000000       683.765015    
   112.250000       673.610962    
   112.500000       663.898315    
   112.750000       654.875244    
   113.000000       646.790039    
   113.250000       639.782471    
   113.500000       633.559814    
   113.750000       627.720947    
   114.000000       621.865112    
   114.250000       615.612793    
   114.500000       608.671631    
   114.750000       600.770996    
   115.000000       591.640015    
   115.250000       581.115845    
   115.500000       569.465942    
   115.750000       557.065613    

 "IV theory
   72.2500000       1072.60437    
   72.5000000       1154.07312    
   72.7500000       1240.77478    
   73.0000000       1332.60754    
   73.2500000       1429.33203    
   73.5000000       1530.16199    
   73.7500000       1634.17273    
   74.0000000       1740.44080    
   74.2500000       1847.97656    
   74.5000000       1955.52881    
   74.7500000       2061.78052    
   75.0000000       2165.41504    
   75.2500000       2265.11816    
   75.5000000       2359.58521    
   75.7500000       2447.51514    
   76.0000000       2527.60571    
   76.2500000       2598.64404    
   76.5000000       2659.77441    
   76.7500000       2710.22925    
   77.0000000       2749.24219    
   77.2500000       2776.21533    
   77.5000000       2791.23071    
   77.7500000       2794.54102    
   78.0000000       2786.39722    
   78.2500000       2767.13232    
   78.5000000       2737.40112    
   78.7500000       2697.93823    
   79.0000000       2649.48022    
   79.2500000       2592.76001    
   79.5000000       2528.50635    
   79.7500000       2457.44629    
   80.0000000       2380.30664    
   80.2500000       2297.80688    
   80.5000000       2210.63892    
   80.7500000       2119.48633    
   81.0000000       2025.03210    
   81.2500000       1927.94666    
   81.5000000       1828.84119    
   81.7500000       1728.31287    
   82.0000000       1626.95923    
   82.2500000       1525.37048    
   82.5000000       1424.11096    
   82.7500000       1323.73804    
   83.0000000       1224.80957    
   83.2500000       1127.88208    
   83.5000000       1033.51099    
   83.7500000       942.251038    
   84.0000000       854.656860    
   84.2500000       771.248230    
   84.5000000       692.405212    
   84.7500000       618.472778    
   85.0000000       549.796082    
   85.2500000       486.653839    
   85.5000000       429.059753    
   85.7500000       376.961151    
   86.0000000       330.305481    
   86.2500000       289.008636    
   86.5000000       252.860779    
   86.7500000       221.620575    
   87.0000000       195.046707    
   87.2500000       172.898376    
   87.5000000       154.936401    
   87.7500000       140.922195    
   88.0000000       130.617081    
   88.2500000       123.778671    
   88.5000000       120.149551    
   88.7500000       119.468613    
   89.0000000       121.474701    
   89.2500000       125.899872    
   89.5000000       132.449081    
   89.7500000       140.820465    
   90.0000000       150.712189    
   90.2500000       161.818985    
   90.5000000       173.822266    
   90.7500000       186.399963    
   91.0000000       199.230057    
   91.2500000       211.990952    
   91.5000000       224.362823    
   91.7500000       236.026199    
   92.0000000       246.661652    
   92.2500000       255.972946    
   92.5000000       263.756653    
   92.7500000       269.832428    
   93.0000000       274.020050    
   93.2500000       276.183319    
   93.5000000       276.362183    
   93.7500000       274.640717    
   94.0000000       271.102936    
   94.2500000       265.853882    
   94.5000000       259.082214    
   94.7500000       250.997696    
   95.0000000       241.810013    
   95.2500000       231.728394    
   95.5000000       220.960297    
   95.7500000       209.712753    
   96.0000000       198.192795    
   96.2500000       186.600510    
   96.5000000       175.108490    
   96.7500000       163.882477    
   97.0000000       153.088135    
   97.2500000       142.877914    
   97.5000000       133.351059    
   97.7500000       124.593567    
   98.0000000       116.691414    
   98.2500000       109.724358    
   98.5000000       103.747276    
   98.7500000       98.8088074    
   99.0000000       94.9575882    
   99.2500000       92.2421417    
   99.5000000       90.7105255    
   99.7500000       90.4106369    
   100.000000       91.3904037    
   100.250000       93.6841507    
   100.500000       97.2717743    
   100.750000       102.119606    
   101.000000       108.193954    
   101.250000       115.435402    
   101.500000       123.681656    
   101.750000       132.744690    
   102.000000       142.436493    
   102.250000       152.556686    
   102.500000       162.855621    
   102.750000       173.071259    
   103.000000       182.941605    
   103.250000       192.205185    
   103.500000       200.602921    
   103.750000       207.876358    
   104.000000       213.766937    
   104.250000       218.040207    
   104.500000       220.557907    
   104.750000       221.205719    
   105.000000       219.869385    
   105.250000       216.480362    
   105.500000       211.153030    
   105.750000       204.047424    
   106.000000       195.323639    
   106.250000       185.163498    
   106.500000       173.835953    
   106.750000       161.631729    
   107.000000       148.841507    
   107.250000       135.755432    
   107.500000       122.661125    
   107.750000       109.845619    
   108.000000       97.5959396    
   108.250000       86.1825562    
   108.500000       75.8096085    
   108.750000       66.6646881    
   109.000000       58.9353981    
   109.250000       52.7776718    
   109.500000       48.2208366    
   109.750000       45.2625923    
   110.000000       43.9006081    
   110.250000       44.1175346    
   110.500000       45.8358421    
   110.750000       48.9629707    
   111.000000       53.4063377    
   111.250000       59.0737343    
   111.500000       65.8744125    
   111.750000       73.7179489    
   112.000000       82.5139313    
   112.250000       92.1796036    
   112.500000       102.662796    
   112.750000       113.918922    
   113.000000       125.903442    
   113.250000       138.586426    
   113.500000       151.996353    
   113.750000       166.176331    
   114.000000       181.169434    
   114.250000       197.025848    
   114.500000       213.823761    
   114.750000       231.648468    
   115.000000       250.585281    
   115.250000       270.718964    
   115.500000       292.132507    
   115.750000       314.908356    

TitleText: Ni(001)-(5x5)-Li     Beam (1,4/5)              Rfac10=0.3631
 "IV exp
   72.2500000       681.727173    
   72.5000000       678.999512    
   72.7500000       676.342163    
   73.0000000       673.790039    
   73.2500000       671.432373    
   73.5000000       669.574097    
   73.7500000       668.573730    
   74.0000000       668.790039    
   74.2500000       670.574585    
   74.5000000       674.250488    
   74.7500000       680.133667    
   75.0000000       688.540039    
   75.2500000       699.693359    
   75.5000000       713.448608    
   75.7500000       729.568237    
   76.0000000       747.815063    
   76.2500000       767.943359    
   76.5000000       789.673828    
   76.7500000       812.718628    
   77.0000000       836.790039    
   77.2500000       861.569702    
   77.5000000       886.618164    
   77.7500000       911.464844    
   78.0000000       935.640015    
   78.2500000       958.671875    
   78.5000000       980.084229    
   78.7500000       999.399414    
   79.0000000       1016.14001    
   79.2500000       1029.92993    
   79.5000000       1040.80042    
   79.7500000       1048.88452    
   80.0000000       1054.31506    
   80.2500000       1057.21643    
   80.5000000       1057.67896    
   80.7500000       1055.78455    
   81.0000000       1051.61511    
   81.2500000       1045.16858    
   81.5000000       1036.10840    
   81.7500000       1024.01404    
   82.0000000       1008.46509    
   82.2500000       989.357910    
   82.5000000       967.856079    
   82.7500000       945.440063    
   83.0000000       923.590088    
   83.2500000       903.508667    
   83.5000000       885.285767    
   83.7500000       868.733887    
   84.0000000       853.665039    
   84.2500000       839.581299    
   84.5000000       824.744263    
   84.7500000       807.104980    
   85.0000000       784.615112    
   85.2500000       755.933838    
   85.5000000       722.552856    
   85.7500000       686.671631    
   86.0000000       650.489990    
   86.2500000       615.950684    
   86.5000000       583.969360    
   86.7500000       555.204468    
   87.0000000       530.315063    
   87.2500000       509.642151    
   87.5000000       492.257050    
   87.7500000       476.913422    
   88.0000000       462.365051    
   88.2500000       447.674042    
   88.5000000       433.136536    
   88.7500000       419.356995    
   89.0000000       406.940033    
   89.2500000       396.402313    
   89.5000000       387.909027    
   89.7500000       381.537476    
   90.0000000       377.365051    
   90.2500000       375.403473    
   90.5000000       375.402100    
   90.7500000       377.044708    
   91.0000000       380.015045    
   91.2500000       384.049103    
   91.5000000       389.091614    
   91.7500000       395.139587    
   92.0000000       402.190033    
   92.2500000       410.272461    
   92.5000000       419.546722    
   92.7500000       430.205109    
   93.0000000       442.440033    
   93.2500000       456.394196    
   93.5000000       472.011749    
   93.7500000       489.187195    
   94.0000000       507.815033    
   94.2500000       527.780762    
   94.5000000       548.933960    
   94.7500000       571.115112    
   95.0000000       594.165039    
   95.2500000       617.931030    
   95.5000000       642.289307    
   95.7500000       667.123047    
   96.0000000       692.315063    
   96.2500000       717.765137    
   96.5000000       743.439331    
   96.7500000       769.320190    
   97.0000000       795.390015    
   97.2500000       821.651978    
   97.5000000       848.190186    
   97.7500000       875.109619    
   98.0000000       902.515015    
   98.2500000       930.413330    
   98.5000000       958.421143    
   98.7500000       986.057129    
   99.0000000       1012.83997    
   99.2500000       1038.26782    
   99.5000000       1061.75574    
   99.7500000       1082.69836    
   100.000000       1100.49011    
   100.250000       1114.63062    
   100.500000       1125.03992    
   100.750000       1131.74304    
   101.000000       1134.76501    
   101.250000       1134.18713    
   101.500000       1130.31555    
   101.750000       1123.51245    
   102.000000       1114.14001    
   102.250000       1102.53552    
   102.500000       1088.93494    
   102.750000       1073.54944    
   103.000000       1056.59009    
   103.250000       1038.29565    
   103.500000       1019.01636    
   103.750000       999.130249    
   104.000000       979.015015    
   104.250000       959.045166    
   104.500000       939.580322    
   104.750000       920.976562    
   105.000000       903.590088    
   105.250000       887.691406    
   105.500000       873.208862    
   105.750000       859.985718    
   106.000000       847.864990    
   106.250000       836.691528    
   106.500000       826.318237    
   106.750000       816.599487    
   107.000000       807.390015    
   107.250000       798.589600    
   107.500000       790.277344    
   107.750000       782.577637    
   108.000000       775.614990    
   108.250000       769.489624    
   108.500000       764.206543    
   108.750000       759.746338    
   109.000000       756.089966    
   109.250000       753.151123    
   109.500000       750.574097    
   109.750000       747.936401    
   110.000000       744.815063    
   110.250000       740.839600    
   110.500000       735.849365    
   110.750000       729.735718    
   111.000000       722.390015    
   111.250000       713.785889    
   111.500000       704.224731    
   111.750000       694.089966    
   112.000000       683.765015    
   112.250000       673.610962    
   112.500000       663.898315    
   112.750000       654.875244    
   113.000000       646.790039    
   113.250000       639.782471    
   113.500000       633.559814    
   113.750000       627.720947    
   114.000000       621.865112    
   114.250000       615.612793    
   114.500000       608.671631    
   114.750000       600.770996    
   115.000000       591.640015    
   115.250000       581.115845    
   115.500000       569.465942    
   115.750000       557.065613    

 "IV theory
   72.2500000       429.739655    
   72.5000000       456.369720    
   72.7500000       484.207184    
   73.0000000       512.999390    
   73.2500000       542.492920    
   73.5000000       572.432007    
   73.7500000       602.560364    
   74.0000000       632.621521    
   74.2500000       662.365295    
   74.5000000       691.564453    
   74.7500000       719.997803    
   75.0000000       747.444336    
   75.2500000       773.695129    
   75.5000000       798.591248    
   75.7500000       821.985901    
   76.0000000       843.732483    
   76.2500000       863.690979    
   76.5000000       881.749268    
   76.7500000       897.801636    
   77.0000000       911.742676    
   77.2500000       923.466614    
   77.5000000       932.867432    
   77.7500000       939.838989    
   78.0000000       944.274719    
   78.2500000       946.080383    
   78.5000000       945.208557    
   78.7500000       941.623840    
   79.0000000       935.290894    
   79.2500000       926.199768    
   79.5000000       914.444092    
   79.7500000       900.142822    
   80.0000000       883.414978    
   80.2500000       864.393799    
   80.5000000       843.268127    
   80.7500000       820.240784    
   81.0000000       795.514648    
   81.2500000       769.293091    
   81.5000000       741.781250    
   81.7500000       713.184570    
   82.0000000       683.708923    
   82.2500000       653.555969    
   82.5000000       622.912964    
   82.7500000       591.963196    
   83.0000000       560.889893    
   83.2500000       529.868835    
   83.5000000       499.044312    
   83.7500000       468.552795    
   84.0000000       438.530884    
   84.2500000       409.110901    
   84.5000000       380.407776    
   84.7500000       352.532379    
   85.0000000       325.595398    
   85.2500000       299.707642    
   85.5000000       274.979919    
   85.7500000       251.523056    
   86.0000000       229.447815    
   86.2500000       208.860443    
   86.5000000       189.848862    
   86.7500000       172.496368    
   87.0000000       156.886368    
   87.2500000       143.092133    
   87.5000000       131.146912    
   87.7500000       121.074036    
   88.0000000       112.896736    
   88.2500000       106.632843    
   88.5000000       102.278290    
   88.7500000       99.8235168    
   89.0000000       99.2589645    
   89.2500000       100.575096    
   89.5000000       103.762268    
   89.7500000       108.810829    
   90.0000000       115.711105    
   90.2500000       124.448524    
   90.5000000       134.988724    
   90.7500000       147.292435    
   91.0000000       161.320374    
   91.2500000       177.022400    
   91.5000000       194.304993    
   91.7500000       213.063797    
   92.0000000       233.194458    
   92.2500000       254.586792    
   92.5000000       277.107300    
   92.7500000       300.616699    
   93.0000000       324.975677    
   93.2500000       350.044617    
   93.5000000       375.682404    
   93.7500000       401.747620    
   94.0000000       428.098877    
   94.2500000       454.602814    
   94.5000000       481.158264    
   94.7500000       507.672211    
   95.0000000       534.051575    
   95.2500000       560.220825    
   95.5000000       586.174255    
   95.7500000       611.923462    
   96.0000000       637.480286    
   96.2500000       662.865906    
   96.5000000       688.138794    
   96.7500000       713.367188    
   97.0000000       738.618835    
   97.2500000       763.962463    
   97.5000000       789.469360    
   97.7500000       815.211182    
   98.0000000       841.259827    
   98.2500000       867.671631    
   98.5000000       894.440552    
   98.7500000       921.545288    
   99.0000000       948.964355    
   99.2500000       976.642639    
   99.5000000       1004.39050    
   99.7500000       1031.98425    
   100.000000       1059.20056    
   100.250000       1085.79785    
   100.500000       1111.46191    
   100.750000       1135.86072    
   101.000000       1158.66199    
   101.250000       1179.53259    
   101.500000       1198.13452    
   101.750000       1214.12952    
   102.000000       1227.17908    
   102.250000       1236.96790    
   102.500000       1243.27441    
   102.750000       1245.90088    
   103.000000       1244.64893    
   103.250000       1239.37146    
   103.500000       1230.12305    
   103.750000       1217.00964    
   104.000000       1200.13684    
   104.250000       1179.63757    
   104.500000       1155.75537    
   104.750000       1128.76050    
   105.000000       1098.92383    
   105.250000       1066.51685    
   105.500000       1031.81360    
   105.750000       995.089417    
   106.000000       956.619141    
   106.250000       916.677551    
   106.500000       875.538025    
   106.750000       833.473450    
   107.000000       790.757202    
   107.250000       747.661865    
   107.500000       704.459656    
   107.750000       661.422485    
   108.000000       618.822083    
   108.250000       576.930115    
   108.500000       536.016968    
   108.750000       496.352753    
   109.000000       458.207611    
   109.250000       421.852020    
   109.500000       387.558624    
   109.750000       355.600555    
   110.000000       326.250763    
   110.250000       299.762573    
   110.500000       276.309845    
   110.750000       256.046600    
   111.000000       239.126892    
   111.250000       225.661682    
   111.500000       215.589294    
   111.750000       208.805176    
   112.000000       205.204544    
   112.250000       204.659302    
   112.500000       206.947815    
   112.750000       211.824966    
   113.000000       219.045609    
   113.250000       228.364014    
   113.500000       239.531525    
   113.750000       252.298889    
   114.000000       266.416748    
   114.250000       281.639526    
   114.500000       297.736511    
   114.750000       314.480804    
   115.000000       331.645355    
   115.250000       349.010986    
   115.500000       366.388794    
   115.750000       383.597961    

