TitleText: Ni(001)-(5x5)-Li     Beam (1/5,0)              Rfac10=0.4732
 "IV exp
   21.250000000000000        458.41086147631324     
   21.500000000000000        464.14337836210109     
   21.750000000000000        473.59920606683852     
   22.000000000000000        488.63999999999999     
   22.250000000000000        511.34583828658572     
   22.500000000000000        544.67048991369666     
   22.750000000000000        591.78614658395929     
   23.000000000000000        655.86500000000001     
   23.250000000000000        740.08211350234421     
   23.500000000000000        847.62403698311232     
   23.750000000000000        981.68019197232422     
   24.000000000000000        1145.4400000000001     
   24.250000000000000        1341.5016452040379     
   24.500000000000000        1570.0983621538542     
   24.750000000000000        1830.8721480267434     
   25.000000000000000        2123.4650000000001     
   25.250000000000000        2446.1052119315036     
   25.500000000000000        2791.3662644014707     
   25.750000000000000        3150.4079346707031     
   26.000000000000000        3514.3899999999999     
   26.250000000000000        3873.7425070699464     
   26.500000000000000        4215.9765802402617     
   26.750000000000000        4527.8736132904460     
   27.000000000000000        4796.2150000000011     
   27.250000000000000        5010.2319472887111     
   27.500000000000000        5168.9549146374857     
   27.750000000000000        5273.8641746675185     
   28.000000000000000        5326.4400000000005     
   28.250000000000000        5329.4911881502148     
   28.500000000000000        5291.1406362097987     
   28.750000000000000        5220.8397661644840     
   29.000000000000000        5128.0400000000000     
   29.250000000000000        5021.0362688604355     
   29.500000000000000        4903.4975405233217     
   29.750000000000000        4777.9362919245468     
   30.000000000000000        4646.8650000000007     
   30.250000000000000        4512.5564707830445     
   30.500000000000000        4376.3248266969176     
   30.750000000000000        4239.2445192623327     
   31.000000000000000        4102.3900000000003     
   31.250000000000000        3967.1001136323921     
   31.500000000000000        3835.7712776890121     
   31.750000000000000        3711.0643029011267     
   32.000000000000000        3595.6399999999999     
   32.250000000000000        3491.9002621873901     
   32.500000000000000        3401.2113125470337     
   32.750000000000000        3324.6804566331598     
   33.000000000000000        3263.4149999999995     
   33.250000000000000        3217.2587594930465     
   33.500000000000000        3181.0015971228518     
   33.750000000000000        3148.1698861912309     
   34.000000000000000        3112.2899999999995     
   34.250000000000000        3066.9484498404213     
   34.500000000000000        3005.9722989615566     
   34.750000000000000        2923.2487486019131     
   35.000000000000000        2812.6649999999995     
   35.250000000000000        2670.3558005202649     
   35.500000000000000        2501.4460820309196     
   35.750000000000000        2313.3083225261144     
   36.000000000000000        2113.3150000000001     
   36.250000000000000        1908.9913949535169     
   36.500000000000000        1708.4739979147637     
   36.750000000000000        1520.0521019186285     
   37.000000000000000        1352.0150000000001     
   37.250000000000000        1210.8588540406677     
   37.500000000000000        1095.9073013100262     
   37.750000000000000        1004.6908479243717     
   38.000000000000000        934.74000000000001     
   38.250000000000000        883.30225138381240     
   38.500000000000000        846.49304684513152     
   38.750000000000000        820.14481888388480     
   39.000000000000000        800.09000000000003     
   39.250000000000000        782.69128104908259     
   39.500000000000000        766.43238630944813     
   39.750000000000000        750.32729841508956     
   40.000000000000000        733.38999999999999     
   40.250000000000000        714.81246816985697     
   40.500000000000000        694.49865791707600     
   40.750000000000000        672.53051870575712     
   41.000000000000000        648.99000000000001     
   41.250000000000000        624.03400252148958     
   41.500000000000000        598.11923202224796     
   41.750000000000000        571.77734551188246     
   42.000000000000000        545.53999999999996     
   42.250000000000000        519.89269361918525     
   42.500000000000000        495.13628899393234     
   42.750000000000000        471.52548987171338     
   43.000000000000000        449.31500000000000     
   43.250000000000000        428.64811362676971     
   43.500000000000000        409.22248700202255     
   43.750000000000000        390.62436687626405     

 "IV theory
   21.250000000000000        2734.5545430632114     
   21.500000000000000        2879.9498707732678     
   21.750000000000000        3025.1121158618621     
   22.000000000000000        3169.4503847853939     
   22.250000000000000        3312.4018055766328     
   22.500000000000000        3453.5155925738313     
   22.750000000000000        3592.3689816916099     
   23.000000000000000        3728.5392088445883     
   23.250000000000000        3861.6139589916747     
   23.500000000000000        3991.2227132689086     
   23.750000000000000        4117.0054018566179     
   24.000000000000000        4238.6019549351286     
   24.250000000000000        4355.6517805851072     
   24.500000000000000        4467.7921984885852     
   24.750000000000000        4574.6600062279276     
   25.000000000000000        4675.8920013855086     
   25.250000000000000        4771.1279431234661     
   25.500000000000000        4860.0194369230112     
   25.750000000000000        4942.2210498451241     
   26.000000000000000        5017.3873489507878     
   26.250000000000000        5085.1776708464595     
   26.500000000000000        5145.2704303205155     
   26.750000000000000        5197.3488117068082     
   27.000000000000000        5241.0959993391880     
   27.250000000000000        5276.1952322545312     
   27.500000000000000        5302.3299683017967     
   27.750000000000000        5319.1837200329592     
   28.000000000000000        5326.4400000000005     
   28.250000000000000        5323.7887163598607     
   28.500000000000000        5310.9453596893363     
   28.750000000000000        5287.6318161701865     
   29.000000000000000        5253.5699719841723     
   29.250000000000000        5208.5585468003201     
   29.500000000000000        5152.7035942367247     
   29.750000000000000        5086.1880013987511     
   30.000000000000000        5009.1946553917587     
   30.250000000000000        4922.0235704561128     
   30.500000000000000        4825.4432693721892     
   30.750000000000000        4720.3394020553624     
   31.000000000000000        4607.5976184210103     
   31.250000000000000        4488.1497316993073     
   31.500000000000000        4363.1122083796317     
   31.750000000000000        4233.6476782661557     
   32.000000000000000        4100.9187711630520     
   32.250000000000000        3966.0794352637454     
   32.500000000000000        3830.2488923186493     
   32.750000000000000        3694.5376824674281     
   33.000000000000000        3560.0563458497427     
   33.250000000000000        3427.8553319126627     
   33.500000000000000        3298.7447273328708     
   33.750000000000000        3173.4745280944589     
   34.000000000000000        3052.7947301815157     
   34.250000000000000        2937.3615437944741     
   34.500000000000000        2827.4560359991333     
   34.750000000000000        2723.2654880776354     
   35.000000000000000        2624.9771813121224     
   35.250000000000000        2532.7429734470893     
   35.500000000000000        2446.5730280764437     
   35.750000000000000        2366.4420852564485     
   36.000000000000000        2292.3248850433642     
   36.250000000000000        2224.1981113187453     
   36.500000000000000        2162.0462232653185     
   36.750000000000000        2105.8556238911028     
   37.000000000000000        2055.6127162041171     
   37.250000000000000        2011.2939119940431     
   37.500000000000000        1972.8356581772186     
   37.750000000000000        1940.1644104516408     
   38.000000000000000        1913.2066245153101     
   38.250000000000000        1891.8747437068187     
   38.500000000000000        1876.0251619271301     
   38.750000000000000        1865.5002607178021     
   39.000000000000000        1860.1424216203920     
   39.250000000000000        1859.7886323177374     
   39.500000000000000        1864.2543050578006     
   39.750000000000000        1873.3494582298229     
   40.000000000000000        1886.8841102230474     
   40.250000000000000        1904.6684105887023     
   40.500000000000000        1926.5130335259587     
   40.750000000000000        1952.2287843959725     
   41.000000000000000        1981.6264685598996     
   41.250000000000000        2014.5133094654561     
   41.500000000000000        2050.6822029065925     
   41.750000000000000        2089.9224627638200     
   42.000000000000000        2132.0234029176468     
   42.250000000000000        2176.7689867857662     
   42.500000000000000        2223.9217759345947     
   42.750000000000000        2273.2389814677326     
   43.000000000000000        2324.4778144887773     
   43.250000000000000        2377.3936346599080     
   43.500000000000000        2431.7343958776169     
   43.750000000000000        2487.2462005969760     

TitleText: Ni(001)-(5x5)-Li     Beam (1/5,0)              Rfac10=0.0910
 "IV exp
   21.250000000000000        458.41086147631324     
   21.500000000000000        464.14337836210109     
   21.750000000000000        473.59920606683852     
   22.000000000000000        488.63999999999999     
   22.250000000000000        511.34583828658572     
   22.500000000000000        544.67048991369666     
   22.750000000000000        591.78614658395929     
   23.000000000000000        655.86500000000001     
   23.250000000000000        740.08211350234421     
   23.500000000000000        847.62403698311232     
   23.750000000000000        981.68019197232422     
   24.000000000000000        1145.4400000000001     
   24.250000000000000        1341.5016452040379     
   24.500000000000000        1570.0983621538542     
   24.750000000000000        1830.8721480267434     
   25.000000000000000        2123.4650000000001     
   25.250000000000000        2446.1052119315036     
   25.500000000000000        2791.3662644014707     
   25.750000000000000        3150.4079346707031     
   26.000000000000000        3514.3899999999999     
   26.250000000000000        3873.7425070699464     
   26.500000000000000        4215.9765802402617     
   26.750000000000000        4527.8736132904460     
   27.000000000000000        4796.2150000000011     
   27.250000000000000        5010.2319472887111     
   27.500000000000000        5168.9549146374857     
   27.750000000000000        5273.8641746675185     
   28.000000000000000        5326.4400000000005     
   28.250000000000000        5329.4911881502148     
   28.500000000000000        5291.1406362097987     
   28.750000000000000        5220.8397661644840     
   29.000000000000000        5128.0400000000000     
   29.250000000000000        5021.0362688604355     
   29.500000000000000        4903.4975405233217     
   29.750000000000000        4777.9362919245468     
   30.000000000000000        4646.8650000000007     
   30.250000000000000        4512.5564707830445     
   30.500000000000000        4376.3248266969176     
   30.750000000000000        4239.2445192623327     
   31.000000000000000        4102.3900000000003     
   31.250000000000000        3967.1001136323921     
   31.500000000000000        3835.7712776890121     
   31.750000000000000        3711.0643029011267     
   32.000000000000000        3595.6399999999999     
   32.250000000000000        3491.9002621873901     
   32.500000000000000        3401.2113125470337     
   32.750000000000000        3324.6804566331598     
   33.000000000000000        3263.4149999999995     
   33.250000000000000        3217.2587594930465     
   33.500000000000000        3181.0015971228518     
   33.750000000000000        3148.1698861912309     
   34.000000000000000        3112.2899999999995     
   34.250000000000000        3066.9484498404213     
   34.500000000000000        3005.9722989615566     
   34.750000000000000        2923.2487486019131     
   35.000000000000000        2812.6649999999995     
   35.250000000000000        2670.3558005202649     
   35.500000000000000        2501.4460820309196     
   35.750000000000000        2313.3083225261144     
   36.000000000000000        2113.3150000000001     
   36.250000000000000        1908.9913949535169     
   36.500000000000000        1708.4739979147637     
   36.750000000000000        1520.0521019186285     
   37.000000000000000        1352.0150000000001     
   37.250000000000000        1210.8588540406677     
   37.500000000000000        1095.9073013100262     
   37.750000000000000        1004.6908479243717     
   38.000000000000000        934.74000000000001     
   38.250000000000000        883.30225138381240     
   38.500000000000000        846.49304684513152     
   38.750000000000000        820.14481888388480     
   39.000000000000000        800.09000000000003     
   39.250000000000000        782.69128104908259     
   39.500000000000000        766.43238630944813     
   39.750000000000000        750.32729841508956     
   40.000000000000000        733.38999999999999     
   40.250000000000000        714.81246816985697     
   40.500000000000000        694.49865791707600     
   40.750000000000000        672.53051870575712     
   41.000000000000000        648.99000000000001     
   41.250000000000000        624.03400252148958     
   41.500000000000000        598.11923202224796     
   41.750000000000000        571.77734551188246     
   42.000000000000000        545.53999999999996     
   42.250000000000000        519.89269361918525     
   42.500000000000000        495.13628899393234     
   42.750000000000000        471.52548987171338     
   43.000000000000000        449.31500000000000     
   43.250000000000000        428.64811362676971     
   43.500000000000000        409.22248700202255     
   43.750000000000000        390.62436687626405     

 "IV theory
   21.250000000000000        2757.9725124983538     
   21.500000000000000        2915.3297535086435     
   21.750000000000000        3072.9417398848418     
   22.000000000000000        3229.8194084643228     
   22.250000000000000        3385.0151327698154     
   22.500000000000000        3537.7470330654669     
   22.750000000000000        3687.2746663007779     
   23.000000000000000        3832.8575894252485     
   23.250000000000000        3973.8133112692485     
   23.500000000000000        4109.6911481866182     
   23.750000000000000        4240.0983684120647     
   24.000000000000000        4364.6422401802993     
   24.250000000000000        4482.9483129169939     
   24.500000000000000        4594.7152608116885     
   24.750000000000000        4699.6600392448900     
   25.000000000000000        4797.4996035970989     
   25.250000000000000        4887.9508821569452     
   25.500000000000000        4970.7306948455398     
   25.750000000000000        5045.5558344921201     
   26.000000000000000        5112.1430939259180     
   26.250000000000000        5170.2252772811607     
   26.500000000000000        5219.5992339120276     
   26.750000000000000        5260.0778244776957     
   27.000000000000000        5291.4739096373378     
   27.250000000000000        5313.6215992532207     
   27.500000000000000        5326.4400000000005     
   27.750000000000000        5329.8694677554267     
   28.000000000000000        5323.8503583972488     
   28.250000000000000        5308.3277581538932     
   28.500000000000000        5283.2656746564862     
   28.750000000000000        5248.6328458868293     
   29.000000000000000        5204.3980098267266     
   29.250000000000000        5150.5384167767525     
   29.500000000000000        5087.0653663125731     
   29.750000000000000        5013.9986703286295     
   30.000000000000000        4931.3581407193615     
   30.250000000000000        4839.2356212244549     
   30.500000000000000        4738.0110829645846     
   30.750000000000000        4628.1365289056712     
   31.000000000000000        4510.0639620136344     
   31.250000000000000        4384.3401290752727     
   31.500000000000000        4251.8907521608853     
   31.750000000000000        4113.7362971616476     
   32.000000000000000        3970.8972299687348     
   32.250000000000000        3824.4283569369150     
   32.500000000000000        3675.5218462753141     
   32.750000000000000        3525.4042066566499     
   33.000000000000000        3375.3019467536410     
   33.250000000000000        3226.4255268779621     
   33.500000000000000        3079.9212138971166     
   33.750000000000000        2936.9192263175669     
   34.000000000000000        2798.5497826457749     
   34.250000000000000        2665.8483809658101     
   34.500000000000000        2539.4716376721726     
   34.750000000000000        2419.9814487369727     
   35.000000000000000        2307.9397101323202     
   35.250000000000000        2203.7804795483930     
   35.500000000000000        2107.4264615476413     
   35.750000000000000        2018.6725224105837     
   36.000000000000000        1937.3135284177395     
   36.250000000000000        1863.1021438894759     
   36.500000000000000        1795.6222253055607     
   36.750000000000000        1734.4154271856112     
   37.000000000000000        1679.0234040492426     
   37.250000000000000        1628.9938087876640     
   37.500000000000000        1583.8982877784451     
   37.750000000000000        1543.3144857707468     
   38.000000000000000        1506.8200475137314     
   38.250000000000000        1474.0008468196902     
   38.500000000000000        1444.4756737534365     
   38.750000000000000        1417.8715474429148     
   39.000000000000000        1393.8154870160690     
   39.250000000000000        1371.9478592245416     
   39.500000000000000        1351.9624213147717     
   39.750000000000000        1333.5662781568965     
   40.000000000000000        1316.4665346210534     
   40.250000000000000        1300.3734854833372     
   40.500000000000000        1285.0101851436789     
   40.750000000000000        1270.1028779079654     
   41.000000000000000        1255.3778080820846     
   41.250000000000000        1240.5647146491640     
   41.500000000000000        1225.4073153012848     
   41.750000000000000        1209.6528224077681     
   42.000000000000000        1193.0484483379353     
   42.250000000000000        1175.3718851310784     
   42.500000000000000        1156.5227435063780     
   42.750000000000000        1136.4311138529852     
   43.000000000000000        1115.0270865600512     
   43.250000000000000        1092.2809813537824     
   43.500000000000000        1068.3240353085994     
   43.750000000000000        1043.3277148359784     

TitleText: Ni(001)-(5x5)-Li     Beam (1/5,0)              Rfac10=0.3065
 "IV exp
   21.250000000000000        458.41086147631324     
   21.500000000000000        464.14337836210109     
   21.750000000000000        473.59920606683852     
   22.000000000000000        488.63999999999999     
   22.250000000000000        511.34583828658572     
   22.500000000000000        544.67048991369666     
   22.750000000000000        591.78614658395929     
   23.000000000000000        655.86500000000001     
   23.250000000000000        740.08211350234421     
   23.500000000000000        847.62403698311232     
   23.750000000000000        981.68019197232422     
   24.000000000000000        1145.4400000000001     
   24.250000000000000        1341.5016452040379     
   24.500000000000000        1570.0983621538542     
   24.750000000000000        1830.8721480267434     
   25.000000000000000        2123.4650000000001     
   25.250000000000000        2446.1052119315036     
   25.500000000000000        2791.3662644014707     
   25.750000000000000        3150.4079346707031     
   26.000000000000000        3514.3899999999999     
   26.250000000000000        3873.7425070699464     
   26.500000000000000        4215.9765802402617     
   26.750000000000000        4527.8736132904460     
   27.000000000000000        4796.2150000000011     
   27.250000000000000        5010.2319472887111     
   27.500000000000000        5168.9549146374857     
   27.750000000000000        5273.8641746675185     
   28.000000000000000        5326.4400000000005     
   28.250000000000000        5329.4911881502148     
   28.500000000000000        5291.1406362097987     
   28.750000000000000        5220.8397661644840     
   29.000000000000000        5128.0400000000000     
   29.250000000000000        5021.0362688604355     
   29.500000000000000        4903.4975405233217     
   29.750000000000000        4777.9362919245468     
   30.000000000000000        4646.8650000000007     
   30.250000000000000        4512.5564707830445     
   30.500000000000000        4376.3248266969176     
   30.750000000000000        4239.2445192623327     
   31.000000000000000        4102.3900000000003     
   31.250000000000000        3967.1001136323921     
   31.500000000000000        3835.7712776890121     
   31.750000000000000        3711.0643029011267     
   32.000000000000000        3595.6399999999999     
   32.250000000000000        3491.9002621873901     
   32.500000000000000        3401.2113125470337     
   32.750000000000000        3324.6804566331598     
   33.000000000000000        3263.4149999999995     
   33.250000000000000        3217.2587594930465     
   33.500000000000000        3181.0015971228518     
   33.750000000000000        3148.1698861912309     
   34.000000000000000        3112.2899999999995     
   34.250000000000000        3066.9484498404213     
   34.500000000000000        3005.9722989615566     
   34.750000000000000        2923.2487486019131     
   35.000000000000000        2812.6649999999995     
   35.250000000000000        2670.3558005202649     
   35.500000000000000        2501.4460820309196     
   35.750000000000000        2313.3083225261144     
   36.000000000000000        2113.3150000000001     
   36.250000000000000        1908.9913949535169     
   36.500000000000000        1708.4739979147637     
   36.750000000000000        1520.0521019186285     
   37.000000000000000        1352.0150000000001     
   37.250000000000000        1210.8588540406677     
   37.500000000000000        1095.9073013100262     
   37.750000000000000        1004.6908479243717     
   38.000000000000000        934.74000000000001     
   38.250000000000000        883.30225138381240     
   38.500000000000000        846.49304684513152     
   38.750000000000000        820.14481888388480     
   39.000000000000000        800.09000000000003     
   39.250000000000000        782.69128104908259     
   39.500000000000000        766.43238630944813     
   39.750000000000000        750.32729841508956     
   40.000000000000000        733.38999999999999     
   40.250000000000000        714.81246816985697     
   40.500000000000000        694.49865791707600     
   40.750000000000000        672.53051870575712     
   41.000000000000000        648.99000000000001     
   41.250000000000000        624.03400252148958     
   41.500000000000000        598.11923202224796     
   41.750000000000000        571.77734551188246     
   42.000000000000000        545.53999999999996     
   42.250000000000000        519.89269361918525     
   42.500000000000000        495.13628899393234     
   42.750000000000000        471.52548987171338     
   43.000000000000000        449.31500000000000     
   43.250000000000000        428.64811362676971     
   43.500000000000000        409.22248700202255     
   43.750000000000000        390.62436687626405     

 "IV theory
   21.250000000000000        2072.1062608059542     
   21.500000000000000        2247.1242630543097     
   21.750000000000000        2427.0546196676214     
   22.000000000000000        2611.1000934311724     
   22.250000000000000        2798.3981632965779     
   22.500000000000000        2987.8251728807923     
   22.750000000000000        3178.1921819671015     
   23.000000000000000        3368.3102503387950     
   23.250000000000000        3556.9572635483360     
   23.500000000000000        3742.7784102248961     
   23.750000000000000        3924.3857047668216     
   24.000000000000000        4100.3911615724619     
   24.250000000000000        4269.4059914015725     
   24.500000000000000        4430.0381904595451     
   24.750000000000000        4580.8949513131820     
   25.000000000000000        4720.5834665292850     
   25.250000000000000        4847.8004674228087     
   25.500000000000000        4961.6008403013384     
   25.750000000000000        5061.1290102206158     
   26.000000000000000        5145.5294022363796     
   26.250000000000000        5214.1292274609496     
   26.500000000000000        5266.9868412329442     
   26.750000000000000        5304.3433849475614     
   27.000000000000000        5326.4400000000005     
   27.250000000000000        5333.6111854558967     
   27.500000000000000        5326.5648710626501     
   27.750000000000000        5306.1023442381002     
   28.000000000000000        5273.0248924000853     
   28.250000000000000        5228.1344493981796     
   28.500000000000000        5172.2355348088986     
   28.750000000000000        5106.1333146404886     
   29.000000000000000        5030.6329549011962     
   29.250000000000000        4946.5348261983654     
   29.500000000000000        4854.6201175357273     
   29.750000000000000        4755.6652225161006     
   30.000000000000000        4650.4465347423084     
   30.250000000000000        4539.7310550408092     
   30.500000000000000        4424.2482131326033     
   30.750000000000000        4304.7180459623205     
   31.000000000000000        4181.8605904745955     
   31.250000000000000        4056.3909888678918     
   31.500000000000000        3929.0048043559959     
   31.750000000000000        3800.3927054065248     
   32.000000000000000        3671.2453604870952     
   32.250000000000000        3542.2536167403555     
   32.500000000000000        3414.1090360090716     
   32.750000000000000        3287.5033588110423     
   33.000000000000000        3163.1283256640663     
   33.250000000000000        3041.6439761912525     
   33.500000000000000        2923.5835464369638     
   33.750000000000000        2809.4485715508731     
   34.000000000000000        2699.7405866826539     
   34.250000000000000        2594.8963514881798     
   34.500000000000000        2495.0935236481096     
   34.750000000000000        2400.4449853493038     
   35.000000000000000        2311.0636187786204     
   35.250000000000000        2227.0292142087037     
   35.500000000000000        2148.2891942553397     
   35.750000000000000        2074.7578896200976     
   36.000000000000000        2006.3496310045482     
   36.250000000000000        1942.9785650662777     
   36.500000000000000        1884.5581022869360     
   36.750000000000000        1831.0014691041874     
   37.000000000000000        1782.2218919556972     
   37.250000000000000        1738.1273775612610     
   37.500000000000000        1698.6050537691974     
   37.750000000000000        1663.5368287099561     
   38.000000000000000        1632.8046105139854     
   38.250000000000000        1606.2795084833674     
   38.500000000000000        1583.7894366067108     
   38.750000000000000        1565.1515100442562     
   39.000000000000000        1550.1828439562448     
   39.250000000000000        1538.6950511104592     
   39.500000000000000        1530.4777347048475     
   39.750000000000000        1525.3149955448994     
   40.000000000000000        1522.9909344361045     
   40.250000000000000        1523.2896123409880     
   40.500000000000000        1525.9949308502205     
   40.750000000000000        1530.8907517115090     
   41.000000000000000        1537.7609366725583     
   41.250000000000000        1546.3896329223755     
   41.500000000000000        1556.5621294151633     
   41.750000000000000        1568.0640005464247     
   42.000000000000000        1580.6808207116624     
   42.250000000000000        1594.1987117432175     
   42.500000000000000        1608.4059852207806     
   42.750000000000000        1623.0915001608826     
   43.000000000000000        1638.0441155800536     
   43.250000000000000        1653.0530064447773     
   43.500000000000000        1667.9086115213606     
   43.750000000000000        1682.4016855260625     

TitleText: Ni(001)-(5x5)-Li     Beam (1/5,0)              Rfac10=0.1301
 "IV exp
   21.250000000000000        458.41086147631324     
   21.500000000000000        464.14337836210109     
   21.750000000000000        473.59920606683852     
   22.000000000000000        488.63999999999999     
   22.250000000000000        511.34583828658572     
   22.500000000000000        544.67048991369666     
   22.750000000000000        591.78614658395929     
   23.000000000000000        655.86500000000001     
   23.250000000000000        740.08211350234421     
   23.500000000000000        847.62403698311232     
   23.750000000000000        981.68019197232422     
   24.000000000000000        1145.4400000000001     
   24.250000000000000        1341.5016452040379     
   24.500000000000000        1570.0983621538542     
   24.750000000000000        1830.8721480267434     
   25.000000000000000        2123.4650000000001     
   25.250000000000000        2446.1052119315036     
   25.500000000000000        2791.3662644014707     
   25.750000000000000        3150.4079346707031     
   26.000000000000000        3514.3899999999999     
   26.250000000000000        3873.7425070699464     
   26.500000000000000        4215.9765802402617     
   26.750000000000000        4527.8736132904460     
   27.000000000000000        4796.2150000000011     
   27.250000000000000        5010.2319472887111     
   27.500000000000000        5168.9549146374857     
   27.750000000000000        5273.8641746675185     
   28.000000000000000        5326.4400000000005     
   28.250000000000000        5329.4911881502148     
   28.500000000000000        5291.1406362097987     
   28.750000000000000        5220.8397661644840     
   29.000000000000000        5128.0400000000000     
   29.250000000000000        5021.0362688604355     
   29.500000000000000        4903.4975405233217     
   29.750000000000000        4777.9362919245468     
   30.000000000000000        4646.8650000000007     
   30.250000000000000        4512.5564707830445     
   30.500000000000000        4376.3248266969176     
   30.750000000000000        4239.2445192623327     
   31.000000000000000        4102.3900000000003     
   31.250000000000000        3967.1001136323921     
   31.500000000000000        3835.7712776890121     
   31.750000000000000        3711.0643029011267     
   32.000000000000000        3595.6399999999999     
   32.250000000000000        3491.9002621873901     
   32.500000000000000        3401.2113125470337     
   32.750000000000000        3324.6804566331598     
   33.000000000000000        3263.4149999999995     
   33.250000000000000        3217.2587594930465     
   33.500000000000000        3181.0015971228518     
   33.750000000000000        3148.1698861912309     
   34.000000000000000        3112.2899999999995     
   34.250000000000000        3066.9484498404213     
   34.500000000000000        3005.9722989615566     
   34.750000000000000        2923.2487486019131     
   35.000000000000000        2812.6649999999995     
   35.250000000000000        2670.3558005202649     
   35.500000000000000        2501.4460820309196     
   35.750000000000000        2313.3083225261144     
   36.000000000000000        2113.3150000000001     
   36.250000000000000        1908.9913949535169     
   36.500000000000000        1708.4739979147637     
   36.750000000000000        1520.0521019186285     
   37.000000000000000        1352.0150000000001     
   37.250000000000000        1210.8588540406677     
   37.500000000000000        1095.9073013100262     
   37.750000000000000        1004.6908479243717     
   38.000000000000000        934.74000000000001     
   38.250000000000000        883.30225138381240     
   38.500000000000000        846.49304684513152     
   38.750000000000000        820.14481888388480     
   39.000000000000000        800.09000000000003     
   39.250000000000000        782.69128104908259     
   39.500000000000000        766.43238630944813     
   39.750000000000000        750.32729841508956     
   40.000000000000000        733.38999999999999     
   40.250000000000000        714.81246816985697     
   40.500000000000000        694.49865791707600     
   40.750000000000000        672.53051870575712     
   41.000000000000000        648.99000000000001     
   41.250000000000000        624.03400252148958     
   41.500000000000000        598.11923202224796     
   41.750000000000000        571.77734551188246     
   42.000000000000000        545.53999999999996     
   42.250000000000000        519.89269361918525     
   42.500000000000000        495.13628899393234     
   42.750000000000000        471.52548987171338     
   43.000000000000000        449.31500000000000     
   43.250000000000000        428.64811362676971     
   43.500000000000000        409.22248700202255     
   43.750000000000000        390.62436687626405     

 "IV theory
   21.250000000000000        4139.1441857639620     
   21.500000000000000        4148.5872436683940     
   21.750000000000000        4162.4754731492048     
   22.000000000000000        4180.8875762277885     
   22.250000000000000        4203.8991667551427     
   22.500000000000000        4231.5735059007002     
   22.750000000000000        4263.9707666635049     
   23.000000000000000        4301.1511220425982     
   23.250000000000000        4343.1219083783499     
   23.500000000000000        4389.6791153764270     
   23.750000000000000        4440.5658960838282     
   24.000000000000000        4495.5254035475464     
   24.250000000000000        4554.2165627790082     
   24.500000000000000        4615.9613866473592     
   24.750000000000000        4679.9976599861748     
   25.000000000000000        4745.5631676290332     
   25.250000000000000        4811.8605206701732     
   25.500000000000000        4877.9516352464962     
   25.750000000000000        4942.8632537555641     
   26.000000000000000        5005.6221185949416     
   26.250000000000000        5065.2618317981423     
   26.500000000000000        5120.8434339424766     
   26.750000000000000        5171.4348252412037     
   27.000000000000000        5216.1039059075820     
   27.250000000000000        5253.9852993495751     
   27.500000000000000        5284.4805217539488     
   27.750000000000000        5307.0578125021702     
   28.000000000000000        5321.1854109757069     
   28.250000000000000        5326.4399999999996     
   28.500000000000000        5322.8320361763699     
   28.750000000000000        5310.4804195501129     
   29.000000000000000        5289.5040501665198     
   29.250000000000000        5260.0651002374962     
   29.500000000000000        5222.4988306413888     
   29.750000000000000        5177.1837744231589     
   30.000000000000000        5124.4984646277653     
   30.250000000000000        5064.8192524646183     
   30.500000000000000        4998.5137618009467     
   30.750000000000000        4925.9474346684283     
   31.000000000000000        4847.4857130987430     
   31.250000000000000        4763.5033420606351     
   31.500000000000000        4674.4122782711029     
   31.750000000000000        4580.6337813842165     
   32.000000000000000        4482.5891110540424     
   32.250000000000000        4380.7128855341753     
   32.500000000000000        4275.4931574763204     
   32.750000000000000        4167.4313381317206     
   33.000000000000000        4057.0288387516125     
   33.250000000000000        3944.7931780052104     
   33.500000000000000        3831.2563042336337     
   33.750000000000000        3716.9562731959782     
   34.000000000000000        3602.4311406513407     
   34.250000000000000        3488.2164412224652     
   34.500000000000000        3374.8376249866851     
   34.750000000000000        3262.8176208849859     
   35.000000000000000        3152.6793578583502     
   35.250000000000000        3044.9149020625277     
   35.500000000000000        2939.8928685123333     
   35.750000000000000        2837.9510094373486     
   36.000000000000000        2739.4270770671574     
   36.250000000000000        2644.6089997109889     
   36.500000000000000        2553.5854099966723     
   36.750000000000000        2466.3951166316829     
   37.000000000000000        2383.0769283234981     
   37.250000000000000        2303.6496982156136     
   37.500000000000000        2228.0524571956007     
   37.750000000000000        2156.2042805870501     
   38.000000000000000        2088.0242437135516     
   38.250000000000000        2023.4325840363758     
   38.500000000000000        1962.3541875675146     
   38.750000000000000        1904.7151024566404     
   39.000000000000000        1850.4413768534246     
   39.250000000000000        1799.4569842029107     
   39.500000000000000        1751.6775991316226     
   39.750000000000000        1707.0168215614563     
   40.000000000000000        1665.3882514143072     
   40.250000000000000        1626.7029194417241     
   40.500000000000000        1590.8615797138773     
   40.750000000000000        1557.7624171305902     
   41.000000000000000        1527.3036165916872     
   41.250000000000000        1499.3819053837606     
   41.500000000000000        1473.8881803404752     
   41.750000000000000        1450.7118806822643     
   42.000000000000000        1429.7424456295621     
   42.250000000000000        1410.8706792063526     
   42.500000000000000        1393.9928446508263     
   42.750000000000000        1379.0065700047246     
   43.000000000000000        1365.8094833097889     
   43.250000000000000        1354.3179309168943     
   43.500000000000000        1344.5231324134493     
   43.750000000000000        1336.4350256959956     

TitleText: Ni(001)-(5x5)-Li     Beam (1/5,0)              Rfac10=0.0518
 "IV exp
   21.250000000000000        458.41086147631324     
   21.500000000000000        464.14337836210109     
   21.750000000000000        473.59920606683852     
   22.000000000000000        488.63999999999999     
   22.250000000000000        511.34583828658572     
   22.500000000000000        544.67048991369666     
   22.750000000000000        591.78614658395929     
   23.000000000000000        655.86500000000001     
   23.250000000000000        740.08211350234421     
   23.500000000000000        847.62403698311232     
   23.750000000000000        981.68019197232422     
   24.000000000000000        1145.4400000000001     
   24.250000000000000        1341.5016452040379     
   24.500000000000000        1570.0983621538542     
   24.750000000000000        1830.8721480267434     
   25.000000000000000        2123.4650000000001     
   25.250000000000000        2446.1052119315036     
   25.500000000000000        2791.3662644014707     
   25.750000000000000        3150.4079346707031     
   26.000000000000000        3514.3899999999999     
   26.250000000000000        3873.7425070699464     
   26.500000000000000        4215.9765802402617     
   26.750000000000000        4527.8736132904460     
   27.000000000000000        4796.2150000000011     
   27.250000000000000        5010.2319472887111     
   27.500000000000000        5168.9549146374857     
   27.750000000000000        5273.8641746675185     
   28.000000000000000        5326.4400000000005     
   28.250000000000000        5329.4911881502148     
   28.500000000000000        5291.1406362097987     
   28.750000000000000        5220.8397661644840     
   29.000000000000000        5128.0400000000000     
   29.250000000000000        5021.0362688604355     
   29.500000000000000        4903.4975405233217     
   29.750000000000000        4777.9362919245468     
   30.000000000000000        4646.8650000000007     
   30.250000000000000        4512.5564707830445     
   30.500000000000000        4376.3248266969176     
   30.750000000000000        4239.2445192623327     
   31.000000000000000        4102.3900000000003     
   31.250000000000000        3967.1001136323921     
   31.500000000000000        3835.7712776890121     
   31.750000000000000        3711.0643029011267     
   32.000000000000000        3595.6399999999999     
   32.250000000000000        3491.9002621873901     
   32.500000000000000        3401.2113125470337     
   32.750000000000000        3324.6804566331598     
   33.000000000000000        3263.4149999999995     
   33.250000000000000        3217.2587594930465     
   33.500000000000000        3181.0015971228518     
   33.750000000000000        3148.1698861912309     
   34.000000000000000        3112.2899999999995     
   34.250000000000000        3066.9484498404213     
   34.500000000000000        3005.9722989615566     
   34.750000000000000        2923.2487486019131     
   35.000000000000000        2812.6649999999995     
   35.250000000000000        2670.3558005202649     
   35.500000000000000        2501.4460820309196     
   35.750000000000000        2313.3083225261144     
   36.000000000000000        2113.3150000000001     
   36.250000000000000        1908.9913949535169     
   36.500000000000000        1708.4739979147637     
   36.750000000000000        1520.0521019186285     
   37.000000000000000        1352.0150000000001     
   37.250000000000000        1210.8588540406677     
   37.500000000000000        1095.9073013100262     
   37.750000000000000        1004.6908479243717     
   38.000000000000000        934.74000000000001     
   38.250000000000000        883.30225138381240     
   38.500000000000000        846.49304684513152     
   38.750000000000000        820.14481888388480     
   39.000000000000000        800.09000000000003     
   39.250000000000000        782.69128104908259     
   39.500000000000000        766.43238630944813     
   39.750000000000000        750.32729841508956     
   40.000000000000000        733.38999999999999     
   40.250000000000000        714.81246816985697     
   40.500000000000000        694.49865791707600     
   40.750000000000000        672.53051870575712     
   41.000000000000000        648.99000000000001     
   41.250000000000000        624.03400252148958     
   41.500000000000000        598.11923202224796     
   41.750000000000000        571.77734551188246     
   42.000000000000000        545.53999999999996     
   42.250000000000000        519.89269361918525     
   42.500000000000000        495.13628899393234     
   42.750000000000000        471.52548987171338     
   43.000000000000000        449.31500000000000     
   43.250000000000000        428.64811362676971     
   43.500000000000000        409.22248700202255     
   43.750000000000000        390.62436687626405     

 "IV theory
   21.250000000000000        2782.9400210957497     
   21.500000000000000        2866.3961955146438     
   21.750000000000000        2958.0115595893703     
   22.000000000000000        3057.8876968677860     
   22.250000000000000        3165.9857598689086     
   22.500000000000000        3281.7051769964141     
   22.750000000000000        3404.3049456251388     
   23.000000000000000        3533.0440631299207     
   23.250000000000000        3667.0565295502179     
   23.500000000000000        3804.9763555839654     
   23.750000000000000        3945.3125545937173     
   24.000000000000000        4086.5741399420294     
   24.250000000000000        4227.2385153982650     
   24.500000000000000        4365.6566463590261     
   24.750000000000000        4500.1478886277209     
   25.000000000000000        4629.0315980077594     
   25.250000000000000        4750.6762469610157     
   25.500000000000000        4863.6467745832279     
   25.750000000000000        4966.5572366286005     
   26.000000000000000        5058.0216888513369     
   26.250000000000000        5136.8225977011734     
   26.500000000000000        5202.4160724099820     
   26.750000000000000        5254.4266329051707     
   27.000000000000000        5292.4787991141429     
   27.250000000000000        5316.3513374164231     
   27.500000000000000        5326.4399999999996     
   27.750000000000000        5323.2947855049752     
   28.000000000000000        5307.4656925714571     
   28.250000000000000        5279.5324568519100     
   28.500000000000000        5240.1937620482604     
   28.750000000000000        5190.1780288747996     
   29.000000000000000        5130.2136780458131     
   29.250000000000000        5061.0232797047602     
   29.500000000000000        4983.3060017117486     
   29.750000000000000        4897.7551613560663     
   30.000000000000000        4805.0640759269891     
   30.250000000000000        4705.9283948499442     
   30.500000000000000        4601.0530960949318     
   30.750000000000000        4491.1454897680997     
   31.000000000000000        4376.9128859755938     
   31.250000000000000        4259.0617679383677     
   31.500000000000000        4138.2953113365857     
   31.750000000000000        4015.3158649652228     
   32.000000000000000        3890.8257776192522     
   32.250000000000000        3765.5308375537111     
   32.500000000000000        3640.1505908638983     
   32.750000000000000        3515.4080231051817     
   33.000000000000000        3392.0261198329245     
   33.250000000000000        3270.7074001551996     
   33.500000000000000        3152.0725173909082     
   33.750000000000000        3036.7216584116582     
   34.000000000000000        2925.2550100890571     
   34.250000000000000        2818.1942067597020     
   34.500000000000000        2715.7466726201365     
   34.750000000000000        2618.0412793318942     
   35.000000000000000        2525.2068985565074     
   35.250000000000000        2437.3015864673152     
   35.500000000000000        2354.1001372848755     
   35.750000000000000        2275.3065297415542     
   36.000000000000000        2200.6247425697161     
   36.250000000000000        2129.7436841998751     
   36.500000000000000        2062.2919818551482     
   36.750000000000000        1997.8831924568008     
   37.000000000000000        1936.1308729261004     
   37.250000000000000        1876.6593778055337     
   37.500000000000000        1819.1362521224687     
   37.750000000000000        1763.2398385254949     
   38.000000000000000        1708.6484796631994     
   38.250000000000000        1655.0706752665385     
   38.500000000000000        1602.3355533959320     
   38.750000000000000        1550.3023991941652     
   39.000000000000000        1498.8304978040246     
   39.250000000000000        1447.8073460061948     
   39.500000000000000        1397.2332871329561     
   39.750000000000000        1347.1368761544868     
   40.000000000000000        1297.5466680409663     
   40.250000000000000        1248.4965893561980     
   40.500000000000000        1200.0420530384838     
   40.750000000000000        1152.2438436197504     
   41.000000000000000        1105.1627456319245     
   41.250000000000000        1058.8585106602116     
   41.500000000000000        1013.3867585029295     
   41.750000000000000        968.80207601167479     
   42.000000000000000        925.15905003804369     
   42.250000000000000        882.51263544958192     
   42.500000000000000        840.91925917763024     
   42.750000000000000        800.43571616947918     
   43.000000000000000        761.11880137241872     
   43.250000000000000        723.02543126030935     
   43.500000000000000        686.21300841329139     
   43.750000000000000        650.73905693807603     

TitleText: Ni(001)-(5x5)-Li     Beam (1/5,0)              Rfac10=0.2694
 "IV exp
   21.250000000000000        458.41086147631324     
   21.500000000000000        464.14337836210109     
   21.750000000000000        473.59920606683852     
   22.000000000000000        488.63999999999999     
   22.250000000000000        511.34583828658572     
   22.500000000000000        544.67048991369666     
   22.750000000000000        591.78614658395929     
   23.000000000000000        655.86500000000001     
   23.250000000000000        740.08211350234421     
   23.500000000000000        847.62403698311232     
   23.750000000000000        981.68019197232422     
   24.000000000000000        1145.4400000000001     
   24.250000000000000        1341.5016452040379     
   24.500000000000000        1570.0983621538542     
   24.750000000000000        1830.8721480267434     
   25.000000000000000        2123.4650000000001     
   25.250000000000000        2446.1052119315036     
   25.500000000000000        2791.3662644014707     
   25.750000000000000        3150.4079346707031     
   26.000000000000000        3514.3899999999999     
   26.250000000000000        3873.7425070699464     
   26.500000000000000        4215.9765802402617     
   26.750000000000000        4527.8736132904460     
   27.000000000000000        4796.2150000000011     
   27.250000000000000        5010.2319472887111     
   27.500000000000000        5168.9549146374857     
   27.750000000000000        5273.8641746675185     
   28.000000000000000        5326.4400000000005     
   28.250000000000000        5329.4911881502148     
   28.500000000000000        5291.1406362097987     
   28.750000000000000        5220.8397661644840     
   29.000000000000000        5128.0400000000000     
   29.250000000000000        5021.0362688604355     
   29.500000000000000        4903.4975405233217     
   29.750000000000000        4777.9362919245468     
   30.000000000000000        4646.8650000000007     
   30.250000000000000        4512.5564707830445     
   30.500000000000000        4376.3248266969176     
   30.750000000000000        4239.2445192623327     
   31.000000000000000        4102.3900000000003     
   31.250000000000000        3967.1001136323921     
   31.500000000000000        3835.7712776890121     
   31.750000000000000        3711.0643029011267     
   32.000000000000000        3595.6399999999999     
   32.250000000000000        3491.9002621873901     
   32.500000000000000        3401.2113125470337     
   32.750000000000000        3324.6804566331598     
   33.000000000000000        3263.4149999999995     
   33.250000000000000        3217.2587594930465     
   33.500000000000000        3181.0015971228518     
   33.750000000000000        3148.1698861912309     
   34.000000000000000        3112.2899999999995     
   34.250000000000000        3066.9484498404213     
   34.500000000000000        3005.9722989615566     
   34.750000000000000        2923.2487486019131     
   35.000000000000000        2812.6649999999995     
   35.250000000000000        2670.3558005202649     
   35.500000000000000        2501.4460820309196     
   35.750000000000000        2313.3083225261144     
   36.000000000000000        2113.3150000000001     
   36.250000000000000        1908.9913949535169     
   36.500000000000000        1708.4739979147637     
   36.750000000000000        1520.0521019186285     
   37.000000000000000        1352.0150000000001     
   37.250000000000000        1210.8588540406677     
   37.500000000000000        1095.9073013100262     
   37.750000000000000        1004.6908479243717     
   38.000000000000000        934.74000000000001     
   38.250000000000000        883.30225138381240     
   38.500000000000000        846.49304684513152     
   38.750000000000000        820.14481888388480     
   39.000000000000000        800.09000000000003     
   39.250000000000000        782.69128104908259     
   39.500000000000000        766.43238630944813     
   39.750000000000000        750.32729841508956     
   40.000000000000000        733.38999999999999     
   40.250000000000000        714.81246816985697     
   40.500000000000000        694.49865791707600     
   40.750000000000000        672.53051870575712     
   41.000000000000000        648.99000000000001     
   41.250000000000000        624.03400252148958     
   41.500000000000000        598.11923202224796     
   41.750000000000000        571.77734551188246     
   42.000000000000000        545.53999999999996     
   42.250000000000000        519.89269361918525     
   42.500000000000000        495.13628899393234     
   42.750000000000000        471.52548987171338     
   43.000000000000000        449.31500000000000     
   43.250000000000000        428.64811362676971     
   43.500000000000000        409.22248700202255     
   43.750000000000000        390.62436687626405     

 "IV theory
   21.250000000000000        3257.1554412439291     
   21.500000000000000        3436.4212806618179     
   21.750000000000000        3614.7667981990871     
   22.000000000000000        3790.8381257888791     
   22.250000000000000        3963.2693929685197     
   22.500000000000000        4130.6467196920494     
   22.750000000000000        4291.5442235176934     
   23.000000000000000        4444.5360220036719     
   23.250000000000000        4588.2432460835125     
   23.500000000000000        4721.4750801919599     
   23.750000000000000        4843.0877221390638     
   24.000000000000000        4951.9373697348774     
   24.250000000000000        5047.0597658694451     
   24.500000000000000        5128.2088337528130     
   24.750000000000000        5195.3180416750274     
   25.000000000000000        5248.3208579261318     
   25.250000000000000        5287.3142456275318     
   25.500000000000000        5313.0491472260819     
   25.750000000000000        5326.4400000000005     
   26.000000000000000        5328.4012412274997     
   26.250000000000000        5319.8832326895481     
   26.500000000000000        5301.9800341781201     
   26.750000000000000        5275.8216299879377     
   27.000000000000000        5242.5380044137228     
   27.250000000000000        5203.2307258180335     
   27.500000000000000        5158.8876988347438     
   27.750000000000000        5110.4684121655664     
   28.000000000000000        5058.9323545122097     
   28.250000000000000        5005.1550242080202     
   28.500000000000000        4949.6759581129018     
   28.750000000000000        4892.9507027183981     
   29.000000000000000        4835.4348045160523     
   29.250000000000000        4777.5050183614512     
   29.500000000000000        4719.2229325663648     
   29.750000000000000        4660.5713438066068     
   30.000000000000000        4601.5330487579913     
   30.250000000000000        4542.0751010412187     
   30.500000000000000        4482.1015820565344     
   30.750000000000000        4421.5008301490725     
   31.000000000000000        4360.1611836639649     
   31.250000000000000        4297.9764926449097     
   31.500000000000000        4234.8626539298721     
   31.750000000000000        4170.7410760553803     
   32.000000000000000        4105.5331675579682     
   32.250000000000000        4039.1690036723658     
   32.500000000000000        3971.6133264261121     
   32.750000000000000        3902.8395445449473     
   33.000000000000000        3832.8210667546109     
   33.250000000000000        3761.5406784410270     
   33.500000000000000        3689.0186716308594     
   33.750000000000000        3615.2847150109542     
   34.000000000000000        3540.3684772681595     
   34.250000000000000        3464.2998478547343     
   34.500000000000000        3387.1095992845903     
   34.750000000000000        3308.8287248370516     
   35.000000000000000        3229.4882177914433     
   35.250000000000000        3149.1278132175044     
   35.500000000000000        3067.8222133466438     
   35.750000000000000        2985.6548622006871     
   36.000000000000000        2902.7092038014575     
   36.250000000000000        2819.1045677302359     
   36.500000000000000        2735.1038258061230     
   36.750000000000000        2651.0057354076753     
   37.000000000000000        2567.1090539134498     
   37.250000000000000        2483.7440756503079     
   37.500000000000000        2401.3672427383271     
   37.750000000000000        2320.4665342458907     
   38.000000000000000        2241.5299292413824     
   38.250000000000000        2165.0554687585541     
   38.500000000000000        2091.5814416926387     
   38.750000000000000        2021.6561989042382     
   39.000000000000000        1955.8280912539551     
   39.250000000000000        1894.6215051329734     
   39.500000000000000        1838.4649690548035     
   39.750000000000000        1787.7630470635381     
   40.000000000000000        1742.9203032032690     
   40.250000000000000        1704.2529116218893     
   40.500000000000000        1671.7234868824949     
   40.750000000000000        1645.2062536519804     
   41.000000000000000        1624.5754365972425     
   41.250000000000000        1609.6249861333638     
   41.500000000000000        1599.8277556681762     
   41.750000000000000        1594.5763243576994     
   42.000000000000000        1593.2632713579521     
   42.250000000000000        1595.2620666750197     
   42.500000000000000        1599.8697437152480     
   42.750000000000000        1606.3642267350497     
   43.000000000000000        1614.0234399908372     
   43.250000000000000        1622.1481425206639     
   43.500000000000000        1630.1304324891489     
   43.750000000000000        1637.3852428425525     

TitleText: Ni(001)-(5x5)-Li     Beam (1/5,0)              Rfac10=0.7674
 "IV exp
   21.250000000000000        458.41086147631324     
   21.500000000000000        464.14337836210109     
   21.750000000000000        473.59920606683852     
   22.000000000000000        488.63999999999999     
   22.250000000000000        511.34583828658572     
   22.500000000000000        544.67048991369666     
   22.750000000000000        591.78614658395929     
   23.000000000000000        655.86500000000001     
   23.250000000000000        740.08211350234421     
   23.500000000000000        847.62403698311232     
   23.750000000000000        981.68019197232422     
   24.000000000000000        1145.4400000000001     
   24.250000000000000        1341.5016452040379     
   24.500000000000000        1570.0983621538542     
   24.750000000000000        1830.8721480267434     
   25.000000000000000        2123.4650000000001     
   25.250000000000000        2446.1052119315036     
   25.500000000000000        2791.3662644014707     
   25.750000000000000        3150.4079346707031     
   26.000000000000000        3514.3899999999999     
   26.250000000000000        3873.7425070699464     
   26.500000000000000        4215.9765802402617     
   26.750000000000000        4527.8736132904460     
   27.000000000000000        4796.2150000000011     
   27.250000000000000        5010.2319472887111     
   27.500000000000000        5168.9549146374857     
   27.750000000000000        5273.8641746675185     
   28.000000000000000        5326.4400000000005     
   28.250000000000000        5329.4911881502148     
   28.500000000000000        5291.1406362097987     
   28.750000000000000        5220.8397661644840     
   29.000000000000000        5128.0400000000000     
   29.250000000000000        5021.0362688604355     
   29.500000000000000        4903.4975405233217     
   29.750000000000000        4777.9362919245468     
   30.000000000000000        4646.8650000000007     
   30.250000000000000        4512.5564707830445     
   30.500000000000000        4376.3248266969176     
   30.750000000000000        4239.2445192623327     
   31.000000000000000        4102.3900000000003     
   31.250000000000000        3967.1001136323921     
   31.500000000000000        3835.7712776890121     
   31.750000000000000        3711.0643029011267     
   32.000000000000000        3595.6399999999999     
   32.250000000000000        3491.9002621873901     
   32.500000000000000        3401.2113125470337     
   32.750000000000000        3324.6804566331598     
   33.000000000000000        3263.4149999999995     
   33.250000000000000        3217.2587594930465     
   33.500000000000000        3181.0015971228518     
   33.750000000000000        3148.1698861912309     
   34.000000000000000        3112.2899999999995     
   34.250000000000000        3066.9484498404213     
   34.500000000000000        3005.9722989615566     
   34.750000000000000        2923.2487486019131     
   35.000000000000000        2812.6649999999995     
   35.250000000000000        2670.3558005202649     
   35.500000000000000        2501.4460820309196     
   35.750000000000000        2313.3083225261144     
   36.000000000000000        2113.3150000000001     
   36.250000000000000        1908.9913949535169     
   36.500000000000000        1708.4739979147637     
   36.750000000000000        1520.0521019186285     
   37.000000000000000        1352.0150000000001     
   37.250000000000000        1210.8588540406677     
   37.500000000000000        1095.9073013100262     
   37.750000000000000        1004.6908479243717     
   38.000000000000000        934.74000000000001     
   38.250000000000000        883.30225138381240     
   38.500000000000000        846.49304684513152     
   38.750000000000000        820.14481888388480     
   39.000000000000000        800.09000000000003     
   39.250000000000000        782.69128104908259     
   39.500000000000000        766.43238630944813     
   39.750000000000000        750.32729841508956     
   40.000000000000000        733.38999999999999     
   40.250000000000000        714.81246816985697     
   40.500000000000000        694.49865791707600     
   40.750000000000000        672.53051870575712     
   41.000000000000000        648.99000000000001     
   41.250000000000000        624.03400252148958     
   41.500000000000000        598.11923202224796     
   41.750000000000000        571.77734551188246     
   42.000000000000000        545.53999999999996     
   42.250000000000000        519.89269361918525     
   42.500000000000000        495.13628899393234     
   42.750000000000000        471.52548987171338     
   43.000000000000000        449.31500000000000     
   43.250000000000000        428.64811362676971     
   43.500000000000000        409.22248700202255     
   43.750000000000000        390.62436687626405     

 "IV theory
   21.250000000000000        2980.4246361638884     
   21.500000000000000        3177.9853906392295     
   21.750000000000000        3383.1110105839198     
   22.000000000000000        3594.5214538818896     
   22.250000000000000        3810.7525049410046     
   22.500000000000000        4029.6032542648500     
   22.750000000000000        4248.6886188809422     
   23.000000000000000        4465.6235158168001     
   23.250000000000000        4677.9441991272734     
   23.500000000000000        4882.8722709765625     
   23.750000000000000        5077.5506705561975     
   24.000000000000000        5259.1223370577163     
   24.250000000000000        5424.7628756458935     
   24.500000000000000        5571.7785553784752     
   24.750000000000000        5697.5083112864450     
   25.000000000000000        5799.2910784007945     
   25.250000000000000        5874.7946535697220     
   25.500000000000000        5923.0022809102948     
   25.750000000000000        5943.2260663567949     
   26.000000000000000        5934.7781158435018     
   26.250000000000000        5897.4790669963677     
   26.500000000000000        5833.1836842080229     
   26.750000000000000        5744.2552635627671     
   27.000000000000000        5633.0571011449001     
   27.250000000000000        5502.1531638886963     
   27.500000000000000        5354.9101021283268     
   27.750000000000000        5194.8952370479292     
   28.000000000000000        5025.6758898316521     
   28.250000000000000        4850.7860067554593     
   28.500000000000000        4673.6260344626207     
   28.750000000000000        4497.5630446882278     
   29.000000000000000        4325.9641091673739     
   29.250000000000000        4161.9748958559021     
   29.500000000000000        4007.8554575926591     
   29.750000000000000        3865.6444434372415     
   30.000000000000000        3737.3805024492463     
   30.250000000000000        3624.7532271898522     
   30.500000000000000        3528.0559842265698     
   30.750000000000000        3447.2330836284927     
   31.000000000000000        3382.2288354647135     
   31.250000000000000        3332.8542581309048     
   31.500000000000000        3298.3872033290504     
   31.750000000000000        3277.9722310877128     
   32.000000000000000        3270.7539014354547     
   32.250000000000000        3275.8853947934494     
   32.500000000000000        3292.5543731533030     
   32.750000000000000        3319.9571188992327     
   33.000000000000000        3357.2899144154539     
   33.250000000000000        3403.7293643737503     
   33.500000000000000        3458.3733625961640     
   33.750000000000000        3520.3001251923056     
   34.000000000000000        3588.5878682717835     
   34.250000000000000        3662.2900903031004     
   34.500000000000000        3740.3614191903343     
   34.750000000000000        3821.7317651964559     
   35.000000000000000        3905.3310385844366     
   35.250000000000000        3990.0767866622255     
   35.500000000000000        4074.8371049176799     
   35.750000000000000        4158.4677258836364     
   36.000000000000000        4239.8243820929292     
   36.250000000000000        4317.7721923574109     
   36.500000000000000        4391.2138206049885     
   36.750000000000000        4459.0613170425895     
   37.000000000000000        4520.2267318771383     
   37.250000000000000        4573.7258343705289     
   37.500000000000000        4618.9892700045302     
   37.750000000000000        4655.5514033158861     
   38.000000000000000        4682.9465988413349     
   38.250000000000000        4700.8692584878336     
   38.500000000000000        4709.6539336432061     
   38.750000000000000        4709.7952130654930     
   39.000000000000000        4701.7876855127333     
   39.250000000000000        4686.1888737596273     
   39.500000000000000        4663.8080366475160     
   39.750000000000000        4635.5173670344011     
   40.000000000000000        4602.1890577782833     
   40.250000000000000        4564.6857305050762     
   40.500000000000000        4523.8317219123637     
   40.750000000000000        4480.4417974656371     
   41.000000000000000        4435.3307226303923     
   41.250000000000000        4389.2546552133563     
   41.500000000000000        4342.7353223862001     
   41.750000000000000        4296.2358436618269     
   42.000000000000000        4250.2193385531373     
   42.250000000000000        4205.0564531595901     
   42.500000000000000        4160.7479399268495     
   42.750000000000000        4117.2020778871392     
   43.000000000000000        4074.3271460726814     
   43.250000000000000        4031.9953190160845     
   43.500000000000000        3989.9343532515240     
   43.750000000000000        3947.8359008135662     

TitleText: Ni(001)-(5x5)-Li     Beam (1/5,0)              Rfac10=0.0956
 "IV exp
   21.250000000000000        458.41086147631324     
   21.500000000000000        464.14337836210109     
   21.750000000000000        473.59920606683852     
   22.000000000000000        488.63999999999999     
   22.250000000000000        511.34583828658572     
   22.500000000000000        544.67048991369666     
   22.750000000000000        591.78614658395929     
   23.000000000000000        655.86500000000001     
   23.250000000000000        740.08211350234421     
   23.500000000000000        847.62403698311232     
   23.750000000000000        981.68019197232422     
   24.000000000000000        1145.4400000000001     
   24.250000000000000        1341.5016452040379     
   24.500000000000000        1570.0983621538542     
   24.750000000000000        1830.8721480267434     
   25.000000000000000        2123.4650000000001     
   25.250000000000000        2446.1052119315036     
   25.500000000000000        2791.3662644014707     
   25.750000000000000        3150.4079346707031     
   26.000000000000000        3514.3899999999999     
   26.250000000000000        3873.7425070699464     
   26.500000000000000        4215.9765802402617     
   26.750000000000000        4527.8736132904460     
   27.000000000000000        4796.2150000000011     
   27.250000000000000        5010.2319472887111     
   27.500000000000000        5168.9549146374857     
   27.750000000000000        5273.8641746675185     
   28.000000000000000        5326.4400000000005     
   28.250000000000000        5329.4911881502148     
   28.500000000000000        5291.1406362097987     
   28.750000000000000        5220.8397661644840     
   29.000000000000000        5128.0400000000000     
   29.250000000000000        5021.0362688604355     
   29.500000000000000        4903.4975405233217     
   29.750000000000000        4777.9362919245468     
   30.000000000000000        4646.8650000000007     
   30.250000000000000        4512.5564707830445     
   30.500000000000000        4376.3248266969176     
   30.750000000000000        4239.2445192623327     
   31.000000000000000        4102.3900000000003     
   31.250000000000000        3967.1001136323921     
   31.500000000000000        3835.7712776890121     
   31.750000000000000        3711.0643029011267     
   32.000000000000000        3595.6399999999999     
   32.250000000000000        3491.9002621873901     
   32.500000000000000        3401.2113125470337     
   32.750000000000000        3324.6804566331598     
   33.000000000000000        3263.4149999999995     
   33.250000000000000        3217.2587594930465     
   33.500000000000000        3181.0015971228518     
   33.750000000000000        3148.1698861912309     
   34.000000000000000        3112.2899999999995     
   34.250000000000000        3066.9484498404213     
   34.500000000000000        3005.9722989615566     
   34.750000000000000        2923.2487486019131     
   35.000000000000000        2812.6649999999995     
   35.250000000000000        2670.3558005202649     
   35.500000000000000        2501.4460820309196     
   35.750000000000000        2313.3083225261144     
   36.000000000000000        2113.3150000000001     
   36.250000000000000        1908.9913949535169     
   36.500000000000000        1708.4739979147637     
   36.750000000000000        1520.0521019186285     
   37.000000000000000        1352.0150000000001     
   37.250000000000000        1210.8588540406677     
   37.500000000000000        1095.9073013100262     
   37.750000000000000        1004.6908479243717     
   38.000000000000000        934.74000000000001     
   38.250000000000000        883.30225138381240     
   38.500000000000000        846.49304684513152     
   38.750000000000000        820.14481888388480     
   39.000000000000000        800.09000000000003     
   39.250000000000000        782.69128104908259     
   39.500000000000000        766.43238630944813     
   39.750000000000000        750.32729841508956     
   40.000000000000000        733.38999999999999     
   40.250000000000000        714.81246816985697     
   40.500000000000000        694.49865791707600     
   40.750000000000000        672.53051870575712     
   41.000000000000000        648.99000000000001     
   41.250000000000000        624.03400252148958     
   41.500000000000000        598.11923202224796     
   41.750000000000000        571.77734551188246     
   42.000000000000000        545.53999999999996     
   42.250000000000000        519.89269361918525     
   42.500000000000000        495.13628899393234     
   42.750000000000000        471.52548987171338     
   43.000000000000000        449.31500000000000     
   43.250000000000000        428.64811362676971     
   43.500000000000000        409.22248700202255     
   43.750000000000000        390.62436687626405     

 "IV theory
   21.250000000000000        2772.0847414235154     
   21.500000000000000        2877.3325643309768     
   21.750000000000000        2983.3125921309752     
   22.000000000000000        3089.8055988914230     
   22.250000000000000        3196.5910991792584     
   22.500000000000000        3303.4435695575348     
   22.750000000000000        3410.1362270883319     
   23.000000000000000        3516.4422888337294     
   23.250000000000000        3622.1320411815541     
   23.500000000000000        3726.9640478226020     
   23.750000000000000        3830.6939417734188     
   24.000000000000000        3933.0773560505472     
   24.250000000000000        4033.8683488082602     
   24.500000000000000        4132.8146787517526     
   24.750000000000000        4229.6625297239489     
   25.000000000000000        4324.1580855677739     
   25.250000000000000        4416.0475175235742     
   25.500000000000000        4505.0769464213827     
   25.750000000000000        4590.9924804886550     
   26.000000000000000        4673.5402279528471     
   26.250000000000000        4752.4649632281744     
   26.500000000000000        4827.5061254758994     
   26.750000000000000        4898.4018200440423     
   27.000000000000000        4964.8901522806254     
   27.250000000000000        5026.7062158400422     
   27.500000000000000        5083.5730576021788     
   27.750000000000000        5135.2107127532918     
   28.000000000000000        5181.3392164796378     
   28.250000000000000        5221.6772492093369     
   28.500000000000000        5255.9380723379527     
   28.750000000000000        5283.8335925029114     
   29.000000000000000        5305.0757163416392     
   29.250000000000000        5319.3754252928002     
   29.500000000000000        5326.4399999999996     
   29.750000000000000        5325.9757959080835     
   30.000000000000000        5317.6891684618968     
   30.250000000000000        5301.3238185938808     
   30.500000000000000        5276.7728291868807     
   30.750000000000000        5243.9666286113434     
   31.000000000000000        5202.8356452377120     
   31.250000000000000        5153.3911235279475     
   31.500000000000000        5095.9675723100718     
   31.750000000000000        5030.9803165036210     
   32.000000000000000        4958.8446810281339     
   32.250000000000000        4880.0195323771541     
   32.500000000000000        4795.1379033402454     
   32.750000000000000        4704.8763682809822     
   33.000000000000000        4609.9115015629322     
   33.250000000000000        4510.9215033512264     
   33.500000000000000        4408.5910770172122     
   33.750000000000000        4303.6065517337947     
   34.000000000000000        4196.6542566738799     
   34.250000000000000        4088.3971606502887     
   34.500000000000000        3979.4047910354975     
   34.750000000000000        3870.2233148418982     
   35.000000000000000        3761.3988990818825     
   35.250000000000000        3653.4278888342201     
   35.500000000000000        3546.6073414432026     
   35.750000000000000        3441.1844923195004     
   36.000000000000000        3337.4065768737823     
   36.250000000000000        3235.4937940816981     
   36.500000000000000        3135.5581971788101     
   36.750000000000000        3037.6848029656608     
   37.000000000000000        2941.9586282427895     
   37.250000000000000        2848.4641250864479     
   37.500000000000000        2757.2834866757194     
   37.750000000000000        2668.4983414653962     
   38.000000000000000        2582.1903179102728     
   38.250000000000000        2498.4372464578269     
   38.500000000000000        2417.3017655262861     
   38.750000000000000        2338.8427155265636     
   39.000000000000000        2263.1189368695727     
   39.250000000000000        2190.1806356704360     
   39.500000000000000        2120.0434808611149     
   39.750000000000000        2052.7145070777788     
   40.000000000000000        1988.2007489565976     
   40.250000000000000        1926.5045888445152     
   40.500000000000000        1867.6097999315716     
   40.750000000000000        1811.4955031185802     
   41.000000000000000        1758.1408193063553     
   41.250000000000000        1707.5248187735490     
   41.500000000000000        1659.6263693101685     
   41.750000000000000        1614.4242880840602     
   42.000000000000000        1571.8973922630705     
   42.250000000000000        1532.0217047680846     
   42.500000000000000        1494.7620715321464     
   42.750000000000000        1460.0805442413398     
   43.000000000000000        1427.9391745817470     
   43.250000000000000        1398.2938946790637     
   43.500000000000000        1371.0761584174286     
   43.750000000000000        1346.2113001205926     

