TitleText: Ni(001)-(5x5)-Li     Beam (1/5,1/5)            Rfac10=0.1911
 "IV exp
   60.2500000       349.436462    
   60.5000000       383.824066    
   60.7500000       418.536530    
   61.0000000       453.736267    
   61.2500000       489.617767    
   61.5000000       526.504028    
   61.7500000       564.750244    
   62.0000000       604.711304    
   62.2500000       646.649475    
   62.5000000       690.455383    
   62.7500000       735.926819    
   63.0000000       782.861267    
   63.2500000       831.003174    
   63.5000000       879.882568    
   63.7500000       928.976318    
   64.0000000       977.761230    
   64.2500000       1025.84265    
   64.5000000       1073.34131    
   64.7500000       1120.50598    
   65.0000000       1167.58630    
   65.2500000       1214.77454    
   65.5000000       1262.03577    
   65.7500000       1309.27856    
   66.0000000       1356.41125    
   66.2500000       1403.40588    
   66.5000000       1450.48962    
   66.7500000       1497.95288    
   67.0000000       1546.08630    
   67.2500000       1595.13696    
   67.5000000       1645.17664    
   67.7500000       1696.23376    
   68.0000000       1748.33630    
   68.2500000       1801.34973    
   68.5000000       1854.48718    
   68.7500000       1906.79932    
   69.0000000       1957.33630    
   69.2500000       2005.35999    
   69.5000000       2050.97656    
   69.7500000       2094.50439    
   70.0000000       2136.26123    
   70.2500000       2176.53369    
   70.5000000       2215.48047    
   70.7500000       2253.23047    
   71.0000000       2289.91113    
   71.2500000       2325.51416    
   71.5000000       2359.48193    
   71.7500000       2391.12061    
   72.0000000       2419.73633    
   72.2500000       2444.58105    
   72.5000000       2464.69092    
   72.7500000       2479.04834    
   73.0000000       2486.63623    
   73.2500000       2486.55518    
   73.5000000       2478.38135    
   73.7500000       2461.81006    
   74.0000000       2436.53613    
   74.2500000       2402.54736    
   74.5000000       2361.00391    
   74.7500000       2313.35742    
   75.0000000       2261.06152    
   75.2500000       2205.33740    
   75.5000000       2146.48389    
   75.7500000       2084.56934    
   76.0000000       2019.66138    
   76.2500000       1951.93677    
   76.5000000       1882.00671    
   76.7500000       1810.59155    
   77.0000000       1738.41125    
   77.2500000       1666.43018    
   77.5000000       1596.59119    
   77.7500000       1531.08093    
   78.0000000       1472.08630    
   78.2500000       1421.23755    
   78.5000000       1377.93701    
   78.7500000       1341.02979    
   79.0000000       1309.36121    
   79.2500000       1281.73181    
   79.5000000       1256.76282    
   79.7500000       1233.03040    
   80.0000000       1209.11133    
   80.2500000       1183.99036    
   80.5000000       1158.28857    
   80.7500000       1133.03564    
   81.0000000       1109.26123    
   81.2500000       1087.85242    
   81.5000000       1069.12549    
   81.7500000       1053.25391    
   82.0000000       1040.41125    
   82.2500000       1030.60889    
   82.5000000       1023.20862    
   82.7500000       1017.40961    

 "IV theory
   60.2500000       613.423035    
   60.5000000       610.963928    
   60.7500000       612.241821    
   61.0000000       617.053223    
   61.2500000       625.200500    
   61.5000000       636.508850    
   61.7500000       650.809021    
   62.0000000       667.931824    
   62.2500000       687.721130    
   62.5000000       710.072571    
   62.7500000       734.894836    
   63.0000000       762.096619    
   63.2500000       791.596008    
   63.5000000       823.348511    
   63.7500000       857.319214    
   64.0000000       893.473267    
   64.2500000       931.777283    
   64.5000000       972.206726    
   64.7500000       1014.73804    
   65.0000000       1059.34814    
   65.2500000       1106.00537    
   65.5000000       1154.64294    
   65.7500000       1205.18555    
   66.0000000       1257.55750    
   66.2500000       1311.65906    
   66.5000000       1367.29138    
   66.7500000       1424.23059    
   67.0000000       1482.25317    
   67.2500000       1541.11804    
   67.5000000       1600.51404    
   67.7500000       1660.11255    
   68.0000000       1719.58472    
   68.2500000       1778.59900    
   68.5000000       1836.80957    
   68.7500000       1893.86877    
   69.0000000       1949.42773    
   69.2500000       2003.15015    
   69.5000000       2054.74805    
   69.7500000       2103.94531    
   70.0000000       2150.46655    
   70.2500000       2194.06909    
   70.5000000       2234.64551    
   70.7500000       2272.12183    
   71.0000000       2306.42407    
   71.2500000       2337.50269    
   71.5000000       2365.40527    
   71.7500000       2390.20605    
   72.0000000       2411.97754    
   72.2500000       2430.79565    
   72.5000000       2446.74561    
   72.7500000       2459.91528    
   73.0000000       2470.39307    
   73.2500000       2478.26978    
   73.5000000       2483.64844    
   73.7500000       2486.63647    
   74.0000000       2487.34058    
   74.2500000       2485.87866    
   74.5000000       2482.41479    
   74.7500000       2477.12378    
   75.0000000       2470.18188    
   75.2500000       2461.77222    
   75.5000000       2452.10767    
   75.7500000       2441.41138    
   76.0000000       2429.90332    
   76.2500000       2417.80835    
   76.5000000       2405.35767    
   76.7500000       2392.78662    
   77.0000000       2380.32959    
   77.2500000       2368.20874    
   77.5000000       2356.60181    
   77.7500000       2345.67456    
   78.0000000       2335.59229    
   78.2500000       2326.48755    
   78.5000000       2318.36450    
   78.7500000       2311.19116    
   79.0000000       2304.93823    
   79.2500000       2299.55151    
   79.5000000       2294.88330    
   79.7500000       2290.76245    
   80.0000000       2287.01782    
   80.2500000       2283.47437    
   80.5000000       2279.94604    
   80.7500000       2276.24194    
   81.0000000       2272.17261    
   81.2500000       2267.55103    
   81.5000000       2262.20825    
   81.7500000       2255.97656    
   82.0000000       2248.68994    
   82.2500000       2240.19116    
   82.5000000       2230.35986    
   82.7500000       2219.08472    

TitleText: Ni(001)-(5x5)-Li     Beam (1/5,1/5)            Rfac10=0.1687
 "IV exp
   60.2500000       349.436462    
   60.5000000       383.824066    
   60.7500000       418.536530    
   61.0000000       453.736267    
   61.2500000       489.617767    
   61.5000000       526.504028    
   61.7500000       564.750244    
   62.0000000       604.711304    
   62.2500000       646.649475    
   62.5000000       690.455383    
   62.7500000       735.926819    
   63.0000000       782.861267    
   63.2500000       831.003174    
   63.5000000       879.882568    
   63.7500000       928.976318    
   64.0000000       977.761230    
   64.2500000       1025.84265    
   64.5000000       1073.34131    
   64.7500000       1120.50598    
   65.0000000       1167.58630    
   65.2500000       1214.77454    
   65.5000000       1262.03577    
   65.7500000       1309.27856    
   66.0000000       1356.41125    
   66.2500000       1403.40588    
   66.5000000       1450.48962    
   66.7500000       1497.95288    
   67.0000000       1546.08630    
   67.2500000       1595.13696    
   67.5000000       1645.17664    
   67.7500000       1696.23376    
   68.0000000       1748.33630    
   68.2500000       1801.34973    
   68.5000000       1854.48718    
   68.7500000       1906.79932    
   69.0000000       1957.33630    
   69.2500000       2005.35999    
   69.5000000       2050.97656    
   69.7500000       2094.50439    
   70.0000000       2136.26123    
   70.2500000       2176.53369    
   70.5000000       2215.48047    
   70.7500000       2253.23047    
   71.0000000       2289.91113    
   71.2500000       2325.51416    
   71.5000000       2359.48193    
   71.7500000       2391.12061    
   72.0000000       2419.73633    
   72.2500000       2444.58105    
   72.5000000       2464.69092    
   72.7500000       2479.04834    
   73.0000000       2486.63623    
   73.2500000       2486.55518    
   73.5000000       2478.38135    
   73.7500000       2461.81006    
   74.0000000       2436.53613    
   74.2500000       2402.54736    
   74.5000000       2361.00391    
   74.7500000       2313.35742    
   75.0000000       2261.06152    
   75.2500000       2205.33740    
   75.5000000       2146.48389    
   75.7500000       2084.56934    
   76.0000000       2019.66138    
   76.2500000       1951.93677    
   76.5000000       1882.00671    
   76.7500000       1810.59155    
   77.0000000       1738.41125    
   77.2500000       1666.43018    
   77.5000000       1596.59119    
   77.7500000       1531.08093    
   78.0000000       1472.08630    
   78.2500000       1421.23755    
   78.5000000       1377.93701    
   78.7500000       1341.02979    
   79.0000000       1309.36121    
   79.2500000       1281.73181    
   79.5000000       1256.76282    
   79.7500000       1233.03040    
   80.0000000       1209.11133    
   80.2500000       1183.99036    
   80.5000000       1158.28857    
   80.7500000       1133.03564    
   81.0000000       1109.26123    
   81.2500000       1087.85242    
   81.5000000       1069.12549    
   81.7500000       1053.25391    
   82.0000000       1040.41125    
   82.2500000       1030.60889    
   82.5000000       1023.20862    
   82.7500000       1017.40961    

 "IV theory
   60.2500000       627.319580    
   60.5000000       615.343811    
   60.7500000       606.048462    
   61.0000000       599.535461    
   61.2500000       595.905029    
   61.5000000       595.250061    
   61.7500000       597.661865    
   62.0000000       603.231567    
   62.2500000       612.040344    
   62.5000000       624.128845    
   62.7500000       639.527649    
   63.0000000       658.267334    
   63.2500000       680.365112    
   63.5000000       705.784241    
   63.7500000       734.474792    
   64.0000000       766.386658    
   64.2500000       801.466370    
   64.5000000       839.646545    
   64.7500000       880.856567    
   65.0000000       925.025452    
   65.2500000       972.079956    
   65.5000000       1021.93561    
   65.7500000       1074.50574    
   66.0000000       1129.70349    
   66.2500000       1187.41870    
   66.5000000       1247.45032    
   66.7500000       1309.57397    
   67.0000000       1373.56531    
   67.2500000       1439.17114    
   67.5000000       1506.02209    
   67.7500000       1573.71985    
   68.0000000       1641.86584    
   68.2500000       1710.05176    
   68.5000000       1777.82825    
   68.7500000       1844.73608    
   69.0000000       1910.31628    
   69.2500000       1974.11414    
   69.5000000       2035.69531    
   69.7500000       2094.63037    
   70.0000000       2150.48975    
   70.2500000       2202.87012    
   70.5000000       2251.47534    
   70.7500000       2296.03369    
   71.0000000       2336.27466    
   71.2500000       2371.96289    
   71.5000000       2403.00269    
   71.7500000       2429.33447    
   72.0000000       2450.89771    
   72.2500000       2467.64209    
   72.5000000       2479.55542    
   72.7500000       2486.63623    
   73.0000000       2488.88281    
   73.2500000       2486.29688    
   73.5000000       2478.89746    
   73.7500000       2466.70679    
   74.0000000       2449.74854    
   74.2500000       2428.08398    
   74.5000000       2401.93311    
   74.7500000       2371.55347    
   75.0000000       2337.20337    
   75.2500000       2299.19067    
   75.5000000       2258.02100    
   75.7500000       2214.24902    
   76.0000000       2168.42896    
   76.2500000       2121.13379    
   76.5000000       2073.00659    
   76.7500000       2024.70874    
   77.0000000       1976.90161    
   77.2500000       1930.23560    
   77.5000000       1885.32104    
   77.7500000       1842.75769    
   78.0000000       1803.14539    
   78.2500000       1767.02600    
   78.5000000       1734.70923    
   78.7500000       1706.44629    
   79.0000000       1682.48901    
   79.2500000       1663.01331    
   79.5000000       1647.89258    
   79.7500000       1636.92493    
   80.0000000       1629.90833    
   80.2500000       1626.61658    
   80.5000000       1626.72620    
   80.7500000       1629.89038    
   81.0000000       1635.76147    
   81.2500000       1643.99658    
   81.5000000       1654.27063    
   81.7500000       1666.26306    
   82.0000000       1679.65320    
   82.2500000       1694.13025    
   82.5000000       1709.42444    
   82.7500000       1725.27588    

TitleText: Ni(001)-(5x5)-Li     Beam (1/5,1/5)            Rfac10=0.2770
 "IV exp
   60.2500000       349.436462    
   60.5000000       383.824066    
   60.7500000       418.536530    
   61.0000000       453.736267    
   61.2500000       489.617767    
   61.5000000       526.504028    
   61.7500000       564.750244    
   62.0000000       604.711304    
   62.2500000       646.649475    
   62.5000000       690.455383    
   62.7500000       735.926819    
   63.0000000       782.861267    
   63.2500000       831.003174    
   63.5000000       879.882568    
   63.7500000       928.976318    
   64.0000000       977.761230    
   64.2500000       1025.84265    
   64.5000000       1073.34131    
   64.7500000       1120.50598    
   65.0000000       1167.58630    
   65.2500000       1214.77454    
   65.5000000       1262.03577    
   65.7500000       1309.27856    
   66.0000000       1356.41125    
   66.2500000       1403.40588    
   66.5000000       1450.48962    
   66.7500000       1497.95288    
   67.0000000       1546.08630    
   67.2500000       1595.13696    
   67.5000000       1645.17664    
   67.7500000       1696.23376    
   68.0000000       1748.33630    
   68.2500000       1801.34973    
   68.5000000       1854.48718    
   68.7500000       1906.79932    
   69.0000000       1957.33630    
   69.2500000       2005.35999    
   69.5000000       2050.97656    
   69.7500000       2094.50439    
   70.0000000       2136.26123    
   70.2500000       2176.53369    
   70.5000000       2215.48047    
   70.7500000       2253.23047    
   71.0000000       2289.91113    
   71.2500000       2325.51416    
   71.5000000       2359.48193    
   71.7500000       2391.12061    
   72.0000000       2419.73633    
   72.2500000       2444.58105    
   72.5000000       2464.69092    
   72.7500000       2479.04834    
   73.0000000       2486.63623    
   73.2500000       2486.55518    
   73.5000000       2478.38135    
   73.7500000       2461.81006    
   74.0000000       2436.53613    
   74.2500000       2402.54736    
   74.5000000       2361.00391    
   74.7500000       2313.35742    
   75.0000000       2261.06152    
   75.2500000       2205.33740    
   75.5000000       2146.48389    
   75.7500000       2084.56934    
   76.0000000       2019.66138    
   76.2500000       1951.93677    
   76.5000000       1882.00671    
   76.7500000       1810.59155    
   77.0000000       1738.41125    
   77.2500000       1666.43018    
   77.5000000       1596.59119    
   77.7500000       1531.08093    
   78.0000000       1472.08630    
   78.2500000       1421.23755    
   78.5000000       1377.93701    
   78.7500000       1341.02979    
   79.0000000       1309.36121    
   79.2500000       1281.73181    
   79.5000000       1256.76282    
   79.7500000       1233.03040    
   80.0000000       1209.11133    
   80.2500000       1183.99036    
   80.5000000       1158.28857    
   80.7500000       1133.03564    
   81.0000000       1109.26123    
   81.2500000       1087.85242    
   81.5000000       1069.12549    
   81.7500000       1053.25391    
   82.0000000       1040.41125    
   82.2500000       1030.60889    
   82.5000000       1023.20862    
   82.7500000       1017.40961    

 "IV theory
   60.2500000       1476.64502    
   60.5000000       1468.98596    
   60.7500000       1461.94897    
   61.0000000       1455.47522    
   61.2500000       1449.51697    
   61.5000000       1444.07422    
   61.7500000       1439.15845    
   62.0000000       1434.78101    
   62.2500000       1430.97827    
   62.5000000       1427.88440    
   62.7500000       1425.65820    
   63.0000000       1424.45813    
   63.2500000       1424.45618    
   63.5000000       1425.87439    
   63.7500000       1428.94812    
   64.0000000       1433.91248    
   64.2500000       1441.00305    
   64.5000000       1450.45776    
   64.7500000       1462.51477    
   65.0000000       1477.41235    
   65.2500000       1495.36292    
   65.5000000       1516.47485    
   65.7500000       1540.83032    
   66.0000000       1568.51233    
   66.2500000       1599.54907    
   66.5000000       1633.75183    
   66.7500000       1670.87842    
   67.0000000       1710.68652    
   67.2500000       1752.90491    
   67.5000000       1797.14978    
   67.7500000       1843.00903    
   68.0000000       1890.07007    
   68.2500000       1937.92065    
   68.5000000       1986.14624    
   68.7500000       2034.33167    
   69.0000000       2082.06226    
   69.2500000       2128.92676    
   69.5000000       2174.52905    
   69.7500000       2218.47729    
   70.0000000       2260.37793    
   70.2500000       2299.84766    
   70.5000000       2336.53027    
   70.7500000       2370.07910    
   71.0000000       2400.14722    
   71.2500000       2426.39111    
   71.5000000       2448.48413    
   71.7500000       2466.10425    
   72.0000000       2478.92944    
   72.2500000       2486.63647    
   72.5000000       2488.89941    
   72.7500000       2485.39282    
   73.0000000       2475.79126    
   73.2500000       2459.81641    
   73.5000000       2437.38354    
   73.7500000       2408.45508    
   74.0000000       2372.99414    
   74.2500000       2331.06445    
   74.5000000       2283.13306    
   74.7500000       2229.76685    
   75.0000000       2171.53320    
   75.2500000       2109.05200    
   75.5000000       2043.15259    
   75.7500000       1974.71667    
   76.0000000       1904.62610    
   76.2500000       1833.76416    
   76.5000000       1763.01953    
   76.7500000       1693.28235    
   77.0000000       1625.44238    
   77.2500000       1560.34155    
   77.5000000       1498.62817    
   77.7500000       1440.90198    
   78.0000000       1387.76294    
   78.2500000       1339.71021    
   78.5000000       1296.84094    
   78.7500000       1259.15125    
   79.0000000       1226.63745    
   79.2500000       1199.24329    
   79.5000000       1176.70215    
   79.7500000       1158.69519    
   80.0000000       1144.90283    
   80.2500000       1135.00549    
   80.5000000       1128.67957    
   80.7500000       1125.60120    
   81.0000000       1125.44617    
   81.2500000       1127.89929    
   81.5000000       1132.68152    
   81.7500000       1139.52271    
   82.0000000       1148.15234    
   82.2500000       1158.31897    
   82.5000000       1169.84338    
   82.7500000       1182.56592    

TitleText: Ni(001)-(5x5)-Li     Beam (1/5,1/5)            Rfac10=0.9520
 "IV exp
   60.2500000       349.436462    
   60.5000000       383.824066    
   60.7500000       418.536530    
   61.0000000       453.736267    
   61.2500000       489.617767    
   61.5000000       526.504028    
   61.7500000       564.750244    
   62.0000000       604.711304    
   62.2500000       646.649475    
   62.5000000       690.455383    
   62.7500000       735.926819    
   63.0000000       782.861267    
   63.2500000       831.003174    
   63.5000000       879.882568    
   63.7500000       928.976318    
   64.0000000       977.761230    
   64.2500000       1025.84265    
   64.5000000       1073.34131    
   64.7500000       1120.50598    
   65.0000000       1167.58630    
   65.2500000       1214.77454    
   65.5000000       1262.03577    
   65.7500000       1309.27856    
   66.0000000       1356.41125    
   66.2500000       1403.40588    
   66.5000000       1450.48962    
   66.7500000       1497.95288    
   67.0000000       1546.08630    
   67.2500000       1595.13696    
   67.5000000       1645.17664    
   67.7500000       1696.23376    
   68.0000000       1748.33630    
   68.2500000       1801.34973    
   68.5000000       1854.48718    
   68.7500000       1906.79932    
   69.0000000       1957.33630    
   69.2500000       2005.35999    
   69.5000000       2050.97656    
   69.7500000       2094.50439    
   70.0000000       2136.26123    
   70.2500000       2176.53369    
   70.5000000       2215.48047    
   70.7500000       2253.23047    
   71.0000000       2289.91113    
   71.2500000       2325.51416    
   71.5000000       2359.48193    
   71.7500000       2391.12061    
   72.0000000       2419.73633    
   72.2500000       2444.58105    
   72.5000000       2464.69092    
   72.7500000       2479.04834    
   73.0000000       2486.63623    
   73.2500000       2486.55518    
   73.5000000       2478.38135    
   73.7500000       2461.81006    
   74.0000000       2436.53613    
   74.2500000       2402.54736    
   74.5000000       2361.00391    
   74.7500000       2313.35742    
   75.0000000       2261.06152    
   75.2500000       2205.33740    
   75.5000000       2146.48389    
   75.7500000       2084.56934    
   76.0000000       2019.66138    
   76.2500000       1951.93677    
   76.5000000       1882.00671    
   76.7500000       1810.59155    
   77.0000000       1738.41125    
   77.2500000       1666.43018    
   77.5000000       1596.59119    
   77.7500000       1531.08093    
   78.0000000       1472.08630    
   78.2500000       1421.23755    
   78.5000000       1377.93701    
   78.7500000       1341.02979    
   79.0000000       1309.36121    
   79.2500000       1281.73181    
   79.5000000       1256.76282    
   79.7500000       1233.03040    
   80.0000000       1209.11133    
   80.2500000       1183.99036    
   80.5000000       1158.28857    
   80.7500000       1133.03564    
   81.0000000       1109.26123    
   81.2500000       1087.85242    
   81.5000000       1069.12549    
   81.7500000       1053.25391    
   82.0000000       1040.41125    
   82.2500000       1030.60889    
   82.5000000       1023.20862    
   82.7500000       1017.40961    

 "IV theory
   60.2500000       3666.19531    
   60.5000000       3450.68799    
   60.7500000       3228.33765    
   61.0000000       3001.02100    
   61.2500000       2770.70923    
   61.5000000       2539.75928    
   61.7500000       2310.62427    
   62.0000000       2085.75659    
   62.2500000       1867.60425    
   62.5000000       1658.59387    
   62.7500000       1461.14600    
   63.0000000       1277.68188    
   63.2500000       1110.43286    
   63.5000000       960.871399    
   63.7500000       830.280273    
   64.0000000       719.942200    
   64.2500000       630.781982    
   64.5000000       562.291870    
   64.7500000       513.606323    
   65.0000000       483.859344    
   65.2500000       472.016357    
   65.5000000       476.366241    
   65.7500000       495.028931    
   66.0000000       526.124390    
   66.2500000       567.777344    
   66.5000000       618.132202    
   66.7500000       675.338196    
   67.0000000       737.544617    
   67.2500000       802.996338    
   67.5000000       870.320007    
   67.7500000       938.238281    
   68.0000000       1005.47375    
   68.2500000       1070.93042    
   68.5000000       1134.23901    
   68.7500000       1195.21167    
   69.0000000       1253.66089    
   69.2500000       1309.48438    
   69.5000000       1362.92236    
   69.7500000       1414.30017    
   70.0000000       1463.94299    
   70.2500000       1512.17456    
   70.5000000       1559.30981    
   70.7500000       1605.66150    
   71.0000000       1651.54272    
   71.2500000       1697.23743    
   71.5000000       1742.91504    
   71.7500000       1788.71558    
   72.0000000       1834.78003    
   72.2500000       1881.19312    
   72.5000000       1927.82080    
   72.7500000       1974.47290    
   73.0000000       2020.96021    
   73.2500000       2067.06689    
   73.5000000       2112.47388    
   73.7500000       2156.83618    
   74.0000000       2199.80908    
   74.2500000       2241.04810    
   74.5000000       2280.21216    
   74.7500000       2316.95947    
   75.0000000       2350.94922    
   75.2500000       2381.84937    
   75.5000000       2409.36499    
   75.7500000       2433.21021    
   76.0000000       2453.09814    
   76.2500000       2468.76074    
   76.5000000       2480.00024    
   76.7500000       2486.63647    
   77.0000000       2488.48901    
   77.2500000       2485.38550    
   77.5000000       2477.18652    
   77.7500000       2463.75708    
   78.0000000       2444.96582    
   78.2500000       2420.68042    
   78.5000000       2390.77466    
   78.7500000       2355.12207    
   79.0000000       2313.59717    
   79.2500000       2266.14453    
   79.5000000       2212.98975    
   79.7500000       2154.42969    
   80.0000000       2090.76025    
   80.2500000       2022.41016    
   80.5000000       1950.33765    
   80.7500000       1875.63257    
   81.0000000       1799.38562    
   81.2500000       1722.74939    
   81.5000000       1647.12708    
   81.7500000       1573.98401    
   82.0000000       1504.78552    
   82.2500000       1440.99548    
   82.5000000       1384.06995    
   82.7500000       1335.46362    

TitleText: Ni(001)-(5x5)-Li     Beam (1/5,1/5)            Rfac10=0.1127
 "IV exp
   60.2500000       349.436462    
   60.5000000       383.824066    
   60.7500000       418.536530    
   61.0000000       453.736267    
   61.2500000       489.617767    
   61.5000000       526.504028    
   61.7500000       564.750244    
   62.0000000       604.711304    
   62.2500000       646.649475    
   62.5000000       690.455383    
   62.7500000       735.926819    
   63.0000000       782.861267    
   63.2500000       831.003174    
   63.5000000       879.882568    
   63.7500000       928.976318    
   64.0000000       977.761230    
   64.2500000       1025.84265    
   64.5000000       1073.34131    
   64.7500000       1120.50598    
   65.0000000       1167.58630    
   65.2500000       1214.77454    
   65.5000000       1262.03577    
   65.7500000       1309.27856    
   66.0000000       1356.41125    
   66.2500000       1403.40588    
   66.5000000       1450.48962    
   66.7500000       1497.95288    
   67.0000000       1546.08630    
   67.2500000       1595.13696    
   67.5000000       1645.17664    
   67.7500000       1696.23376    
   68.0000000       1748.33630    
   68.2500000       1801.34973    
   68.5000000       1854.48718    
   68.7500000       1906.79932    
   69.0000000       1957.33630    
   69.2500000       2005.35999    
   69.5000000       2050.97656    
   69.7500000       2094.50439    
   70.0000000       2136.26123    
   70.2500000       2176.53369    
   70.5000000       2215.48047    
   70.7500000       2253.23047    
   71.0000000       2289.91113    
   71.2500000       2325.51416    
   71.5000000       2359.48193    
   71.7500000       2391.12061    
   72.0000000       2419.73633    
   72.2500000       2444.58105    
   72.5000000       2464.69092    
   72.7500000       2479.04834    
   73.0000000       2486.63623    
   73.2500000       2486.55518    
   73.5000000       2478.38135    
   73.7500000       2461.81006    
   74.0000000       2436.53613    
   74.2500000       2402.54736    
   74.5000000       2361.00391    
   74.7500000       2313.35742    
   75.0000000       2261.06152    
   75.2500000       2205.33740    
   75.5000000       2146.48389    
   75.7500000       2084.56934    
   76.0000000       2019.66138    
   76.2500000       1951.93677    
   76.5000000       1882.00671    
   76.7500000       1810.59155    
   77.0000000       1738.41125    
   77.2500000       1666.43018    
   77.5000000       1596.59119    
   77.7500000       1531.08093    
   78.0000000       1472.08630    
   78.2500000       1421.23755    
   78.5000000       1377.93701    
   78.7500000       1341.02979    
   79.0000000       1309.36121    
   79.2500000       1281.73181    
   79.5000000       1256.76282    
   79.7500000       1233.03040    
   80.0000000       1209.11133    
   80.2500000       1183.99036    
   80.5000000       1158.28857    
   80.7500000       1133.03564    
   81.0000000       1109.26123    
   81.2500000       1087.85242    
   81.5000000       1069.12549    
   81.7500000       1053.25391    
   82.0000000       1040.41125    
   82.2500000       1030.60889    
   82.5000000       1023.20862    
   82.7500000       1017.40961    

 "IV theory
   60.2500000       1093.32654    
   60.5000000       1102.19031    
   60.7500000       1112.13074    
   61.0000000       1122.92700    
   61.2500000       1134.36902    
   61.5000000       1146.28931    
   61.7500000       1158.53113    
   62.0000000       1170.93762    
   62.2500000       1183.38147    
   62.5000000       1195.85413    
   62.7500000       1208.37646    
   63.0000000       1220.96899    
   63.2500000       1233.67517    
   63.5000000       1246.62708    
   63.7500000       1259.97949    
   64.0000000       1273.88660    
   64.2500000       1288.50696    
   64.5000000       1304.01416    
   64.7500000       1320.58606    
   65.0000000       1338.39990    
   65.2500000       1357.62512    
   65.5000000       1378.39685    
   65.7500000       1400.84167    
   66.0000000       1425.08643    
   66.2500000       1451.23438    
   66.5000000       1479.29480    
   66.7500000       1509.25305    
   67.0000000       1541.09473    
   67.2500000       1574.78748    
   67.5000000       1610.22534    
   67.7500000       1647.28467    
   68.0000000       1685.84119    
   68.2500000       1725.77002    
   68.5000000       1766.94080    
   68.7500000       1809.22217    
   69.0000000       1852.48291    
   69.2500000       1896.58228    
   69.5000000       1941.34204    
   69.7500000       1986.57483    
   70.0000000       2032.09375    
   70.2500000       2077.67969    
   70.5000000       2122.99194    
   70.7500000       2167.65723    
   71.0000000       2211.30298    
   71.2500000       2253.53491    
   71.5000000       2293.87134    
   71.7500000       2331.80762    
   72.0000000       2366.83984    
   72.2500000       2398.45801    
   72.5000000       2426.12354    
   72.7500000       2449.29199    
   73.0000000       2467.41895    
   73.2500000       2479.99341    
   73.5000000       2486.63647    
   73.7500000       2487.00391    
   74.0000000       2480.75122    
   74.2500000       2467.63330    
   74.5000000       2447.80493    
   74.7500000       2421.52002    
   75.0000000       2389.03369    
   75.2500000       2350.67480    
   75.5000000       2307.07104    
   75.7500000       2258.92505    
   76.0000000       2206.94019    
   76.2500000       2151.83057    
   76.5000000       2094.35986    
   76.7500000       2035.30286    
   77.0000000       1975.43506    
   77.2500000       1915.51086    
   77.5000000       1856.20056    
   77.7500000       1798.15320    
   78.0000000       1742.01819    
   78.2500000       1688.38843    
   78.5000000       1637.63135    
   78.7500000       1590.05786    
   79.0000000       1545.97949    
   79.2500000       1505.66333    
   79.5000000       1469.20276    
   79.7500000       1436.64697    
   80.0000000       1408.04602    
   80.2500000       1383.44482    
   80.5000000       1362.87280    
   80.7500000       1346.35486    
   81.0000000       1333.91650    
   81.2500000       1325.56982    
   81.5000000       1321.27747    
   81.7500000       1320.98950    
   82.0000000       1324.65564    
   82.2500000       1332.18274    
   82.5000000       1343.30640    
   82.7500000       1357.71814    

TitleText: Ni(001)-(5x5)-Li     Beam (1/5,1/5)            Rfac10=0.2976
 "IV exp
   60.2500000       349.436462    
   60.5000000       383.824066    
   60.7500000       418.536530    
   61.0000000       453.736267    
   61.2500000       489.617767    
   61.5000000       526.504028    
   61.7500000       564.750244    
   62.0000000       604.711304    
   62.2500000       646.649475    
   62.5000000       690.455383    
   62.7500000       735.926819    
   63.0000000       782.861267    
   63.2500000       831.003174    
   63.5000000       879.882568    
   63.7500000       928.976318    
   64.0000000       977.761230    
   64.2500000       1025.84265    
   64.5000000       1073.34131    
   64.7500000       1120.50598    
   65.0000000       1167.58630    
   65.2500000       1214.77454    
   65.5000000       1262.03577    
   65.7500000       1309.27856    
   66.0000000       1356.41125    
   66.2500000       1403.40588    
   66.5000000       1450.48962    
   66.7500000       1497.95288    
   67.0000000       1546.08630    
   67.2500000       1595.13696    
   67.5000000       1645.17664    
   67.7500000       1696.23376    
   68.0000000       1748.33630    
   68.2500000       1801.34973    
   68.5000000       1854.48718    
   68.7500000       1906.79932    
   69.0000000       1957.33630    
   69.2500000       2005.35999    
   69.5000000       2050.97656    
   69.7500000       2094.50439    
   70.0000000       2136.26123    
   70.2500000       2176.53369    
   70.5000000       2215.48047    
   70.7500000       2253.23047    
   71.0000000       2289.91113    
   71.2500000       2325.51416    
   71.5000000       2359.48193    
   71.7500000       2391.12061    
   72.0000000       2419.73633    
   72.2500000       2444.58105    
   72.5000000       2464.69092    
   72.7500000       2479.04834    
   73.0000000       2486.63623    
   73.2500000       2486.55518    
   73.5000000       2478.38135    
   73.7500000       2461.81006    
   74.0000000       2436.53613    
   74.2500000       2402.54736    
   74.5000000       2361.00391    
   74.7500000       2313.35742    
   75.0000000       2261.06152    
   75.2500000       2205.33740    
   75.5000000       2146.48389    
   75.7500000       2084.56934    
   76.0000000       2019.66138    
   76.2500000       1951.93677    
   76.5000000       1882.00671    
   76.7500000       1810.59155    
   77.0000000       1738.41125    
   77.2500000       1666.43018    
   77.5000000       1596.59119    
   77.7500000       1531.08093    
   78.0000000       1472.08630    
   78.2500000       1421.23755    
   78.5000000       1377.93701    
   78.7500000       1341.02979    
   79.0000000       1309.36121    
   79.2500000       1281.73181    
   79.5000000       1256.76282    
   79.7500000       1233.03040    
   80.0000000       1209.11133    
   80.2500000       1183.99036    
   80.5000000       1158.28857    
   80.7500000       1133.03564    
   81.0000000       1109.26123    
   81.2500000       1087.85242    
   81.5000000       1069.12549    
   81.7500000       1053.25391    
   82.0000000       1040.41125    
   82.2500000       1030.60889    
   82.5000000       1023.20862    
   82.7500000       1017.40961    

 "IV theory
   60.2500000       803.066650    
   60.5000000       815.052795    
   60.7500000       833.424561    
   61.0000000       858.127563    
   61.2500000       889.092773    
   61.5000000       926.192993    
   61.7500000       969.286072    
   62.0000000       1018.23010    
   62.2500000       1072.87158    
   62.5000000       1133.01013    
   62.7500000       1198.43359    
   63.0000000       1268.93005    
   63.2500000       1344.21790    
   63.5000000       1423.73669    
   63.7500000       1506.85645    
   64.0000000       1592.94690    
   64.2500000       1681.31006    
   64.5000000       1770.97388    
   64.7500000       1860.89880    
   65.0000000       1950.04529    
   65.2500000       2037.34912    
   65.5000000       2121.65063    
   65.7500000       2201.76660    
   66.0000000       2276.51343    
   66.2500000       2344.74951    
   66.5000000       2405.49902    
   66.7500000       2457.82788    
   67.0000000       2500.80225    
   67.2500000       2533.66748    
   67.5000000       2556.38354    
   67.7500000       2569.09058    
   68.0000000       2571.92847    
   68.2500000       2565.21973    
   68.5000000       2550.01733    
   68.7500000       2527.55786    
   69.0000000       2499.07812    
   69.2500000       2465.86548    
   69.5000000       2429.41309    
   69.7500000       2391.26611    
   70.0000000       2352.96973    
   70.2500000       2316.01880    
   70.5000000       2281.71460    
   70.7500000       2251.30762    
   71.0000000       2226.05054    
   71.2500000       2207.00391    
   71.5000000       2194.47266    
   71.7500000       2188.57031    
   72.0000000       2189.41187    
   72.2500000       2196.91504    
   72.5000000       2210.21436    
   72.7500000       2228.24878    
   73.0000000       2249.95654    
   73.2500000       2274.22314    
   73.5000000       2299.72681    
   73.7500000       2325.09058    
   74.0000000       2348.93921    
   74.2500000       2369.93652    
   74.5000000       2386.90283    
   74.7500000       2398.69800    
   75.0000000       2404.18188    
   75.2500000       2402.35620    
   75.5000000       2392.79102    
   75.7500000       2375.19775    
   76.0000000       2349.28833    
   76.2500000       2314.92285    
   76.5000000       2272.55640    
   76.7500000       2222.79175    
   77.0000000       2166.23291    
   77.2500000       2103.51904    
   77.5000000       2035.43640    
   77.7500000       1962.80798    
   78.0000000       1886.45569    
   78.2500000       1807.18884    
   78.5000000       1725.75854    
   78.7500000       1642.90308    
   79.0000000       1559.35999    
   79.2500000       1475.83118    
   79.5000000       1392.87708    
   79.7500000       1311.02209    
   80.0000000       1230.79102    
   80.2500000       1152.66919    
   80.5000000       1076.98584    
   80.7500000       1004.03076    
   81.0000000       934.093994    
   81.2500000       867.457581    
   81.5000000       804.372803    
   81.7500000       745.082581    
   82.0000000       689.830322    
   82.2500000       638.854248    
   82.5000000       592.373291    
   82.7500000       550.601318    

TitleText: Ni(001)-(5x5)-Li     Beam (1/5,1/5)            Rfac10=0.0683
 "IV exp
   60.2500000       349.436462    
   60.5000000       383.824066    
   60.7500000       418.536530    
   61.0000000       453.736267    
   61.2500000       489.617767    
   61.5000000       526.504028    
   61.7500000       564.750244    
   62.0000000       604.711304    
   62.2500000       646.649475    
   62.5000000       690.455383    
   62.7500000       735.926819    
   63.0000000       782.861267    
   63.2500000       831.003174    
   63.5000000       879.882568    
   63.7500000       928.976318    
   64.0000000       977.761230    
   64.2500000       1025.84265    
   64.5000000       1073.34131    
   64.7500000       1120.50598    
   65.0000000       1167.58630    
   65.2500000       1214.77454    
   65.5000000       1262.03577    
   65.7500000       1309.27856    
   66.0000000       1356.41125    
   66.2500000       1403.40588    
   66.5000000       1450.48962    
   66.7500000       1497.95288    
   67.0000000       1546.08630    
   67.2500000       1595.13696    
   67.5000000       1645.17664    
   67.7500000       1696.23376    
   68.0000000       1748.33630    
   68.2500000       1801.34973    
   68.5000000       1854.48718    
   68.7500000       1906.79932    
   69.0000000       1957.33630    
   69.2500000       2005.35999    
   69.5000000       2050.97656    
   69.7500000       2094.50439    
   70.0000000       2136.26123    
   70.2500000       2176.53369    
   70.5000000       2215.48047    
   70.7500000       2253.23047    
   71.0000000       2289.91113    
   71.2500000       2325.51416    
   71.5000000       2359.48193    
   71.7500000       2391.12061    
   72.0000000       2419.73633    
   72.2500000       2444.58105    
   72.5000000       2464.69092    
   72.7500000       2479.04834    
   73.0000000       2486.63623    
   73.2500000       2486.55518    
   73.5000000       2478.38135    
   73.7500000       2461.81006    
   74.0000000       2436.53613    
   74.2500000       2402.54736    
   74.5000000       2361.00391    
   74.7500000       2313.35742    
   75.0000000       2261.06152    
   75.2500000       2205.33740    
   75.5000000       2146.48389    
   75.7500000       2084.56934    
   76.0000000       2019.66138    
   76.2500000       1951.93677    
   76.5000000       1882.00671    
   76.7500000       1810.59155    
   77.0000000       1738.41125    
   77.2500000       1666.43018    
   77.5000000       1596.59119    
   77.7500000       1531.08093    
   78.0000000       1472.08630    
   78.2500000       1421.23755    
   78.5000000       1377.93701    
   78.7500000       1341.02979    
   79.0000000       1309.36121    
   79.2500000       1281.73181    
   79.5000000       1256.76282    
   79.7500000       1233.03040    
   80.0000000       1209.11133    
   80.2500000       1183.99036    
   80.5000000       1158.28857    
   80.7500000       1133.03564    
   81.0000000       1109.26123    
   81.2500000       1087.85242    
   81.5000000       1069.12549    
   81.7500000       1053.25391    
   82.0000000       1040.41125    
   82.2500000       1030.60889    
   82.5000000       1023.20862    
   82.7500000       1017.40961    

 "IV theory
   60.2500000       271.450226    
   60.5000000       301.376068    
   60.7500000       334.865387    
   61.0000000       371.979248    
   61.2500000       412.745911    
   61.5000000       457.062531    
   61.7500000       504.793579    
   62.0000000       555.803345    
   62.2500000       609.940918    
   62.5000000       666.992981    
   62.7500000       726.730774    
   63.0000000       788.925476    
   63.2500000       853.348694    
   63.5000000       919.772278    
   63.7500000       987.968750    
   64.0000000       1057.71033    
   64.2500000       1128.76404    
   64.5000000       1200.87793    
   64.7500000       1273.79395    
   65.0000000       1347.25513    
   65.2500000       1420.99451    
   65.5000000       1494.70837    
   65.7500000       1568.08447    
   66.0000000       1640.80945    
   66.2500000       1712.56628    
   66.5000000       1783.01978    
   66.7500000       1851.83020    
   67.0000000       1918.65771    
   67.2500000       1983.16321    
   67.5000000       2045.00879    
   67.7500000       2103.85693    
   68.0000000       2159.36963    
   68.2500000       2211.22607    
   68.5000000       2259.17163    
   68.7500000       2302.96802    
   69.0000000       2342.37769    
   69.2500000       2377.19360    
   69.5000000       2407.33545    
   69.7500000       2432.75488    
   70.0000000       2453.40332    
   70.2500000       2469.24634    
   70.5000000       2480.31055    
   70.7500000       2486.63623    
   71.0000000       2488.26392    
   71.2500000       2485.23462    
   71.5000000       2477.58911    
   71.7500000       2465.36841    
   72.0000000       2448.61279    
   72.2500000       2427.38013    
   72.5000000       2401.79419    
   72.7500000       2371.99414    
   73.0000000       2338.12012    
   73.2500000       2300.34326    
   73.5000000       2258.95898    
   73.7500000       2214.29443    
   74.0000000       2166.67627    
   74.2500000       2116.44653    
   74.5000000       2064.00586    
   74.7500000       2009.77100    
   75.0000000       1954.15820    
   75.2500000       1897.58264    
   75.5000000       1840.45850    
   75.7500000       1783.19836    
   76.0000000       1726.21558    
   76.2500000       1669.90613    
   76.5000000       1614.59827    
   76.7500000       1560.60339    
   77.0000000       1508.23254    
   77.2500000       1457.76465    
   77.5000000       1409.34900    
   77.7500000       1363.10254    
   78.0000000       1319.14258    
   78.2500000       1277.57043    
   78.5000000       1238.42627    
   78.7500000       1201.73511    
   79.0000000       1167.52234    
   79.2500000       1135.81262    
   79.5000000       1106.63208    
   79.7500000       1080.00684    
   80.0000000       1055.96313    
   80.2500000       1034.52478    
   80.5000000       1015.70605    
   80.7500000       999.519104    
   81.0000000       985.976135    
   81.2500000       975.084778    
   81.5000000       966.835632    
   81.7500000       961.214661    
   82.0000000       958.207825    
   82.2500000       957.799316    
   82.5000000       959.965088    
   82.7500000       964.679382    

TitleText: Ni(001)-(5x5)-Li     Beam (1/5,1/5)            Rfac10=0.6679
 "IV exp
   60.2500000       349.436462    
   60.5000000       383.824066    
   60.7500000       418.536530    
   61.0000000       453.736267    
   61.2500000       489.617767    
   61.5000000       526.504028    
   61.7500000       564.750244    
   62.0000000       604.711304    
   62.2500000       646.649475    
   62.5000000       690.455383    
   62.7500000       735.926819    
   63.0000000       782.861267    
   63.2500000       831.003174    
   63.5000000       879.882568    
   63.7500000       928.976318    
   64.0000000       977.761230    
   64.2500000       1025.84265    
   64.5000000       1073.34131    
   64.7500000       1120.50598    
   65.0000000       1167.58630    
   65.2500000       1214.77454    
   65.5000000       1262.03577    
   65.7500000       1309.27856    
   66.0000000       1356.41125    
   66.2500000       1403.40588    
   66.5000000       1450.48962    
   66.7500000       1497.95288    
   67.0000000       1546.08630    
   67.2500000       1595.13696    
   67.5000000       1645.17664    
   67.7500000       1696.23376    
   68.0000000       1748.33630    
   68.2500000       1801.34973    
   68.5000000       1854.48718    
   68.7500000       1906.79932    
   69.0000000       1957.33630    
   69.2500000       2005.35999    
   69.5000000       2050.97656    
   69.7500000       2094.50439    
   70.0000000       2136.26123    
   70.2500000       2176.53369    
   70.5000000       2215.48047    
   70.7500000       2253.23047    
   71.0000000       2289.91113    
   71.2500000       2325.51416    
   71.5000000       2359.48193    
   71.7500000       2391.12061    
   72.0000000       2419.73633    
   72.2500000       2444.58105    
   72.5000000       2464.69092    
   72.7500000       2479.04834    
   73.0000000       2486.63623    
   73.2500000       2486.55518    
   73.5000000       2478.38135    
   73.7500000       2461.81006    
   74.0000000       2436.53613    
   74.2500000       2402.54736    
   74.5000000       2361.00391    
   74.7500000       2313.35742    
   75.0000000       2261.06152    
   75.2500000       2205.33740    
   75.5000000       2146.48389    
   75.7500000       2084.56934    
   76.0000000       2019.66138    
   76.2500000       1951.93677    
   76.5000000       1882.00671    
   76.7500000       1810.59155    
   77.0000000       1738.41125    
   77.2500000       1666.43018    
   77.5000000       1596.59119    
   77.7500000       1531.08093    
   78.0000000       1472.08630    
   78.2500000       1421.23755    
   78.5000000       1377.93701    
   78.7500000       1341.02979    
   79.0000000       1309.36121    
   79.2500000       1281.73181    
   79.5000000       1256.76282    
   79.7500000       1233.03040    
   80.0000000       1209.11133    
   80.2500000       1183.99036    
   80.5000000       1158.28857    
   80.7500000       1133.03564    
   81.0000000       1109.26123    
   81.2500000       1087.85242    
   81.5000000       1069.12549    
   81.7500000       1053.25391    
   82.0000000       1040.41125    
   82.2500000       1030.60889    
   82.5000000       1023.20862    
   82.7500000       1017.40961    

 "IV theory
   60.2500000       2474.64355    
   60.5000000       2472.83398    
   60.7500000       2472.93237    
   61.0000000       2474.46216    
   61.2500000       2476.94360    
   61.5000000       2479.88916    
   61.7500000       2482.80859    
   62.0000000       2485.21118    
   62.2500000       2486.63647    
   62.5000000       2486.74463    
   62.7500000       2485.22510    
   63.0000000       2481.76660    
   63.2500000       2476.12329    
   63.5000000       2468.30566    
   63.7500000       2458.38794    
   64.0000000       2446.44507    
   64.2500000       2432.58618    
   64.5000000       2417.06006    
   64.7500000       2400.15063    
   65.0000000       2382.14111    
   65.2500000       2363.31641    
   65.5000000       2343.96680    
   65.7500000       2324.38330    
   66.0000000       2304.85718    
   66.2500000       2285.66455    
   66.5000000       2267.02319    
   66.7500000       2249.13403    
   67.0000000       2232.19873    
   67.2500000       2216.38818    
   67.5000000       2201.74414    
   67.7500000       2188.27905    
   68.0000000       2176.00317    
   68.2500000       2164.91040    
   68.5000000       2154.92529    
   68.7500000       2145.95508    
   69.0000000       2137.90674    
   69.2500000       2130.68701    
   69.5000000       2124.20093    
   69.7500000       2118.35278    
   70.0000000       2113.04785    
   70.2500000       2108.18921    
   70.5000000       2103.67554    
   70.7500000       2099.40430    
   71.0000000       2095.27295    
   71.2500000       2091.17603    
   71.5000000       2086.99658    
   71.7500000       2082.61475    
   72.0000000       2077.91089    
   72.2500000       2072.76294    
   72.5000000       2067.04395    
   72.7500000       2060.62500    
   73.0000000       2053.37671    
   73.2500000       2045.17041    
   73.5000000       2035.87598    
   73.7500000       2025.36353    
   74.0000000       2013.50293    
   74.2500000       2000.16968    
   74.5000000       1985.26013    
   74.7500000       1968.67590    
   75.0000000       1950.31860    
   75.2500000       1930.10144    
   75.5000000       1907.98328    
   75.7500000       1883.93420    
   76.0000000       1857.92419    
   76.2500000       1829.92981    
   76.5000000       1799.95276    
   76.7500000       1768.00159    
   77.0000000       1734.08374    
   77.2500000       1698.20740    
   77.5000000       1660.37927    
   77.7500000       1620.60620    
   78.0000000       1578.89490    
   78.2500000       1535.26782    
   78.5000000       1489.81323    
   78.7500000       1442.63513    
   79.0000000       1393.83740    
   79.2500000       1343.55969    
   79.5000000       1292.08350    
   79.7500000       1239.72595    
   80.0000000       1186.80383    
   80.2500000       1133.65295    
   80.5000000       1080.68591    
   80.7500000       1028.33374    
   81.0000000       977.027771    
   81.2500000       927.200378    
   81.5000000       879.288818    
   81.7500000       833.731812    
   82.0000000       790.967651    
   82.2500000       751.406616    
   82.5000000       715.345276    
   82.7500000       683.052002    

