TitleText: Ni(001)-(5x5)-Li     Beam (3/5,3/5)            Rfac10=0.4377
 "IV exp
   66.2500000       56.2602005    
   66.5000000       56.6372299    
   66.7500000       57.1115532    
   67.0000000       57.7318115    
   67.2500000       58.5581627    
   67.5000000       59.6968079    
   67.7500000       61.2654572    
   68.0000000       63.3818130    
   68.2500000       66.1034927    
   68.5000000       69.2476654    
   68.7500000       72.5714111    
   69.0000000       75.8318100    
   69.2500000       78.8152313    
   69.5000000       81.4252777    
   69.7500000       83.5948410    
   70.0000000       85.2568130    
   70.2500000       86.3760529    
   70.5000000       87.0452194    
   70.7500000       87.3889389    
   71.0000000       87.5318146    
   71.2500000       87.5819855    
   71.5000000       87.5816040    
   71.7500000       87.5563278    
   72.0000000       87.5318146    
   72.2500000       87.5404053    
   72.5000000       87.6411285    
   72.7500000       87.8996964    
   73.0000000       88.3818130    
   73.2500000       89.1297073    
   73.5000000       90.0916367    
   73.7500000       91.1924133    
   74.0000000       92.3568115    
   74.2500000       93.5066605    
   74.5000000       94.5519409    
   74.7500000       95.3996429    
   75.0000000       95.9568100    
   75.2500000       96.1618652    
   75.5000000       96.0789871    
   75.7500000       95.8037720    
   76.0000000       95.4318161    
   76.2500000       95.0390778    
   76.5000000       94.6229858    
   76.7500000       94.1613083    
   77.0000000       93.6318130    
   77.2500000       92.9750366    
   77.5000000       91.9824524    
   77.7500000       90.4083023    
   78.0000000       88.0068130    
   78.2500000       84.6137772    
   78.5000000       80.3911972    
   78.7500000       75.5826874    
   79.0000000       70.4318085    
   79.2500000       65.1744385    
   79.5000000       60.0154991    
   79.7500000       55.1522179    
   80.0000000       50.7818108    
   80.2500000       47.0383415    
   80.5000000       43.8032990    
   80.7500000       40.8950081    
   81.0000000       38.1318130    
   81.2500000       35.3712616    
   81.5000000       32.6278038    
   81.7500000       29.9550991    
   82.0000000       27.4068127    
   82.2500000       25.0303688    
   82.5000000       22.8482361    
   82.7500000       20.8766422    
   83.0000000       19.1318130    
   83.2500000       17.6235237    
   83.5000000       16.3357506    
   83.7500000       15.2460060    
   84.0000000       14.3318138    
   84.2500000       13.5753918    
   84.5000000       12.9777660    
   84.7500000       12.5446644    
   85.0000000       12.2818127    
   85.2500000       12.1935225    
   85.5000000       12.2784386    
   85.7500000       12.5337925    
   86.0000000       12.9568119    
   86.2500000       13.5417862    
   86.5000000       14.2712288    
   86.7500000       15.1247139    
   87.0000000       16.0818138    
   87.2500000       17.1153679    
   87.5000000       18.1712742    
   87.7500000       19.1886997    
   88.0000000       20.1068134    
   88.2500000       20.8852825    
   88.5000000       21.5658054    
   88.7500000       22.2105827    
   89.0000000       22.8818150    
   89.2500000       23.6347752    
   89.5000000       24.4970150    
   89.7500000       25.4891529    
   90.0000000       26.6318130    
   90.2500000       27.9469700    
   90.5000000       29.4620247    
   90.7500000       31.2057209    
   91.0000000       33.2068100    
   91.2500000       35.4877472    
   91.5000000       38.0457649    
   91.7500000       40.8718071    
   92.0000000       43.9568100    
   92.2500000       47.2843132    
   92.5000000       50.8082771    
   92.7500000       54.4752579    
   93.0000000       58.2318115    
   93.2500000       62.0287514    
   93.5000000       65.8338699    
   93.7500000       69.6192093    
   94.0000000       73.3568115    
   94.2500000       77.0060043    
   94.5000000       80.4752502    
   94.7500000       83.6602631    
   95.0000000       86.4568100    
   95.2500000       88.8099670    
   95.5000000       90.8622742    
   95.7500000       92.8055954    
   96.0000000       94.8318176    
   96.2500000       97.0906906    
   96.5000000       99.5634232    
   96.7500000       102.189110    
   97.0000000       104.906815    
   97.2500000       107.627937    
   97.5000000       110.153053    
   97.7500000       112.255051    
   98.0000000       113.706818    
   98.2500000       114.360344    
   98.5000000       114.384018    
   98.7500000       114.025345    
   99.0000000       113.531807    
   99.2500000       113.102829    
   99.5000000       112.745483    
   99.7500000       112.418808    
   100.000000       112.081810    
   100.250000       111.693436    
   100.500000       111.212387    
   100.750000       110.597298    
   101.000000       109.806808    
   101.250000       108.832649    
   101.500000       107.798943    
   101.750000       106.862923    
   102.000000       106.181808    
   102.250000       105.882843    
   102.500000       105.973328    
   102.750000       106.430550    
   103.000000       107.231812    
   103.250000       108.355728    
   103.500000       109.786110    
   103.750000       111.508095    
   104.000000       113.506805    
   104.250000       115.758934    
   104.500000       118.207458    
   104.750000       120.786896    

 "IV theory
   66.2500000       15.1668921    
   66.5000000       15.0730591    
   66.7500000       14.9581757    
   67.0000000       14.8230715    
   67.2500000       14.6687145    
   67.5000000       14.4966564    
   67.7500000       14.3085928    
   68.0000000       14.1062136    
   68.2500000       13.8912382    
   68.5000000       13.6654606    
   68.7500000       13.4307022    
   69.0000000       13.1887836    
   69.2500000       12.9414835    
   69.5000000       12.6904182    
   69.7500000       12.4371595    
   70.0000000       12.1832829    
   70.2500000       11.9302597    
   70.5000000       11.6791325    
   70.7500000       11.4308386    
   71.0000000       11.1863213    
   71.2500000       10.9464369    
   71.5000000       10.7117376    
   71.7500000       10.4826946    
   72.0000000       10.2597790    
   72.2500000       10.0434532    
   72.5000000       9.83415127    
   72.7500000       9.63229561    
   73.0000000       9.43831062    
   73.2500000       9.25261211    
   73.5000000       9.07557964    
   73.7500000       8.90758514    
   74.0000000       8.74900150    
   74.2500000       8.60016727    
   74.5000000       8.46129227    
   74.7500000       8.33255386    
   75.0000000       8.21413136    
   75.2500000       8.10617828    
   75.5000000       8.00876236    
   75.7500000       7.92192364    
   76.0000000       7.84570742    
   76.2500000       7.78015232    
   76.5000000       7.72528219    
   76.7500000       7.68112040    
   77.0000000       7.64768791    
   77.2500000       7.62501431    
   77.5000000       7.61316061    
   77.7500000       7.61219931    
   78.0000000       7.62219906    
   78.2500000       7.64324903    
   78.5000000       7.67552185    
   78.7500000       7.71920681    
   79.0000000       7.77449512    
   79.2500000       7.84159613    
   79.5000000       7.92079020    
   79.7500000       8.01237774    
   80.0000000       8.11665440    
   80.2500000       8.23391342    
   80.5000000       8.36440945    
   80.7500000       8.50838947    
   81.0000000       8.66610146    
   81.2500000       8.83789253    
   81.5000000       9.02451420    
   81.7500000       9.22682571    
   82.0000000       9.44567490    
   82.2500000       9.68221855    
   82.5000000       9.93880939    
   82.7500000       10.2181015    
   83.0000000       10.5227480    
   83.2500000       10.8556070    
   83.5000000       11.2203693    
   83.7500000       11.6209278    
   84.0000000       12.0611830    
   84.2500000       12.5450802    
   84.5000000       13.0767870    
   84.7500000       13.6605186    
   85.0000000       14.3004990    
   85.2500000       15.0006618    
   85.5000000       15.7638149    
   85.7500000       16.5924854    
   86.0000000       17.4891949    
   86.2500000       18.4556637    
   86.5000000       19.4903851    
   86.7500000       20.5910358    
   87.0000000       21.7553043    
   87.2500000       22.9802933    
   87.5000000       24.2608147    
   87.7500000       25.5910969    
   88.0000000       26.9653759    
   88.2500000       28.3777847    
   88.5000000       29.8220825    
   88.7500000       31.2919178    
   89.0000000       32.7809448    
   89.2500000       34.2831001    
   89.5000000       35.7934761    
   89.7500000       37.3074341    
   90.0000000       38.8203239    
   90.2500000       40.3283119    
   90.5000000       41.8306770    
   90.7500000       43.3274841    
   91.0000000       44.8188057    
   91.2500000       46.3052635    
   91.5000000       47.7897186    
   91.7500000       49.2755890    
   92.0000000       50.7662811    
   92.2500000       52.2653236    
   92.5000000       53.7766418    
   92.7500000       55.3042755    
   93.0000000       56.8522644    
   93.2500000       58.4242477    
   93.5000000       60.0224419    
   93.7500000       61.6486244    
   94.0000000       63.3046150    
   94.2500000       64.9911880    
   94.5000000       66.7049561    
   94.7500000       68.4415054    
   95.0000000       70.1964340    
   95.2500000       71.9645767    
   95.5000000       73.7378159    
   95.7500000       75.5072937    
   96.0000000       77.2641602    
   96.2500000       78.9994278    
   96.5000000       80.7036133    
   96.7500000       82.3671265    
   97.0000000       83.9803391    
   97.2500000       85.5340347    
   97.5000000       87.0204773    
   97.7500000       88.4322739    
   98.0000000       89.7620773    
   98.2500000       91.0035172    
   98.5000000       92.1543427    
   98.7500000       93.2133102    
   99.0000000       94.1791611    
   99.2500000       95.0513916    
   99.5000000       95.8324432    
   99.7500000       96.5254898    
   100.000000       97.1337128    
   100.250000       97.6603928    
   100.500000       98.1091919    
   100.750000       98.4839478    
   101.000000       98.7884216    
   101.250000       99.0262527    
   101.500000       99.2003250    
   101.750000       99.3133621    
   102.000000       99.3680649    
   102.250000       99.3667221    
   102.500000       99.3097076    
   102.750000       99.1969833    
   103.000000       99.0284882    
   103.250000       98.8038330    
   103.500000       98.5213318    
   103.750000       98.1789856    
   104.000000       97.7747574    
   104.250000       97.3065720    
   104.500000       96.7720032    
   104.750000       96.1685410    

TitleText: Ni(001)-(5x5)-Li     Beam (3/5,3/5)            Rfac10=0.2375
 "IV exp
   66.2500000       56.2602005    
   66.5000000       56.6372299    
   66.7500000       57.1115532    
   67.0000000       57.7318115    
   67.2500000       58.5581627    
   67.5000000       59.6968079    
   67.7500000       61.2654572    
   68.0000000       63.3818130    
   68.2500000       66.1034927    
   68.5000000       69.2476654    
   68.7500000       72.5714111    
   69.0000000       75.8318100    
   69.2500000       78.8152313    
   69.5000000       81.4252777    
   69.7500000       83.5948410    
   70.0000000       85.2568130    
   70.2500000       86.3760529    
   70.5000000       87.0452194    
   70.7500000       87.3889389    
   71.0000000       87.5318146    
   71.2500000       87.5819855    
   71.5000000       87.5816040    
   71.7500000       87.5563278    
   72.0000000       87.5318146    
   72.2500000       87.5404053    
   72.5000000       87.6411285    
   72.7500000       87.8996964    
   73.0000000       88.3818130    
   73.2500000       89.1297073    
   73.5000000       90.0916367    
   73.7500000       91.1924133    
   74.0000000       92.3568115    
   74.2500000       93.5066605    
   74.5000000       94.5519409    
   74.7500000       95.3996429    
   75.0000000       95.9568100    
   75.2500000       96.1618652    
   75.5000000       96.0789871    
   75.7500000       95.8037720    
   76.0000000       95.4318161    
   76.2500000       95.0390778    
   76.5000000       94.6229858    
   76.7500000       94.1613083    
   77.0000000       93.6318130    
   77.2500000       92.9750366    
   77.5000000       91.9824524    
   77.7500000       90.4083023    
   78.0000000       88.0068130    
   78.2500000       84.6137772    
   78.5000000       80.3911972    
   78.7500000       75.5826874    
   79.0000000       70.4318085    
   79.2500000       65.1744385    
   79.5000000       60.0154991    
   79.7500000       55.1522179    
   80.0000000       50.7818108    
   80.2500000       47.0383415    
   80.5000000       43.8032990    
   80.7500000       40.8950081    
   81.0000000       38.1318130    
   81.2500000       35.3712616    
   81.5000000       32.6278038    
   81.7500000       29.9550991    
   82.0000000       27.4068127    
   82.2500000       25.0303688    
   82.5000000       22.8482361    
   82.7500000       20.8766422    
   83.0000000       19.1318130    
   83.2500000       17.6235237    
   83.5000000       16.3357506    
   83.7500000       15.2460060    
   84.0000000       14.3318138    
   84.2500000       13.5753918    
   84.5000000       12.9777660    
   84.7500000       12.5446644    
   85.0000000       12.2818127    
   85.2500000       12.1935225    
   85.5000000       12.2784386    
   85.7500000       12.5337925    
   86.0000000       12.9568119    
   86.2500000       13.5417862    
   86.5000000       14.2712288    
   86.7500000       15.1247139    
   87.0000000       16.0818138    
   87.2500000       17.1153679    
   87.5000000       18.1712742    
   87.7500000       19.1886997    
   88.0000000       20.1068134    
   88.2500000       20.8852825    
   88.5000000       21.5658054    
   88.7500000       22.2105827    
   89.0000000       22.8818150    
   89.2500000       23.6347752    
   89.5000000       24.4970150    
   89.7500000       25.4891529    
   90.0000000       26.6318130    
   90.2500000       27.9469700    
   90.5000000       29.4620247    
   90.7500000       31.2057209    
   91.0000000       33.2068100    
   91.2500000       35.4877472    
   91.5000000       38.0457649    
   91.7500000       40.8718071    
   92.0000000       43.9568100    
   92.2500000       47.2843132    
   92.5000000       50.8082771    
   92.7500000       54.4752579    
   93.0000000       58.2318115    
   93.2500000       62.0287514    
   93.5000000       65.8338699    
   93.7500000       69.6192093    
   94.0000000       73.3568115    
   94.2500000       77.0060043    
   94.5000000       80.4752502    
   94.7500000       83.6602631    
   95.0000000       86.4568100    
   95.2500000       88.8099670    
   95.5000000       90.8622742    
   95.7500000       92.8055954    
   96.0000000       94.8318176    
   96.2500000       97.0906906    
   96.5000000       99.5634232    
   96.7500000       102.189110    
   97.0000000       104.906815    
   97.2500000       107.627937    
   97.5000000       110.153053    
   97.7500000       112.255051    
   98.0000000       113.706818    
   98.2500000       114.360344    
   98.5000000       114.384018    
   98.7500000       114.025345    
   99.0000000       113.531807    
   99.2500000       113.102829    
   99.5000000       112.745483    
   99.7500000       112.418808    
   100.000000       112.081810    
   100.250000       111.693436    
   100.500000       111.212387    
   100.750000       110.597298    
   101.000000       109.806808    
   101.250000       108.832649    
   101.500000       107.798943    
   101.750000       106.862923    
   102.000000       106.181808    
   102.250000       105.882843    
   102.500000       105.973328    
   102.750000       106.430550    
   103.000000       107.231812    
   103.250000       108.355728    
   103.500000       109.786110    
   103.750000       111.508095    
   104.000000       113.506805    
   104.250000       115.758934    
   104.500000       118.207458    
   104.750000       120.786896    

 "IV theory
   66.2500000       46.6007347    
   66.5000000       49.0776482    
   66.7500000       51.6506538    
   67.0000000       54.3121452    
   67.2500000       57.0527077    
   67.5000000       59.8557701    
   67.7500000       62.7029343    
   68.0000000       65.5757904    
   68.2500000       68.4553452    
   68.5000000       71.3200455    
   68.7500000       74.1477356    
   69.0000000       76.9162369    
   69.2500000       79.6036987    
   69.5000000       82.1895142    
   69.7500000       84.6534424    
   70.0000000       86.9751968    
   70.2500000       89.1362305    
   70.5000000       91.1248932    
   70.7500000       92.9312592    
   71.0000000       94.5453796    
   71.2500000       95.9596024    
   71.5000000       97.1752243    
   71.7500000       98.1958237    
   72.0000000       99.0249939    
   72.2500000       99.6670303    
   72.5000000       100.129074    
   72.7500000       100.419006    
   73.0000000       100.544708    
   73.2500000       100.513939    
   73.5000000       100.333977    
   73.7500000       100.012016    
   74.0000000       99.5552216    
   74.2500000       98.9705887    
   74.5000000       98.2642899    
   74.7500000       97.4423523    
   75.0000000       96.5107803    
   75.2500000       95.4753036    
   75.5000000       94.3404922    
   75.7500000       93.1106567    
   76.0000000       91.7901001    
   76.2500000       90.3830032    
   76.5000000       88.8932114    
   76.7500000       87.3244629    
   77.0000000       85.6804657    
   77.2500000       83.9650192    
   77.5000000       82.1820450    
   77.7500000       80.3355560    
   78.0000000       78.4295273    
   78.2500000       76.4682083    
   78.5000000       74.4567184    
   78.7500000       72.4004440    
   79.0000000       70.3047791    
   79.2500000       68.1753845    
   79.5000000       66.0191574    
   79.7500000       63.8432884    
   80.0000000       61.6549568    
   80.2500000       59.4614601    
   80.5000000       57.2704659    
   80.7500000       55.0897446    
   81.0000000       52.9270668    
   81.2500000       50.7901840    
   81.5000000       48.6867828    
   81.7500000       46.6245079    
   82.0000000       44.6110458    
   82.2500000       42.6540070    
   82.5000000       40.7608833    
   82.7500000       38.9391174    
   83.0000000       37.1961555    
   83.2500000       35.5393829    
   83.5000000       33.9759445    
   83.7500000       32.5129318    
   84.0000000       31.1574383    
   84.2500000       29.9165478    
   84.5000000       28.7973938    
   84.7500000       27.8070869    
   85.0000000       26.9527607    
   85.2500000       26.2414398    
   85.5000000       25.6797600    
   85.7500000       25.2742634    
   86.0000000       25.0314884    
   86.2500000       24.9572811    
   86.5000000       25.0547028    
   86.7500000       25.3261166    
   87.0000000       25.7738953    
   87.2500000       26.3994904    
   87.5000000       27.2007198    
   87.7500000       28.1744843    
   88.0000000       29.3176975    
   88.2500000       30.6270142    
   88.5000000       32.0980949    
   88.7500000       33.7263680    
   89.0000000       35.5072403    
   89.2500000       37.4360123    
   89.5000000       39.5074577    
   89.7500000       41.7162056    
   90.0000000       44.0569153    
   90.2500000       46.5230484    
   90.5000000       49.1033440    
   90.7500000       51.7853546    
   91.0000000       54.5566521    
   91.2500000       57.4033089    
   91.5000000       60.3054810    
   91.7500000       63.2418518    
   92.0000000       66.1910858    
   92.2500000       69.1313095    
   92.5000000       72.0384216    
   92.7500000       74.8877563    
   93.0000000       77.6546555    
   93.2500000       80.3148651    
   93.5000000       82.8457642    
   93.7500000       85.2251205    
   94.0000000       87.4307327    
   94.2500000       89.4428329    
   94.5000000       91.2514572    
   94.7500000       92.8491364    
   95.0000000       94.2283630    
   95.2500000       95.3848343    
   95.5000000       96.3269196    
   95.7500000       97.0662231    
   96.0000000       97.6142960    
   96.2500000       97.9837570    
   96.5000000       98.1914215    
   96.7500000       98.2551346    
   97.0000000       98.1927414    
   97.2500000       98.0217896    
   97.5000000       97.7586517    
   97.7500000       97.4193802    
   98.0000000       97.0200424    
   98.2500000       96.5754929    
   98.5000000       96.0957489    
   98.7500000       95.5896378    
   99.0000000       95.0659561    
   99.2500000       94.5319138    
   99.5000000       93.9883041    
   99.7500000       93.4342804    
   100.000000       92.8690338    
   100.250000       92.2911987    
   100.500000       91.6974106    
   100.750000       91.0837402    
   101.000000       90.4463196    
   101.250000       89.7813110    
   101.500000       89.0853043    
   101.750000       88.3549652    
   102.000000       87.5869522    
   102.250000       86.7781448    
   102.500000       85.9262924    
   102.750000       85.0293655    
   103.000000       84.0853043    
   103.250000       83.0923920    
   103.500000       82.0501328    
   103.750000       80.9583206    
   104.000000       79.8167801    
   104.250000       78.6254044    
   104.500000       77.3844070    
   104.750000       76.0940933    

TitleText: Ni(001)-(5x5)-Li     Beam (3/5,3/5)            Rfac10=0.6986
 "IV exp
   66.2500000       56.2602005    
   66.5000000       56.6372299    
   66.7500000       57.1115532    
   67.0000000       57.7318115    
   67.2500000       58.5581627    
   67.5000000       59.6968079    
   67.7500000       61.2654572    
   68.0000000       63.3818130    
   68.2500000       66.1034927    
   68.5000000       69.2476654    
   68.7500000       72.5714111    
   69.0000000       75.8318100    
   69.2500000       78.8152313    
   69.5000000       81.4252777    
   69.7500000       83.5948410    
   70.0000000       85.2568130    
   70.2500000       86.3760529    
   70.5000000       87.0452194    
   70.7500000       87.3889389    
   71.0000000       87.5318146    
   71.2500000       87.5819855    
   71.5000000       87.5816040    
   71.7500000       87.5563278    
   72.0000000       87.5318146    
   72.2500000       87.5404053    
   72.5000000       87.6411285    
   72.7500000       87.8996964    
   73.0000000       88.3818130    
   73.2500000       89.1297073    
   73.5000000       90.0916367    
   73.7500000       91.1924133    
   74.0000000       92.3568115    
   74.2500000       93.5066605    
   74.5000000       94.5519409    
   74.7500000       95.3996429    
   75.0000000       95.9568100    
   75.2500000       96.1618652    
   75.5000000       96.0789871    
   75.7500000       95.8037720    
   76.0000000       95.4318161    
   76.2500000       95.0390778    
   76.5000000       94.6229858    
   76.7500000       94.1613083    
   77.0000000       93.6318130    
   77.2500000       92.9750366    
   77.5000000       91.9824524    
   77.7500000       90.4083023    
   78.0000000       88.0068130    
   78.2500000       84.6137772    
   78.5000000       80.3911972    
   78.7500000       75.5826874    
   79.0000000       70.4318085    
   79.2500000       65.1744385    
   79.5000000       60.0154991    
   79.7500000       55.1522179    
   80.0000000       50.7818108    
   80.2500000       47.0383415    
   80.5000000       43.8032990    
   80.7500000       40.8950081    
   81.0000000       38.1318130    
   81.2500000       35.3712616    
   81.5000000       32.6278038    
   81.7500000       29.9550991    
   82.0000000       27.4068127    
   82.2500000       25.0303688    
   82.5000000       22.8482361    
   82.7500000       20.8766422    
   83.0000000       19.1318130    
   83.2500000       17.6235237    
   83.5000000       16.3357506    
   83.7500000       15.2460060    
   84.0000000       14.3318138    
   84.2500000       13.5753918    
   84.5000000       12.9777660    
   84.7500000       12.5446644    
   85.0000000       12.2818127    
   85.2500000       12.1935225    
   85.5000000       12.2784386    
   85.7500000       12.5337925    
   86.0000000       12.9568119    
   86.2500000       13.5417862    
   86.5000000       14.2712288    
   86.7500000       15.1247139    
   87.0000000       16.0818138    
   87.2500000       17.1153679    
   87.5000000       18.1712742    
   87.7500000       19.1886997    
   88.0000000       20.1068134    
   88.2500000       20.8852825    
   88.5000000       21.5658054    
   88.7500000       22.2105827    
   89.0000000       22.8818150    
   89.2500000       23.6347752    
   89.5000000       24.4970150    
   89.7500000       25.4891529    
   90.0000000       26.6318130    
   90.2500000       27.9469700    
   90.5000000       29.4620247    
   90.7500000       31.2057209    
   91.0000000       33.2068100    
   91.2500000       35.4877472    
   91.5000000       38.0457649    
   91.7500000       40.8718071    
   92.0000000       43.9568100    
   92.2500000       47.2843132    
   92.5000000       50.8082771    
   92.7500000       54.4752579    
   93.0000000       58.2318115    
   93.2500000       62.0287514    
   93.5000000       65.8338699    
   93.7500000       69.6192093    
   94.0000000       73.3568115    
   94.2500000       77.0060043    
   94.5000000       80.4752502    
   94.7500000       83.6602631    
   95.0000000       86.4568100    
   95.2500000       88.8099670    
   95.5000000       90.8622742    
   95.7500000       92.8055954    
   96.0000000       94.8318176    
   96.2500000       97.0906906    
   96.5000000       99.5634232    
   96.7500000       102.189110    
   97.0000000       104.906815    
   97.2500000       107.627937    
   97.5000000       110.153053    
   97.7500000       112.255051    
   98.0000000       113.706818    
   98.2500000       114.360344    
   98.5000000       114.384018    
   98.7500000       114.025345    
   99.0000000       113.531807    
   99.2500000       113.102829    
   99.5000000       112.745483    
   99.7500000       112.418808    
   100.000000       112.081810    
   100.250000       111.693436    
   100.500000       111.212387    
   100.750000       110.597298    
   101.000000       109.806808    
   101.250000       108.832649    
   101.500000       107.798943    
   101.750000       106.862923    
   102.000000       106.181808    
   102.250000       105.882843    
   102.500000       105.973328    
   102.750000       106.430550    
   103.000000       107.231812    
   103.250000       108.355728    
   103.500000       109.786110    
   103.750000       111.508095    
   104.000000       113.506805    
   104.250000       115.758934    
   104.500000       118.207458    
   104.750000       120.786896    

 "IV theory
   66.2500000       23.8507080    
   66.5000000       24.9842567    
   66.7500000       26.2507153    
   67.0000000       27.6517963    
   67.2500000       29.1890068    
   67.5000000       30.8630600    
   67.7500000       32.6744614    
   68.0000000       34.6237259    
   68.2500000       36.7113724    
   68.5000000       38.9379959    
   68.7500000       41.3041954    
   69.0000000       43.8105850    
   69.2500000       46.4563446    
   69.5000000       49.2349548    
   69.7500000       52.1384621    
   70.0000000       55.1589279    
   70.2500000       58.2854233    
   70.5000000       61.4950790    
   70.7500000       64.7620239    
   71.0000000       68.0604401    
   71.2500000       71.3629074    
   71.5000000       74.6358261    
   71.7500000       77.8440552    
   72.0000000       80.9524841    
   72.2500000       83.9258728    
   72.5000000       86.7288284    
   72.7500000       89.3258591    
   73.0000000       91.6814728    
   73.2500000       93.7628326    
   73.5000000       95.5475311    
   73.7500000       97.0158005    
   74.0000000       98.1478806    
   74.2500000       98.9294662    
   74.5000000       99.3680725    
   74.7500000       99.4766846    
   75.0000000       99.2683334    
   75.2500000       98.7588120    
   75.5000000       97.9753799    
   75.7500000       96.9481354    
   76.0000000       95.7071228    
   76.2500000       94.2825241    
   76.5000000       92.7046585    
   76.7500000       91.0039673    
   77.0000000       89.2108383    
   77.2500000       87.3545609    
   77.5000000       85.4598465    
   77.7500000       83.5502548    
   78.0000000       81.6493607    
   78.2500000       79.7783890    
   78.5000000       77.9491196    
   78.7500000       76.1709900    
   79.0000000       74.4534378    
   79.2500000       72.8046722    
   79.5000000       71.2279434    
   79.7500000       69.7252655    
   80.0000000       68.2986755    
   80.2500000       66.9501724    
   80.5000000       65.6817551    
   80.7500000       64.4953766    
   81.0000000       63.3930054    
   81.2500000       62.3760300    
   81.5000000       61.4434738    
   81.7500000       60.5937881    
   82.0000000       59.8254013    
   82.2500000       59.1355286    
   82.5000000       58.5163956    
   82.7500000       57.9590187    
   83.0000000       57.4543724    
   83.2500000       56.9928284    
   83.5000000       56.5621643    
   83.7500000       56.1495247    
   84.0000000       55.7420425    
   84.2500000       55.3268509    
   84.5000000       54.8909607    
   84.7500000       54.4213829    
   85.0000000       53.9051094    
   85.2500000       53.3302231    
   85.5000000       52.6891441    
   85.7500000       51.9753380    
   86.0000000       51.1823158    
   86.2500000       50.3058090    
   86.5000000       49.3505936    
   86.7500000       48.3236923    
   87.0000000       47.2321205    
   87.2500000       46.0840797    
   87.5000000       44.8924675    
   87.7500000       43.6713524    
   88.0000000       42.4348030    
   88.2500000       41.1969299    
   88.5000000       39.9719429    
   88.7500000       38.7741013    
   89.0000000       37.6176529    
   89.2500000       36.5158005    
   89.5000000       35.4775467    
   89.7500000       34.5108452    
   90.0000000       33.6236534    
   90.2500000       32.8217354    
   90.5000000       32.1021156    
   90.7500000       31.4596443    
   91.0000000       30.8891735    
   91.2500000       30.3843975    
   91.5000000       29.9344730    
   91.7500000       29.5274124    
   92.0000000       29.1512241    
   92.2500000       28.7939034    
   92.5000000       28.4433155    
   92.7500000       28.0873127    
   93.0000000       27.7137451    
   93.2500000       27.3113441    
   93.5000000       26.8723755    
   93.7500000       26.3900013    
   94.0000000       25.8573742    
   94.2500000       25.2694836    
   94.5000000       24.6286793    
   94.7500000       23.9391479    
   95.0000000       23.2050781    
   95.2500000       22.4316139    
   95.5000000       21.6277447    
   95.7500000       20.8034115    
   96.0000000       19.9685574    
   96.2500000       19.1331501    
   96.5000000       18.3072338    
   96.7500000       17.5008678    
   97.0000000       16.7241192    
   97.2500000       15.9865370    
   97.5000000       15.2956142    
   97.7500000       14.6583376    
   98.0000000       14.0816870    
   98.2500000       13.5715799    
   98.5000000       13.1296673    
   98.7500000       12.7565355    
   99.0000000       12.4527779    
   99.2500000       12.2184200    
   99.5000000       12.0512743    
   99.7500000       11.9485960    
   100.000000       11.9076366    
   100.250000       11.9256392    
   100.500000       11.9997845    
   100.750000       12.1272411    
   101.000000       12.3051834    
   101.250000       12.5312643    
   101.500000       12.8051052    
   101.750000       13.1268129    
   102.000000       13.4964962    
   102.250000       13.9152813    
   102.500000       14.3883638    
   102.750000       14.9219608    
   103.000000       15.5222855    
   103.250000       16.1960888    
   103.500000       16.9522572    
   103.750000       17.8002167    
   104.000000       18.7493858    
   104.250000       19.8091908    
   104.500000       20.9890518    
   104.750000       22.2983818    

TitleText: Ni(001)-(5x5)-Li     Beam (3/5,3/5)            Rfac10=0.6229
 "IV exp
   66.2500000       56.2602005    
   66.5000000       56.6372299    
   66.7500000       57.1115532    
   67.0000000       57.7318115    
   67.2500000       58.5581627    
   67.5000000       59.6968079    
   67.7500000       61.2654572    
   68.0000000       63.3818130    
   68.2500000       66.1034927    
   68.5000000       69.2476654    
   68.7500000       72.5714111    
   69.0000000       75.8318100    
   69.2500000       78.8152313    
   69.5000000       81.4252777    
   69.7500000       83.5948410    
   70.0000000       85.2568130    
   70.2500000       86.3760529    
   70.5000000       87.0452194    
   70.7500000       87.3889389    
   71.0000000       87.5318146    
   71.2500000       87.5819855    
   71.5000000       87.5816040    
   71.7500000       87.5563278    
   72.0000000       87.5318146    
   72.2500000       87.5404053    
   72.5000000       87.6411285    
   72.7500000       87.8996964    
   73.0000000       88.3818130    
   73.2500000       89.1297073    
   73.5000000       90.0916367    
   73.7500000       91.1924133    
   74.0000000       92.3568115    
   74.2500000       93.5066605    
   74.5000000       94.5519409    
   74.7500000       95.3996429    
   75.0000000       95.9568100    
   75.2500000       96.1618652    
   75.5000000       96.0789871    
   75.7500000       95.8037720    
   76.0000000       95.4318161    
   76.2500000       95.0390778    
   76.5000000       94.6229858    
   76.7500000       94.1613083    
   77.0000000       93.6318130    
   77.2500000       92.9750366    
   77.5000000       91.9824524    
   77.7500000       90.4083023    
   78.0000000       88.0068130    
   78.2500000       84.6137772    
   78.5000000       80.3911972    
   78.7500000       75.5826874    
   79.0000000       70.4318085    
   79.2500000       65.1744385    
   79.5000000       60.0154991    
   79.7500000       55.1522179    
   80.0000000       50.7818108    
   80.2500000       47.0383415    
   80.5000000       43.8032990    
   80.7500000       40.8950081    
   81.0000000       38.1318130    
   81.2500000       35.3712616    
   81.5000000       32.6278038    
   81.7500000       29.9550991    
   82.0000000       27.4068127    
   82.2500000       25.0303688    
   82.5000000       22.8482361    
   82.7500000       20.8766422    
   83.0000000       19.1318130    
   83.2500000       17.6235237    
   83.5000000       16.3357506    
   83.7500000       15.2460060    
   84.0000000       14.3318138    
   84.2500000       13.5753918    
   84.5000000       12.9777660    
   84.7500000       12.5446644    
   85.0000000       12.2818127    
   85.2500000       12.1935225    
   85.5000000       12.2784386    
   85.7500000       12.5337925    
   86.0000000       12.9568119    
   86.2500000       13.5417862    
   86.5000000       14.2712288    
   86.7500000       15.1247139    
   87.0000000       16.0818138    
   87.2500000       17.1153679    
   87.5000000       18.1712742    
   87.7500000       19.1886997    
   88.0000000       20.1068134    
   88.2500000       20.8852825    
   88.5000000       21.5658054    
   88.7500000       22.2105827    
   89.0000000       22.8818150    
   89.2500000       23.6347752    
   89.5000000       24.4970150    
   89.7500000       25.4891529    
   90.0000000       26.6318130    
   90.2500000       27.9469700    
   90.5000000       29.4620247    
   90.7500000       31.2057209    
   91.0000000       33.2068100    
   91.2500000       35.4877472    
   91.5000000       38.0457649    
   91.7500000       40.8718071    
   92.0000000       43.9568100    
   92.2500000       47.2843132    
   92.5000000       50.8082771    
   92.7500000       54.4752579    
   93.0000000       58.2318115    
   93.2500000       62.0287514    
   93.5000000       65.8338699    
   93.7500000       69.6192093    
   94.0000000       73.3568115    
   94.2500000       77.0060043    
   94.5000000       80.4752502    
   94.7500000       83.6602631    
   95.0000000       86.4568100    
   95.2500000       88.8099670    
   95.5000000       90.8622742    
   95.7500000       92.8055954    
   96.0000000       94.8318176    
   96.2500000       97.0906906    
   96.5000000       99.5634232    
   96.7500000       102.189110    
   97.0000000       104.906815    
   97.2500000       107.627937    
   97.5000000       110.153053    
   97.7500000       112.255051    
   98.0000000       113.706818    
   98.2500000       114.360344    
   98.5000000       114.384018    
   98.7500000       114.025345    
   99.0000000       113.531807    
   99.2500000       113.102829    
   99.5000000       112.745483    
   99.7500000       112.418808    
   100.000000       112.081810    
   100.250000       111.693436    
   100.500000       111.212387    
   100.750000       110.597298    
   101.000000       109.806808    
   101.250000       108.832649    
   101.500000       107.798943    
   101.750000       106.862923    
   102.000000       106.181808    
   102.250000       105.882843    
   102.500000       105.973328    
   102.750000       106.430550    
   103.000000       107.231812    
   103.250000       108.355728    
   103.500000       109.786110    
   103.750000       111.508095    
   104.000000       113.506805    
   104.250000       115.758934    
   104.500000       118.207458    
   104.750000       120.786896    

 "IV theory
   66.2500000       46.0680237    
   66.5000000       43.2092018    
   66.7500000       40.8265533    
   67.0000000       38.9850807    
   67.2500000       37.7437286    
   67.5000000       37.1373901    
   67.7500000       37.1949234    
   68.0000000       37.9451981    
   68.2500000       39.4057121    
   68.5000000       41.5485611    
   68.7500000       44.3344955    
   69.0000000       47.7242432    
   69.2500000       51.6731873    
   69.5000000       56.1152687    
   69.7500000       60.9790802    
   70.0000000       66.1932068    
   70.2500000       71.6863708    
   70.5000000       77.3879089    
   70.7500000       83.2272720    
   71.0000000       89.1339645    
   71.2500000       95.0400925    
   71.5000000       100.888367    
   71.7500000       106.624153    
   72.0000000       112.192825    
   72.2500000       117.544785    
   72.5000000       122.650627    
   72.7500000       127.486000    
   73.0000000       132.026566    
   73.2500000       136.250305    
   73.5000000       140.144669    
   73.7500000       143.699493    
   74.0000000       146.904617    
   74.2500000       149.749786    
   74.5000000       152.224823    
   74.7500000       154.319427    
   75.0000000       156.023376    
   75.2500000       157.328156    
   75.5000000       158.232086    
   75.7500000       158.735275    
   76.0000000       158.837784    
   76.2500000       158.542938    
   76.5000000       157.866852    
   76.7500000       156.828918    
   77.0000000       155.448486    
   77.2500000       153.746460    
   77.5000000       151.749832    
   77.7500000       149.487091    
   78.0000000       146.986725    
   78.2500000       144.277222    
   78.5000000       141.386810    
   78.7500000       138.343704    
   79.0000000       135.176117    
   79.2500000       131.911148    
   79.5000000       128.571457    
   79.7500000       125.178589    
   80.0000000       121.754097    
   80.2500000       118.317421    
   80.5000000       114.879585    
   80.7500000       111.449486    
   81.0000000       108.036079    
   81.2500000       104.647263    
   81.5000000       101.286987    
   81.7500000       97.9582367    
   82.0000000       94.6639862    
   82.2500000       91.4072113    
   82.5000000       88.1909943    
   82.7500000       85.0184097    
   83.0000000       81.8925476    
   83.2500000       78.8165588    
   83.5000000       75.7938385    
   83.7500000       72.8278656    
   84.0000000       69.9220734    
   84.2500000       67.0800705    
   84.5000000       64.3059464    
   84.7500000       61.6039314    
   85.0000000       58.9782562    
   85.2500000       56.4332047    
   85.5000000       53.9733238    
   85.7500000       51.6031952    
   86.0000000       49.3274231    
   86.2500000       47.1505966    
   86.5000000       45.0772591    
   86.7500000       43.1119461    
   87.0000000       41.2591858    
   87.2500000       39.5230103    
   87.5000000       37.9053802    
   87.7500000       36.4077606    
   88.0000000       35.0316048    
   88.2500000       33.7774048    
   88.5000000       32.6417961    
   88.7500000       31.6204338    
   89.0000000       30.7089901    
   89.2500000       29.9026699    
   89.5000000       29.1948605    
   89.7500000       28.5784740    
   90.0000000       28.0464382    
   90.2500000       27.5916977    
   90.5000000       27.2072525    
   90.7500000       26.8861256    
   91.0000000       26.6213398    
   91.2500000       26.4063683    
   91.5000000       26.2364578    
   91.7500000       26.1073170    
   92.0000000       26.0146427    
   92.2500000       25.9549789    
   92.5000000       25.9282379    
   92.7500000       25.9351902    
   93.0000000       25.9765911    
   93.2500000       26.0536060    
   93.5000000       26.1690006    
   93.7500000       26.3259430    
   94.0000000       26.5276012    
   94.2500000       26.7771168    
   94.5000000       27.0775585    
   94.7500000       27.4319611    
   95.0000000       27.8433666    
   95.2500000       28.3140812    
   95.5000000       28.8434296    
   95.7500000       29.4300194    
   96.0000000       30.0724392    
   96.2500000       30.7678928    
   96.5000000       31.5079899    
   96.7500000       32.2829361    
   97.0000000       33.0829506    
   97.2500000       33.8975830    
   97.5000000       34.7137260    
   97.7500000       35.5176277    
   98.0000000       36.2955132    
   98.2500000       37.0336609    
   98.5000000       37.7184334    
   98.7500000       38.3362579    
   99.0000000       38.8735352    
   99.2500000       39.3175316    
   99.5000000       39.6590157    
   99.7500000       39.8895874    
   100.000000       40.0008659    
   100.250000       39.9861183    
   100.500000       39.8451767    
   100.750000       39.5795288    
   101.000000       39.1906586    
   101.250000       38.6808167    
   101.500000       38.0553055    
   101.750000       37.3202171    
   102.000000       36.4816284    
   102.250000       35.5456314    
   102.500000       34.5183525    
   102.750000       33.4059448    
   103.000000       32.2145500    
   103.250000       30.9516449    
   103.500000       29.6300602    
   103.750000       28.2639542    
   104.000000       26.8674946    
   104.250000       25.4573460    
   104.500000       24.0601749    
   104.750000       22.7051525    

TitleText: Ni(001)-(5x5)-Li     Beam (3/5,3/5)            Rfac10=1.2883
 "IV exp
   66.2500000       56.2602005    
   66.5000000       56.6372299    
   66.7500000       57.1115532    
   67.0000000       57.7318115    
   67.2500000       58.5581627    
   67.5000000       59.6968079    
   67.7500000       61.2654572    
   68.0000000       63.3818130    
   68.2500000       66.1034927    
   68.5000000       69.2476654    
   68.7500000       72.5714111    
   69.0000000       75.8318100    
   69.2500000       78.8152313    
   69.5000000       81.4252777    
   69.7500000       83.5948410    
   70.0000000       85.2568130    
   70.2500000       86.3760529    
   70.5000000       87.0452194    
   70.7500000       87.3889389    
   71.0000000       87.5318146    
   71.2500000       87.5819855    
   71.5000000       87.5816040    
   71.7500000       87.5563278    
   72.0000000       87.5318146    
   72.2500000       87.5404053    
   72.5000000       87.6411285    
   72.7500000       87.8996964    
   73.0000000       88.3818130    
   73.2500000       89.1297073    
   73.5000000       90.0916367    
   73.7500000       91.1924133    
   74.0000000       92.3568115    
   74.2500000       93.5066605    
   74.5000000       94.5519409    
   74.7500000       95.3996429    
   75.0000000       95.9568100    
   75.2500000       96.1618652    
   75.5000000       96.0789871    
   75.7500000       95.8037720    
   76.0000000       95.4318161    
   76.2500000       95.0390778    
   76.5000000       94.6229858    
   76.7500000       94.1613083    
   77.0000000       93.6318130    
   77.2500000       92.9750366    
   77.5000000       91.9824524    
   77.7500000       90.4083023    
   78.0000000       88.0068130    
   78.2500000       84.6137772    
   78.5000000       80.3911972    
   78.7500000       75.5826874    
   79.0000000       70.4318085    
   79.2500000       65.1744385    
   79.5000000       60.0154991    
   79.7500000       55.1522179    
   80.0000000       50.7818108    
   80.2500000       47.0383415    
   80.5000000       43.8032990    
   80.7500000       40.8950081    
   81.0000000       38.1318130    
   81.2500000       35.3712616    
   81.5000000       32.6278038    
   81.7500000       29.9550991    
   82.0000000       27.4068127    
   82.2500000       25.0303688    
   82.5000000       22.8482361    
   82.7500000       20.8766422    
   83.0000000       19.1318130    
   83.2500000       17.6235237    
   83.5000000       16.3357506    
   83.7500000       15.2460060    
   84.0000000       14.3318138    
   84.2500000       13.5753918    
   84.5000000       12.9777660    
   84.7500000       12.5446644    
   85.0000000       12.2818127    
   85.2500000       12.1935225    
   85.5000000       12.2784386    
   85.7500000       12.5337925    
   86.0000000       12.9568119    
   86.2500000       13.5417862    
   86.5000000       14.2712288    
   86.7500000       15.1247139    
   87.0000000       16.0818138    
   87.2500000       17.1153679    
   87.5000000       18.1712742    
   87.7500000       19.1886997    
   88.0000000       20.1068134    
   88.2500000       20.8852825    
   88.5000000       21.5658054    
   88.7500000       22.2105827    
   89.0000000       22.8818150    
   89.2500000       23.6347752    
   89.5000000       24.4970150    
   89.7500000       25.4891529    
   90.0000000       26.6318130    
   90.2500000       27.9469700    
   90.5000000       29.4620247    
   90.7500000       31.2057209    
   91.0000000       33.2068100    
   91.2500000       35.4877472    
   91.5000000       38.0457649    
   91.7500000       40.8718071    
   92.0000000       43.9568100    
   92.2500000       47.2843132    
   92.5000000       50.8082771    
   92.7500000       54.4752579    
   93.0000000       58.2318115    
   93.2500000       62.0287514    
   93.5000000       65.8338699    
   93.7500000       69.6192093    
   94.0000000       73.3568115    
   94.2500000       77.0060043    
   94.5000000       80.4752502    
   94.7500000       83.6602631    
   95.0000000       86.4568100    
   95.2500000       88.8099670    
   95.5000000       90.8622742    
   95.7500000       92.8055954    
   96.0000000       94.8318176    
   96.2500000       97.0906906    
   96.5000000       99.5634232    
   96.7500000       102.189110    
   97.0000000       104.906815    
   97.2500000       107.627937    
   97.5000000       110.153053    
   97.7500000       112.255051    
   98.0000000       113.706818    
   98.2500000       114.360344    
   98.5000000       114.384018    
   98.7500000       114.025345    
   99.0000000       113.531807    
   99.2500000       113.102829    
   99.5000000       112.745483    
   99.7500000       112.418808    
   100.000000       112.081810    
   100.250000       111.693436    
   100.500000       111.212387    
   100.750000       110.597298    
   101.000000       109.806808    
   101.250000       108.832649    
   101.500000       107.798943    
   101.750000       106.862923    
   102.000000       106.181808    
   102.250000       105.882843    
   102.500000       105.973328    
   102.750000       106.430550    
   103.000000       107.231812    
   103.250000       108.355728    
   103.500000       109.786110    
   103.750000       111.508095    
   104.000000       113.506805    
   104.250000       115.758934    
   104.500000       118.207458    
   104.750000       120.786896    

 "IV theory
   66.2500000       20.7073364    
   66.5000000       21.3352413    
   66.7500000       21.9268818    
   67.0000000       22.4785614    
   67.2500000       22.9866734    
   67.5000000       23.4479485    
   67.7500000       23.8591976    
   68.0000000       24.2172413    
   68.2500000       24.5188789    
   68.5000000       24.7608700    
   68.7500000       24.9399586    
   69.0000000       25.0528927    
   69.2500000       25.0966110    
   69.5000000       25.0688553    
   69.7500000       24.9675426    
   70.0000000       24.7906055    
   70.2500000       24.5365810    
   70.5000000       24.2064323    
   70.7500000       23.8017159    
   71.0000000       23.3240051    
   71.2500000       22.7753315    
   71.5000000       22.1596203    
   71.7500000       21.4812603    
   72.0000000       20.7446518    
   72.2500000       19.9541893    
   72.5000000       19.1143398    
   72.7500000       18.2295685    
   73.0000000       17.3043461    
   73.2500000       16.3435516    
   73.5000000       15.3536711    
   73.7500000       14.3415947    
   74.0000000       13.3142138    
   74.2500000       12.2797079    
   74.5000000       11.2514019    
   74.7500000       10.2439108    
   75.0000000       9.27184677    
   75.2500000       8.35077477    
   75.5000000       7.50005960    
   75.7500000       6.74001455    
   76.0000000       6.09095478    
   76.2500000       5.57336998    
   76.5000000       5.20845461    
   76.7500000       5.01757860    
   77.0000000       5.02211142    
   77.2500000       5.24298239    
   77.5000000       5.69935369    
   77.7500000       6.40994835    
   78.0000000       7.39348888    
   78.2500000       8.66748524    
   78.5000000       10.2445965    
   78.7500000       12.1362686    
   79.0000000       14.3539515    
   79.2500000       16.9080753    
   79.5000000       19.8049946    
   79.7500000       23.0500565    
   80.0000000       26.6485977    
   80.2500000       30.6061420    
   80.5000000       34.9289055    
   80.7500000       39.6232796    
   81.0000000       44.6956558    
   81.2500000       50.1498489    
   81.5000000       55.9792747    
   81.7500000       62.1747742    
   82.0000000       68.7271881    
   82.2500000       75.6192703    
   82.5000000       82.8013840    
   82.7500000       90.2157516    
   83.0000000       97.8046951    
   83.2500000       105.504517    
   83.5000000       113.227928    
   83.7500000       120.881668    
   84.0000000       128.372498    
   84.2500000       135.605850    
   84.5000000       142.481766    
   84.7500000       148.898956    
   85.0000000       154.756149    
   85.2500000       159.956909    
   85.5000000       164.424484    
   85.7500000       168.086929    
   86.0000000       170.872345    
   86.2500000       172.723221    
   86.5000000       173.639511    
   86.7500000       173.635574    
   87.0000000       172.725800    
   87.2500000       170.935364    
   87.5000000       168.332840    
   87.7500000       164.997787    
   88.0000000       161.009689    
   88.2500000       156.449448    
   88.5000000       151.404205    
   88.7500000       145.962433    
   89.0000000       140.212708    
   89.2500000       134.242569    
   89.5000000       128.135651    
   89.7500000       121.974586    
   90.0000000       115.841980    
   90.2500000       109.818665    
   90.5000000       103.978027    
   90.7500000       98.3917160    
   91.0000000       93.1313248    
   91.2500000       88.2667694    
   91.5000000       83.8614044    
   91.7500000       79.9769135    
   92.0000000       76.6749496    
   92.2500000       74.0175858    
   92.5000000       72.0682907    
   92.7500000       70.8909149    
   93.0000000       70.5493088    
   93.2500000       71.1025085    
   93.5000000       72.5905075    
   93.7500000       75.0484543    
   94.0000000       78.5115128    
   94.2500000       83.0000229    
   94.5000000       88.4749680    
   94.7500000       94.8824844    
   95.0000000       102.168694    
   95.2500000       110.268768    
   95.5000000       119.073906    
   95.7500000       128.464325    
   96.0000000       138.320236    
   96.2500000       148.519852    
   96.5000000       158.933212    
   96.7500000       169.428406    
   97.0000000       179.873428    
   97.2500000       190.141495    
   97.5000000       200.126663    
   97.7500000       209.728073    
   98.0000000       218.844971    
   98.2500000       227.391266    
   98.5000000       235.340057    
   98.7500000       242.679169    
   99.0000000       249.396454    
   99.2500000       255.490875    
   99.5000000       261.006104    
   99.7500000       265.996857    
   100.000000       270.518005    
   100.250000       274.625946    
   100.500000       278.383850    
   100.750000       281.856598    
   101.000000       285.108948    
   101.250000       288.203705    
   101.500000       291.195099    
   101.750000       294.135498    
   102.000000       297.077026    
   102.250000       300.066681    
   102.500000       303.130310    
   102.750000       306.288483    
   103.000000       309.561829    
   103.250000       312.966766    
   103.500000       316.503326    
   103.750000       320.167297    
   104.000000       323.954468    
   104.250000       327.860443    
   104.500000       331.879272    
   104.750000       336.004761    

TitleText: Ni(001)-(5x5)-Li     Beam (3/5,3/5)            Rfac10=0.5256
 "IV exp
   66.2500000       56.2602005    
   66.5000000       56.6372299    
   66.7500000       57.1115532    
   67.0000000       57.7318115    
   67.2500000       58.5581627    
   67.5000000       59.6968079    
   67.7500000       61.2654572    
   68.0000000       63.3818130    
   68.2500000       66.1034927    
   68.5000000       69.2476654    
   68.7500000       72.5714111    
   69.0000000       75.8318100    
   69.2500000       78.8152313    
   69.5000000       81.4252777    
   69.7500000       83.5948410    
   70.0000000       85.2568130    
   70.2500000       86.3760529    
   70.5000000       87.0452194    
   70.7500000       87.3889389    
   71.0000000       87.5318146    
   71.2500000       87.5819855    
   71.5000000       87.5816040    
   71.7500000       87.5563278    
   72.0000000       87.5318146    
   72.2500000       87.5404053    
   72.5000000       87.6411285    
   72.7500000       87.8996964    
   73.0000000       88.3818130    
   73.2500000       89.1297073    
   73.5000000       90.0916367    
   73.7500000       91.1924133    
   74.0000000       92.3568115    
   74.2500000       93.5066605    
   74.5000000       94.5519409    
   74.7500000       95.3996429    
   75.0000000       95.9568100    
   75.2500000       96.1618652    
   75.5000000       96.0789871    
   75.7500000       95.8037720    
   76.0000000       95.4318161    
   76.2500000       95.0390778    
   76.5000000       94.6229858    
   76.7500000       94.1613083    
   77.0000000       93.6318130    
   77.2500000       92.9750366    
   77.5000000       91.9824524    
   77.7500000       90.4083023    
   78.0000000       88.0068130    
   78.2500000       84.6137772    
   78.5000000       80.3911972    
   78.7500000       75.5826874    
   79.0000000       70.4318085    
   79.2500000       65.1744385    
   79.5000000       60.0154991    
   79.7500000       55.1522179    
   80.0000000       50.7818108    
   80.2500000       47.0383415    
   80.5000000       43.8032990    
   80.7500000       40.8950081    
   81.0000000       38.1318130    
   81.2500000       35.3712616    
   81.5000000       32.6278038    
   81.7500000       29.9550991    
   82.0000000       27.4068127    
   82.2500000       25.0303688    
   82.5000000       22.8482361    
   82.7500000       20.8766422    
   83.0000000       19.1318130    
   83.2500000       17.6235237    
   83.5000000       16.3357506    
   83.7500000       15.2460060    
   84.0000000       14.3318138    
   84.2500000       13.5753918    
   84.5000000       12.9777660    
   84.7500000       12.5446644    
   85.0000000       12.2818127    
   85.2500000       12.1935225    
   85.5000000       12.2784386    
   85.7500000       12.5337925    
   86.0000000       12.9568119    
   86.2500000       13.5417862    
   86.5000000       14.2712288    
   86.7500000       15.1247139    
   87.0000000       16.0818138    
   87.2500000       17.1153679    
   87.5000000       18.1712742    
   87.7500000       19.1886997    
   88.0000000       20.1068134    
   88.2500000       20.8852825    
   88.5000000       21.5658054    
   88.7500000       22.2105827    
   89.0000000       22.8818150    
   89.2500000       23.6347752    
   89.5000000       24.4970150    
   89.7500000       25.4891529    
   90.0000000       26.6318130    
   90.2500000       27.9469700    
   90.5000000       29.4620247    
   90.7500000       31.2057209    
   91.0000000       33.2068100    
   91.2500000       35.4877472    
   91.5000000       38.0457649    
   91.7500000       40.8718071    
   92.0000000       43.9568100    
   92.2500000       47.2843132    
   92.5000000       50.8082771    
   92.7500000       54.4752579    
   93.0000000       58.2318115    
   93.2500000       62.0287514    
   93.5000000       65.8338699    
   93.7500000       69.6192093    
   94.0000000       73.3568115    
   94.2500000       77.0060043    
   94.5000000       80.4752502    
   94.7500000       83.6602631    
   95.0000000       86.4568100    
   95.2500000       88.8099670    
   95.5000000       90.8622742    
   95.7500000       92.8055954    
   96.0000000       94.8318176    
   96.2500000       97.0906906    
   96.5000000       99.5634232    
   96.7500000       102.189110    
   97.0000000       104.906815    
   97.2500000       107.627937    
   97.5000000       110.153053    
   97.7500000       112.255051    
   98.0000000       113.706818    
   98.2500000       114.360344    
   98.5000000       114.384018    
   98.7500000       114.025345    
   99.0000000       113.531807    
   99.2500000       113.102829    
   99.5000000       112.745483    
   99.7500000       112.418808    
   100.000000       112.081810    
   100.250000       111.693436    
   100.500000       111.212387    
   100.750000       110.597298    
   101.000000       109.806808    
   101.250000       108.832649    
   101.500000       107.798943    
   101.750000       106.862923    
   102.000000       106.181808    
   102.250000       105.882843    
   102.500000       105.973328    
   102.750000       106.430550    
   103.000000       107.231812    
   103.250000       108.355728    
   103.500000       109.786110    
   103.750000       111.508095    
   104.000000       113.506805    
   104.250000       115.758934    
   104.500000       118.207458    
   104.750000       120.786896    

 "IV theory
   66.2500000       52.5012627    
   66.5000000       50.1316643    
   66.7500000       47.8107643    
   67.0000000       45.5795097    
   67.2500000       43.4757385    
   67.5000000       41.5248413    
   67.7500000       39.7490921    
   68.0000000       38.1707687    
   68.2500000       36.8088303    
   68.5000000       35.6690102    
   68.7500000       34.7537041    
   69.0000000       34.0653343    
   69.2500000       33.6055794    
   69.5000000       33.3732338    
   69.7500000       33.3663750    
   70.0000000       33.5830688    
   70.2500000       34.0212479    
   70.5000000       34.6783218    
   70.7500000       35.5515366    
   71.0000000       36.6381645    
   71.2500000       37.9341774    
   71.5000000       39.4304657    
   71.7500000       41.1166420    
   72.0000000       42.9822998    
   72.2500000       45.0157852    
   72.5000000       47.2003517    
   72.7500000       49.5180016    
   73.0000000       51.9507103    
   73.2500000       54.4801788    
   73.5000000       57.0868759    
   73.7500000       59.7509956    
   74.0000000       62.4527016    
   74.2500000       65.1722107    
   74.5000000       67.8898697    
   74.7500000       70.5860443    
   75.0000000       73.2411346    
   75.2500000       75.8353500    
   75.5000000       78.3484192    
   75.7500000       80.7599030    
   76.0000000       83.0493698    
   76.2500000       85.1963272    
   76.5000000       87.1800461    
   76.7500000       88.9797134    
   77.0000000       90.5745087    
   77.2500000       91.9434509    
   77.5000000       93.0647507    
   77.7500000       93.9164352    
   78.0000000       94.4765244    
   78.2500000       94.7239609    
   78.5000000       94.6412811    
   78.7500000       94.2119751    
   79.0000000       93.4195099    
   79.2500000       92.2515182    
   79.5000000       90.7123337    
   79.7500000       88.8104935    
   80.0000000       86.5545120    
   80.2500000       83.9571762    
   80.5000000       81.0483932    
   80.7500000       77.8623657    
   81.0000000       74.4332886    
   81.2500000       70.7964325    
   81.5000000       66.9914703    
   81.7500000       63.0591240    
   82.0000000       59.0401344    
   82.2500000       54.9746857    
   82.5000000       50.9006882    
   82.7500000       46.8554840    
   83.0000000       42.8764267    
   83.2500000       38.9991302    
   83.5000000       35.2523155    
   83.7500000       31.6629505    
   84.0000000       28.2580242    
   84.2500000       25.0626335    
   84.5000000       22.0943279    
   84.7500000       19.3687668    
   85.0000000       16.9016228    
   85.2500000       14.7082520    
   85.5000000       12.8028145    
   85.7500000       11.1991663    
   86.0000000       9.91116524    
   86.2500000       8.95203114    
   86.5000000       8.33246231    
   86.7500000       8.06252193    
   87.0000000       8.15227222    
   87.2500000       8.60847664    
   87.5000000       9.42470455    
   87.7500000       10.5912275    
   88.0000000       12.0983143    
   88.2500000       13.9328976    
   88.5000000       16.0685539    
   88.7500000       18.4755249    
   89.0000000       21.1240520    
   89.2500000       23.9834671    
   89.5000000       27.0195007    
   89.7500000       30.1969681    
   90.0000000       33.4806862    
   90.2500000       36.8361664    
   90.5000000       40.2316895    
   90.7500000       43.6362152    
   91.0000000       47.0187149    
   91.2500000       50.3506737    
   91.5000000       53.6136131    
   91.7500000       56.7915878    
   92.0000000       59.8686485    
   92.2500000       62.8314705    
   92.5000000       65.6772842    
   92.7500000       68.4059296    
   93.0000000       71.0172729    
   93.2500000       73.5117874    
   93.5000000       75.8925018    
   93.7500000       78.1630630    
   94.0000000       80.3271103    
   94.2500000       82.3881149    
   94.5000000       84.3488922    
   94.7500000       86.2120361    
   95.0000000       87.9801483    
   95.2500000       89.6556015    
   95.5000000       91.2396393    
   95.7500000       92.7332687    
   96.0000000       94.1374741    
   96.2500000       95.4529572    
   96.5000000       96.6790924    
   96.7500000       97.8149643    
   97.0000000       98.8596497    
   97.2500000       99.8121643    
   97.5000000       100.671288    
   97.7500000       101.435791    
   98.0000000       102.104424    
   98.2500000       102.675850    
   98.5000000       103.148422    
   98.7500000       103.520416    
   99.0000000       103.790100    
   99.2500000       103.955338    
   99.5000000       104.012184    
   99.7500000       103.956291    
   100.000000       103.783348    
   100.250000       103.488541    
   100.500000       103.065483    
   100.750000       102.507324    
   101.000000       101.807243    
   101.250000       100.958199    
   101.500000       99.9523621    
   101.750000       98.7816696    
   102.000000       97.4380798    
   102.250000       95.9140778    
   102.500000       94.2043686    
   102.750000       92.3041611    
   103.000000       90.2086792    
   103.250000       87.9156189    
   103.500000       85.4324188    
   103.750000       82.7690125    
   104.000000       79.9353027    
   104.250000       76.9436798    
   104.500000       73.8165207    
   104.750000       70.5786819    

TitleText: Ni(001)-(5x5)-Li     Beam (3/5,3/5)            Rfac10=0.5697
 "IV exp
   66.2500000       56.2602005    
   66.5000000       56.6372299    
   66.7500000       57.1115532    
   67.0000000       57.7318115    
   67.2500000       58.5581627    
   67.5000000       59.6968079    
   67.7500000       61.2654572    
   68.0000000       63.3818130    
   68.2500000       66.1034927    
   68.5000000       69.2476654    
   68.7500000       72.5714111    
   69.0000000       75.8318100    
   69.2500000       78.8152313    
   69.5000000       81.4252777    
   69.7500000       83.5948410    
   70.0000000       85.2568130    
   70.2500000       86.3760529    
   70.5000000       87.0452194    
   70.7500000       87.3889389    
   71.0000000       87.5318146    
   71.2500000       87.5819855    
   71.5000000       87.5816040    
   71.7500000       87.5563278    
   72.0000000       87.5318146    
   72.2500000       87.5404053    
   72.5000000       87.6411285    
   72.7500000       87.8996964    
   73.0000000       88.3818130    
   73.2500000       89.1297073    
   73.5000000       90.0916367    
   73.7500000       91.1924133    
   74.0000000       92.3568115    
   74.2500000       93.5066605    
   74.5000000       94.5519409    
   74.7500000       95.3996429    
   75.0000000       95.9568100    
   75.2500000       96.1618652    
   75.5000000       96.0789871    
   75.7500000       95.8037720    
   76.0000000       95.4318161    
   76.2500000       95.0390778    
   76.5000000       94.6229858    
   76.7500000       94.1613083    
   77.0000000       93.6318130    
   77.2500000       92.9750366    
   77.5000000       91.9824524    
   77.7500000       90.4083023    
   78.0000000       88.0068130    
   78.2500000       84.6137772    
   78.5000000       80.3911972    
   78.7500000       75.5826874    
   79.0000000       70.4318085    
   79.2500000       65.1744385    
   79.5000000       60.0154991    
   79.7500000       55.1522179    
   80.0000000       50.7818108    
   80.2500000       47.0383415    
   80.5000000       43.8032990    
   80.7500000       40.8950081    
   81.0000000       38.1318130    
   81.2500000       35.3712616    
   81.5000000       32.6278038    
   81.7500000       29.9550991    
   82.0000000       27.4068127    
   82.2500000       25.0303688    
   82.5000000       22.8482361    
   82.7500000       20.8766422    
   83.0000000       19.1318130    
   83.2500000       17.6235237    
   83.5000000       16.3357506    
   83.7500000       15.2460060    
   84.0000000       14.3318138    
   84.2500000       13.5753918    
   84.5000000       12.9777660    
   84.7500000       12.5446644    
   85.0000000       12.2818127    
   85.2500000       12.1935225    
   85.5000000       12.2784386    
   85.7500000       12.5337925    
   86.0000000       12.9568119    
   86.2500000       13.5417862    
   86.5000000       14.2712288    
   86.7500000       15.1247139    
   87.0000000       16.0818138    
   87.2500000       17.1153679    
   87.5000000       18.1712742    
   87.7500000       19.1886997    
   88.0000000       20.1068134    
   88.2500000       20.8852825    
   88.5000000       21.5658054    
   88.7500000       22.2105827    
   89.0000000       22.8818150    
   89.2500000       23.6347752    
   89.5000000       24.4970150    
   89.7500000       25.4891529    
   90.0000000       26.6318130    
   90.2500000       27.9469700    
   90.5000000       29.4620247    
   90.7500000       31.2057209    
   91.0000000       33.2068100    
   91.2500000       35.4877472    
   91.5000000       38.0457649    
   91.7500000       40.8718071    
   92.0000000       43.9568100    
   92.2500000       47.2843132    
   92.5000000       50.8082771    
   92.7500000       54.4752579    
   93.0000000       58.2318115    
   93.2500000       62.0287514    
   93.5000000       65.8338699    
   93.7500000       69.6192093    
   94.0000000       73.3568115    
   94.2500000       77.0060043    
   94.5000000       80.4752502    
   94.7500000       83.6602631    
   95.0000000       86.4568100    
   95.2500000       88.8099670    
   95.5000000       90.8622742    
   95.7500000       92.8055954    
   96.0000000       94.8318176    
   96.2500000       97.0906906    
   96.5000000       99.5634232    
   96.7500000       102.189110    
   97.0000000       104.906815    
   97.2500000       107.627937    
   97.5000000       110.153053    
   97.7500000       112.255051    
   98.0000000       113.706818    
   98.2500000       114.360344    
   98.5000000       114.384018    
   98.7500000       114.025345    
   99.0000000       113.531807    
   99.2500000       113.102829    
   99.5000000       112.745483    
   99.7500000       112.418808    
   100.000000       112.081810    
   100.250000       111.693436    
   100.500000       111.212387    
   100.750000       110.597298    
   101.000000       109.806808    
   101.250000       108.832649    
   101.500000       107.798943    
   101.750000       106.862923    
   102.000000       106.181808    
   102.250000       105.882843    
   102.500000       105.973328    
   102.750000       106.430550    
   103.000000       107.231812    
   103.250000       108.355728    
   103.500000       109.786110    
   103.750000       111.508095    
   104.000000       113.506805    
   104.250000       115.758934    
   104.500000       118.207458    
   104.750000       120.786896    

 "IV theory
   66.2500000       26.9300117    
   66.5000000       26.3607883    
   66.7500000       25.8476620    
   67.0000000       25.3787270    
   67.2500000       24.9420891    
   67.5000000       24.5259743    
   67.7500000       24.1186199    
   68.0000000       23.7082787    
   68.2500000       23.2840214    
   68.5000000       22.8382015    
   68.7500000       22.3640079    
   69.0000000       21.8546238    
   69.2500000       21.3048038    
   69.5000000       20.7155781    
   69.7500000       20.0895500    
   70.0000000       19.4293213    
   70.2500000       18.7382412    
   70.5000000       18.0226326    
   70.7500000       17.2895756    
   71.0000000       16.5461426    
   71.2500000       15.7993937    
   71.5000000       15.0563269    
   71.7500000       14.3239250    
   72.0000000       13.6091719    
   72.2500000       12.9188499    
   72.5000000       12.2589417    
   72.7500000       11.6352291    
   73.0000000       11.0534925    
   73.2500000       10.5191240    
   73.5000000       10.0359659    
   73.7500000       9.60746765    
   74.0000000       9.23708344    
   74.2500000       8.92808151    
   74.5000000       8.68301201    
   74.7500000       8.50424099    
   75.0000000       8.39413452    
   75.2500000       8.35505390    
   75.5000000       8.38933277    
   75.7500000       8.49929905    
   76.0000000       8.68727779    
   76.2500000       8.95501232    
   76.5000000       9.30189610    
   76.7500000       9.72673798    
   77.0000000       10.2283468    
   77.2500000       10.8044224    
   77.5000000       11.4482174    
   77.7500000       12.1518764    
   78.0000000       12.9075451    
   78.2500000       13.7068348    
   78.5000000       14.5392437    
   78.7500000       15.3937378    
   79.0000000       16.2592812    
   79.2500000       17.1248569    
   79.5000000       17.9795113    
   79.7500000       18.8123035    
   80.0000000       19.6123047    
   80.2500000       20.3690357    
   80.5000000       21.0738773    
   80.7500000       21.7186794    
   81.0000000       22.2952862    
   81.2500000       22.7964325    
   81.5000000       23.2184162    
   81.7500000       23.5584164    
   82.0000000       23.8136101    
   82.2500000       23.9815922    
   82.5000000       24.0616074    
   82.7500000       24.0532990    
   83.0000000       23.9563217    
   83.2500000       23.7703514    
   83.5000000       23.4951725    
   83.7500000       23.1306076    
   84.0000000       22.6764679    
   84.2500000       22.1347103    
   84.5000000       21.5158615    
   84.7500000       20.8325844    
   85.0000000       20.0975399    
   85.2500000       19.3274441    
   85.5000000       18.5552177    
   85.7500000       17.8178425    
   86.0000000       17.1522865    
   86.2500000       16.5974789    
   86.5000000       16.2001419    
   86.7500000       16.0089493    
   87.0000000       16.0725784    
   87.2500000       16.4395866    
   87.5000000       17.1580544    
   87.7500000       18.2759476    
   88.0000000       19.8412342    
   88.2500000       21.8964806    
   88.5000000       24.4626694    
   88.7500000       27.5553894    
   89.0000000       31.1902218    
   89.2500000       35.3725014    
   89.5000000       40.0665398    
   89.7500000       45.2263908    
   90.0000000       50.8061104    
   90.2500000       56.7548637    
   90.5000000       63.0022736    
   90.7500000       69.4730453    
   91.0000000       76.0919189    
   91.2500000       82.7837677    
   91.5000000       89.4740753    
   91.7500000       96.0884705    
   92.0000000       102.552597    
   92.2500000       108.796677    
   92.5000000       114.769241    
   92.7500000       120.423393    
   93.0000000       125.712242    
   93.2500000       130.597641    
   93.5000000       135.076416    
   93.7500000       139.154068    
   94.0000000       142.836136    
   94.2500000       146.132309    
   94.5000000       149.068863    
   94.7500000       151.676239    
   95.0000000       153.984848    
   95.2500000       156.025070    
   95.5000000       157.826859    
   95.7500000       159.420151    
   96.0000000       160.834808    
   96.2500000       162.099472    
   96.5000000       163.237427    
   96.7500000       164.270737    
   97.0000000       165.221375    
   97.2500000       166.108810    
   97.5000000       166.942368    
   97.7500000       167.728790    
   98.0000000       168.474884    
   98.2500000       169.186203    
   98.5000000       169.863556    
   98.7500000       170.506592    
   99.0000000       171.114899    
   99.2500000       171.688080    
   99.5000000       172.225723    
   99.7500000       172.727280    
   100.000000       173.192307    
   100.250000       173.618149    
   100.500000       173.993347    
   100.750000       174.304245    
   101.000000       174.537247    
   101.250000       174.674515    
   101.500000       174.681839    
   101.750000       174.520645    
   102.000000       174.152496    
   102.250000       173.536942    
   102.500000       172.625458    
   102.750000       171.367584    
   103.000000       169.712799    
   103.250000       167.610779    
   103.500000       165.011810    
   103.750000       161.866455    
   104.000000       158.125168    
   104.250000       153.746719    
   104.500000       148.723053    
   104.750000       143.054382    

TitleText: Ni(001)-(5x5)-Li     Beam (3/5,3/5)            Rfac10=0.6479
 "IV exp
   66.2500000       56.2602005    
   66.5000000       56.6372299    
   66.7500000       57.1115532    
   67.0000000       57.7318115    
   67.2500000       58.5581627    
   67.5000000       59.6968079    
   67.7500000       61.2654572    
   68.0000000       63.3818130    
   68.2500000       66.1034927    
   68.5000000       69.2476654    
   68.7500000       72.5714111    
   69.0000000       75.8318100    
   69.2500000       78.8152313    
   69.5000000       81.4252777    
   69.7500000       83.5948410    
   70.0000000       85.2568130    
   70.2500000       86.3760529    
   70.5000000       87.0452194    
   70.7500000       87.3889389    
   71.0000000       87.5318146    
   71.2500000       87.5819855    
   71.5000000       87.5816040    
   71.7500000       87.5563278    
   72.0000000       87.5318146    
   72.2500000       87.5404053    
   72.5000000       87.6411285    
   72.7500000       87.8996964    
   73.0000000       88.3818130    
   73.2500000       89.1297073    
   73.5000000       90.0916367    
   73.7500000       91.1924133    
   74.0000000       92.3568115    
   74.2500000       93.5066605    
   74.5000000       94.5519409    
   74.7500000       95.3996429    
   75.0000000       95.9568100    
   75.2500000       96.1618652    
   75.5000000       96.0789871    
   75.7500000       95.8037720    
   76.0000000       95.4318161    
   76.2500000       95.0390778    
   76.5000000       94.6229858    
   76.7500000       94.1613083    
   77.0000000       93.6318130    
   77.2500000       92.9750366    
   77.5000000       91.9824524    
   77.7500000       90.4083023    
   78.0000000       88.0068130    
   78.2500000       84.6137772    
   78.5000000       80.3911972    
   78.7500000       75.5826874    
   79.0000000       70.4318085    
   79.2500000       65.1744385    
   79.5000000       60.0154991    
   79.7500000       55.1522179    
   80.0000000       50.7818108    
   80.2500000       47.0383415    
   80.5000000       43.8032990    
   80.7500000       40.8950081    
   81.0000000       38.1318130    
   81.2500000       35.3712616    
   81.5000000       32.6278038    
   81.7500000       29.9550991    
   82.0000000       27.4068127    
   82.2500000       25.0303688    
   82.5000000       22.8482361    
   82.7500000       20.8766422    
   83.0000000       19.1318130    
   83.2500000       17.6235237    
   83.5000000       16.3357506    
   83.7500000       15.2460060    
   84.0000000       14.3318138    
   84.2500000       13.5753918    
   84.5000000       12.9777660    
   84.7500000       12.5446644    
   85.0000000       12.2818127    
   85.2500000       12.1935225    
   85.5000000       12.2784386    
   85.7500000       12.5337925    
   86.0000000       12.9568119    
   86.2500000       13.5417862    
   86.5000000       14.2712288    
   86.7500000       15.1247139    
   87.0000000       16.0818138    
   87.2500000       17.1153679    
   87.5000000       18.1712742    
   87.7500000       19.1886997    
   88.0000000       20.1068134    
   88.2500000       20.8852825    
   88.5000000       21.5658054    
   88.7500000       22.2105827    
   89.0000000       22.8818150    
   89.2500000       23.6347752    
   89.5000000       24.4970150    
   89.7500000       25.4891529    
   90.0000000       26.6318130    
   90.2500000       27.9469700    
   90.5000000       29.4620247    
   90.7500000       31.2057209    
   91.0000000       33.2068100    
   91.2500000       35.4877472    
   91.5000000       38.0457649    
   91.7500000       40.8718071    
   92.0000000       43.9568100    
   92.2500000       47.2843132    
   92.5000000       50.8082771    
   92.7500000       54.4752579    
   93.0000000       58.2318115    
   93.2500000       62.0287514    
   93.5000000       65.8338699    
   93.7500000       69.6192093    
   94.0000000       73.3568115    
   94.2500000       77.0060043    
   94.5000000       80.4752502    
   94.7500000       83.6602631    
   95.0000000       86.4568100    
   95.2500000       88.8099670    
   95.5000000       90.8622742    
   95.7500000       92.8055954    
   96.0000000       94.8318176    
   96.2500000       97.0906906    
   96.5000000       99.5634232    
   96.7500000       102.189110    
   97.0000000       104.906815    
   97.2500000       107.627937    
   97.5000000       110.153053    
   97.7500000       112.255051    
   98.0000000       113.706818    
   98.2500000       114.360344    
   98.5000000       114.384018    
   98.7500000       114.025345    
   99.0000000       113.531807    
   99.2500000       113.102829    
   99.5000000       112.745483    
   99.7500000       112.418808    
   100.000000       112.081810    
   100.250000       111.693436    
   100.500000       111.212387    
   100.750000       110.597298    
   101.000000       109.806808    
   101.250000       108.832649    
   101.500000       107.798943    
   101.750000       106.862923    
   102.000000       106.181808    
   102.250000       105.882843    
   102.500000       105.973328    
   102.750000       106.430550    
   103.000000       107.231812    
   103.250000       108.355728    
   103.500000       109.786110    
   103.750000       111.508095    
   104.000000       113.506805    
   104.250000       115.758934    
   104.500000       118.207458    
   104.750000       120.786896    

 "IV theory
   66.2500000       77.2301941    
   66.5000000       77.5725327    
   66.7500000       77.9151001    
   67.0000000       78.2447662    
   67.2500000       78.5488586    
   67.5000000       78.8162918    
   67.7500000       79.0364456    
   68.0000000       79.1986618    
   68.2500000       79.2925491    
   68.5000000       79.3086472    
   68.7500000       79.2377625    
   69.0000000       79.0707016    
   69.2500000       78.7982025    
   69.5000000       78.4108810    
   69.7500000       77.8992844    
   70.0000000       77.2539902    
   70.2500000       76.4673462    
   70.5000000       75.5388641    
   70.7500000       74.4698639    
   71.0000000       73.2616196    
   71.2500000       71.9193649    
   71.5000000       70.4638824    
   71.7500000       68.9199066    
   72.0000000       67.3121414    
   72.2500000       65.6673965    
   72.5000000       64.0208817    
   72.7500000       62.4098930    
   73.0000000       60.8717651    
   73.2500000       59.4439087    
   73.5000000       58.1642303    
   73.7500000       57.0707550    
   74.0000000       56.2015152    
   74.2500000       55.5919571    
   74.5000000       55.2672920    
   74.7500000       55.2501411    
   75.0000000       55.5631256    
   75.2500000       56.2233582    
   75.5000000       57.2257538    
   75.7500000       58.5597191    
   76.0000000       60.2146797    
   76.2500000       62.1769905    
   76.5000000       64.4209747    
   76.7500000       66.9179230    
   77.0000000       69.6391220    
   77.2500000       72.5558167    
   77.5000000       75.6389999    
   77.7500000       78.8596268    
   78.0000000       82.1886444    
   78.2500000       85.5961533    
   78.5000000       89.0488434    
   78.7500000       92.5125732    
   79.0000000       95.9532013    
   79.2500000       99.3346558    
   79.5000000       102.613182    
   79.7500000       105.743111    
   80.0000000       108.678802    
   80.2500000       111.373589    
   80.5000000       113.776932    
   80.7500000       115.837318    
   81.0000000       117.503197    
   81.2500000       118.722847    
   81.5000000       119.443573    
   81.7500000       119.612518    
   82.0000000       119.176796    
   82.2500000       118.091461    
   82.5000000       116.343185    
   82.7500000       113.926643    
   83.0000000       110.836464    
   83.2500000       107.084465    
   83.5000000       102.751381    
   83.7500000       97.9350815    
   84.0000000       92.7334900    
   84.2500000       87.2538071    
   84.5000000       81.6403961    
   84.7500000       76.0468979    
   85.0000000       70.6269608    
   85.2500000       65.5346832    
   85.5000000       60.9259720    
   85.7500000       56.9571686    
   86.0000000       53.7846107    
   86.2500000       51.5564194    
   86.5000000       50.3877983    
   86.7500000       50.3857307    
   87.0000000       51.6571846    
   87.2500000       54.2914238    
   87.5000000       58.3068199    
   87.7500000       63.7040215    
   88.0000000       70.4836731    
   88.2500000       78.6367874    
   88.5000000       88.1158295    
   88.7500000       98.8636093    
   89.0000000       110.822922    
   89.2500000       123.936348    
   89.5000000       138.145386    
   89.7500000       153.391296    
   90.0000000       169.615326    
   90.2500000       186.759232    
   90.5000000       204.766449    
   90.7500000       223.581070    
   91.0000000       243.147110    
   91.2500000       263.409363    
   91.5000000       284.316010    
   91.7500000       305.816132    
   92.0000000       327.858612    
   92.2500000       350.393005    
   92.5000000       373.370667    
   92.7500000       396.743347    
   93.0000000       420.462891    
   93.2500000       444.481140    
   93.5000000       468.749908    
   93.7500000       493.221161    
   94.0000000       517.846863    
   94.2500000       542.578552    
   94.5000000       567.366638    
   94.7500000       592.161316    
   95.0000000       616.912598    
   95.2500000       641.570068    
   95.5000000       666.080444    
   95.7500000       690.390015    
   96.0000000       714.444946    
   96.2500000       738.190979    
   96.5000000       761.572876    
   96.7500000       784.534790    
   97.0000000       807.021118    
   97.2500000       828.975830    
   97.5000000       850.342651    
   97.7500000       871.065125    
   98.0000000       891.086487    
   98.2500000       910.355286    
   98.5000000       928.838806    
   98.7500000       946.509399    
   99.0000000       963.339233    
   99.2500000       979.310974    
   99.5000000       994.448914    
   99.7500000       1008.78784    
   100.000000       1022.36249    
   100.250000       1035.21313    
   100.500000       1047.40259    
   100.750000       1058.99939    
   101.000000       1070.07202    
   101.250000       1080.68921    
   101.500000       1090.92065    
   101.750000       1100.83667    
   102.000000       1110.50732    
   102.250000       1119.99756    
   102.500000       1129.35120    
   102.750000       1138.60693    
   103.000000       1147.80359    
   103.250000       1156.96838    
   103.500000       1166.08386    
   103.750000       1175.12085    
   104.000000       1184.05017    
   104.250000       1192.83704    
   104.500000       1201.42139    
   104.750000       1209.73755    

