
          COORDINATES AFTER SORTING

        -2.01670003       0.00000000       0.00000000
        -1.76150000      -3.12479997       0.00000000
        -1.76150000       3.12479997       0.00000000
        -1.76150000       0.00000000      -3.12479997
        -1.76150000       0.00000000       3.12479997
        -1.62969995      -3.01040006      -3.01040006
        -1.62969995      -3.01040006       3.01040006
        -1.62969995       3.01040006      -3.01040006
        -1.62969995       3.01040006       3.01040006
        -0.49800000       6.22499990      -1.31920004
        -0.49800000       6.22499990       1.31920004
        -0.49800000      -1.31920004       6.22499990
        -0.49800000       1.31920004       6.22499990
        -0.19080000       6.22499990      -4.04370022
        -0.19080000       6.22499990       4.04370022
        -0.19080000      -4.04370022       6.22499990
        -0.19080000       4.04370022       6.22499990
        -0.02060000      -3.82470012      -1.03740001
        -0.02060000      -3.82470012       1.03740001
        -0.02060000       3.82470012      -1.03740001
        -0.02060000       3.82470012       1.03740001
        -0.02060000      -1.03740001      -3.82470012
        -0.02060000      -1.03740001       3.82470012
        -0.02060000       1.03740001      -3.82470012
        -0.02060000       1.03740001       3.82470012
         0.08089999      -1.39690006      -1.39690006
         0.08089999      -1.39690006       1.39690006
         0.08089999       1.39690006      -1.39690006
         0.08089999       1.39690006       1.39690006
         0.20090000      -3.64689994      -3.64689994
         0.20090000      -3.64689994       3.64689994
         0.20090000       3.64689994      -3.64689994
         0.20090000       3.64689994       3.64689994
         1.61870003       0.00000000       0.00000000
         1.69729996      -4.87169981       0.00000000
         1.69729996       4.87169981       0.00000000
         1.69729996       0.00000000      -4.87169981
         1.69729996       0.00000000       4.87169981
         1.71809995      -2.39350009      -2.39350009
         1.71809995      -2.39350009       2.39350009
         1.71809995       2.39350009      -2.39350009
         1.71809995       2.39350009       2.39350009
         1.74520004      -5.04110003      -2.50300002
         1.74520004      -5.04110003       2.50300002
         1.74520004       5.04110003      -2.50300002
         1.74520004       5.04110003       2.50300002
         1.74520004      -2.50300002      -5.04110003
         1.74520004      -2.50300002       5.04110003
         1.74520004       2.50300002      -5.04110003
         1.74520004       2.50300002       5.04110003
         1.82869995      -2.62820005       0.00000000
         1.82869995       2.62820005       0.00000000
         1.82869995       0.00000000      -2.62820005
         1.82869995       0.00000000       2.62820005
         1.85619998      -5.09170008      -5.09170008
         1.85619998      -5.09170008       5.09170008
         1.85619998       5.09170008      -5.09170008
         1.85619998       5.09170008       5.09170008

 DIRECTION SET SEARCH COMPLETE 
 ======================= 
 RFAC10

 CONVERGENCE TOLERANCE ACHIEVED =.000335
 DIMENSIONALITY OF SEARCH=   29
 ISMOTH=    1

 COORDINATES AT MINIMUM;  LSFLAG

 -0.00433794  0.00000000  0.00000000   1
 -0.05129091 -0.12317151  0.00000000   2
 -0.05129091  0.12317151  0.00000000   2
 -0.05129091  0.00000000 -0.12317151   2
 -0.05129091  0.00000000  0.12317151   2
 -0.06116906 -0.01096877 -0.01096877   3
 -0.06116906 -0.01096877  0.01096877   3
 -0.06116906  0.01096877 -0.01096877   3
 -0.06116906  0.01096877  0.01096877   3
  0.02094589  0.00000000  0.04963380   4
  0.02094589  0.00000000 -0.04963380   4
  0.02094589  0.04963380  0.00000000   4
  0.02094589 -0.04963380  0.00000000   4
 -0.19450486  0.00000000 -0.08136437   5
 -0.19450486  0.00000000  0.08136437   5
 -0.19450486 -0.08136437  0.00000000   5
 -0.19450486  0.08136437  0.00000000   5
  0.10684341 -0.00701148 -0.31712380   6
  0.10684341 -0.00701148  0.31712380   6
  0.10684341  0.00701148 -0.31712380   6
  0.10684341  0.00701148  0.31712380   6
  0.10684341 -0.31712380 -0.00701148   6
  0.10684341 -0.31712380  0.00701148   6
  0.10684341  0.31712380 -0.00701148   6
  0.10684341  0.31712380  0.00701148   6
 -0.01842565  0.00370797  0.00370797   7
 -0.01842565  0.00370797 -0.00370797   7
 -0.01842565 -0.00370797  0.00370797   7
 -0.01842565 -0.00370797 -0.00370797   7
  0.24312830 -0.01389359 -0.01389359   8
  0.24312830 -0.01389359  0.01389359   8
  0.24312830  0.01389359 -0.01389359   8
  0.24312830  0.01389359  0.01389359   8
  0.40587357  0.00000000  0.00000000   9
  0.00418717 -0.01089214  0.00000000  10
  0.00418717  0.01089214  0.00000000  10
  0.00418717  0.00000000 -0.01089214  10
  0.00418717  0.00000000  0.01089214  10
  0.04361187 -0.02948639 -0.02948639  11
  0.04361187 -0.02948639  0.02948639  11
  0.04361187  0.02948639 -0.02948639  11
  0.04361187  0.02948639  0.02948639  11
  0.09748520 -0.04106339 -0.00824246  12
  0.09748520 -0.04106339  0.00824246  12
  0.09748520  0.04106339 -0.00824246  12
  0.09748520  0.04106339  0.00824246  12
  0.09748520 -0.00824246 -0.04106339  12
  0.09748520 -0.00824246  0.04106339  12
  0.09748520  0.00824246 -0.04106339  12
  0.09748520  0.00824246  0.04106339  12
 -0.02570292 -0.10650679  0.00000000  13
 -0.02570292  0.10650679  0.00000000  13
 -0.02570292  0.00000000 -0.10650679  13
 -0.02570292  0.00000000  0.10650679  13
 -0.11728530 -0.06070306 -0.06070306  14
 -0.11728530 -0.06070306  0.06070306  14
 -0.11728530  0.06070306 -0.06070306  14
 -0.11728530  0.06070306  0.06070306  14

 NUMBER OF ITERATIONS =  6
 NUMBER OF FUNCTIONAL EVALUATIONS = 1235

 OPTIMUM R-FACTOR = 0.5219
 OPTIMUM VALUE OF INNER POTENTIAL = 8.5804
