Ni(001)-(5x5)-Li bulk a=3.52A, model 31, 3 composite layers                     

 1ST PASS TLEED...REFERENCE STRUCTURE CALCULATION 

          COORDINATES AFTER SORTING
             X              Y              Z
          -1.8757         0.0000         0.0000
          -1.8067        -3.0047        -3.0047
          -1.8067        -3.0047         3.0047
          -1.8067         3.0047        -3.0047
          -1.8067         3.0047         3.0047
          -1.7941        -3.1141         0.0000
          -1.7941         3.1141         0.0000
          -1.7941         0.0000        -3.1141
          -1.7941         0.0000         3.1141
          -0.2528         6.2250        -4.0620
          -0.2528         6.2250         4.0620
          -0.2528        -4.0620         6.2250
          -0.2528         4.0620         6.2250
          -0.0460        -1.2551        -1.2551
          -0.0460        -1.2551         1.2551
          -0.0460         1.2551        -1.2551
          -0.0460         1.2551         1.2551
           0.0690        -3.6738        -1.2125
           0.0690        -3.6738         1.2125
           0.0690         3.6738        -1.2125
           0.0690         3.6738         1.2125
           0.0690        -1.2125        -3.6738
           0.0690        -1.2125         3.6738
           0.0690         1.2125        -3.6738
           0.0690         1.2125         3.6738
           0.1874        -4.0000        -4.0000
           0.1874        -4.0000         4.0000
           0.1874         4.0000        -4.0000
           0.1874         4.0000         4.0000
           0.6139         6.2250        -1.2913
           0.6139         6.2250         1.2913
           0.6139        -1.2913         6.2250
           0.6139         1.2913         6.2250
           1.7112        -5.0397         0.0000
           1.7112         5.0397         0.0000
           1.7112         0.0000        -5.0397
           1.7112         0.0000         5.0397
           1.7350         0.0000         0.0000
           1.7751        -2.5445         0.0000
           1.7751         2.5445         0.0000
           1.7751         0.0000        -2.5445
           1.7751         0.0000         2.5445
           1.7897        -2.4371        -2.4371
           1.7897        -2.4371         2.4371
           1.7897         2.4371        -2.4371
           1.7897         2.4371         2.4371
           1.9998        -5.0407        -2.4703
           1.9998        -5.0407         2.4703
           1.9998         5.0407        -2.4703
           1.9998         5.0407         2.4703
           1.9998        -2.4703        -5.0407
           1.9998        -2.4703         5.0407
           1.9998         2.4703        -5.0407
           1.9998         2.4703         5.0407
           2.0000        -5.0355        -5.0355
           2.0000        -5.0355         5.0355
           2.0000         5.0355        -5.0355
           2.0000         5.0355         5.0355

          COORDINATES AFTER SORTING
             X              Y              Z
           3.5214         1.2450         1.2450
           5.2821         0.0000         0.0000
 NUMBER OF ELEMENTS IN Q IS  15
 ERROR: The parameter JLMNI must be at least****
