 ID: 000 original Parms passed to evaluat     e.f 
   1 -1.8757  0.0001  0.0000
   1 -1.7941  3.1141  0.0000
   1 -1.8067  3.0047 -3.0047
   1  0.6139  6.2250  1.2913
   1 -0.2528 -4.0620  6.2250
   2 -0.0460  1.2551  1.2552
   2  0.0690  3.6738  1.2125
   2  0.1874 -4.2907  3.7093
   2  1.7112  5.0397  0.0001
   2  1.7350  0.0000 -0.0000
   2  2.0000  5.0355  5.0356
   2  1.9998  2.4703  5.0407
   2  1.7751  2.5445 -0.0000
   2  1.7897  2.4370  2.4372
 ID: 000 Parms passed to tleed codes:    (may be changed by VALUATE)
   1 -1.8757  0.0000  0.0000
   1 -1.8067  3.0047  3.0047
   1 -1.7941  3.1141  0.0000
   1 -0.2528  6.2250  4.0620
   2 -0.0460  1.2551  1.2551
   2  0.0690  3.6738  1.2125
   2  0.1874  4.0000  4.0000
   1  0.6139  6.2250  1.2913
   2  1.7112  5.0397  0.0000
   2  1.7350  0.0000  0.0000
   2  1.7751  2.5445  0.0000
   2  1.7897  2.4371  2.4371
   2  1.9998  5.0407  2.4703
   2  2.0000  5.0355  5.0355
 parm difference:
   0  0.0000  0.0000 -0.0000
   0 -0.0126  0.0000  3.0047
   0  0.0126  0.0000  3.0047
   0 -0.8668  0.0000  2.7707
   1  0.2068  0.0000 -4.9699
   0  0.1150  0.0000 -0.0427
   0  0.1184  0.0000  2.7875
  -1  0.4265  0.0000 -2.4180
   0 -0.0000  0.0000 -0.0001
   0  0.0000  0.0000  0.0000
   0 -0.2249  0.0000 -5.0356
   0 -0.2101  0.0000 -2.6036
   0  0.2248  0.0000  2.4703
   0  0.2103  0.0000  2.5984
 000 Calling tleed1: 000
 000:000...returned tleed1 : Calling tleed2...
 000:000 ...Returned tleed2 fitval=  0.53841385044417323     
