#TitleText:Ni(001)-(5x5)-Li     Beam (1,4/5)              Rfac10=       0.9954
 #"IV exp
   72.2500000       681.727173    
   72.5000000       678.999512    
   72.7500000       676.342163    
   73.0000000       673.790039    
   73.2500000       671.432373    
   73.5000000       669.574097    
   73.7500000       668.573730    
   74.0000000       668.790039    
   74.2500000       670.574585    
   74.5000000       674.250488    
   74.7500000       680.133667    
   75.0000000       688.540039    
   75.2500000       699.693359    
   75.5000000       713.448608    
   75.7500000       729.568237    
   76.0000000       747.815063    
   76.2500000       767.943359    
   76.5000000       789.673828    
   76.7500000       812.718628    
   77.0000000       836.790039    
   77.2500000       861.569702    
   77.5000000       886.618164    
   77.7500000       911.464844    
   78.0000000       935.640015    
   78.2500000       958.671875    
   78.5000000       980.084229    
   78.7500000       999.399414    
   79.0000000       1016.14001    
   79.2500000       1029.92993    
   79.5000000       1040.80042    
   79.7500000       1048.88452    
   80.0000000       1054.31506    
   80.2500000       1057.21643    
   80.5000000       1057.67896    
   80.7500000       1055.78455    
   81.0000000       1051.61511    
   81.2500000       1045.16858    
   81.5000000       1036.10840    
   81.7500000       1024.01404    
   82.0000000       1008.46509    
   82.2500000       989.357910    
   82.5000000       967.856079    
   82.7500000       945.440063    
   83.0000000       923.590088    
   83.2500000       903.508667    
   83.5000000       885.285767    
   83.7500000       868.733887    
   84.0000000       853.665039    
   84.2500000       839.581299    
   84.5000000       824.744263    
   84.7500000       807.104980    
   85.0000000       784.615112    
   85.2500000       755.933838    
   85.5000000       722.552856    
   85.7500000       686.671631    
   86.0000000       650.489990    
   86.2500000       615.950684    
   86.5000000       583.969360    
   86.7500000       555.204468    
   87.0000000       530.315063    
   87.2500000       509.642151    
   87.5000000       492.257050    
   87.7500000       476.913422    
   88.0000000       462.365051    
   88.2500000       447.674042    
   88.5000000       433.136536    
   88.7500000       419.356995    
   89.0000000       406.940033    
   89.2500000       396.402313    
   89.5000000       387.909027    
   89.7500000       381.537476    
   90.0000000       377.365051    
   90.2500000       375.403473    
   90.5000000       375.402100    
   90.7500000       377.044708    
   91.0000000       380.015045    
   91.2500000       384.049103    
   91.5000000       389.091614    
   91.7500000       395.139587    
   92.0000000       402.190033    
   92.2500000       410.272461    
   92.5000000       419.546722    
   92.7500000       430.205109    
   93.0000000       442.440033    
   93.2500000       456.394196    
   93.5000000       472.011749    
   93.7500000       489.187195    
   94.0000000       507.815033    
   94.2500000       527.780762    
   94.5000000       548.933960    
   94.7500000       571.115112    
   95.0000000       594.165039    
   95.2500000       617.931030    
   95.5000000       642.289307    
   95.7500000       667.123047    
   96.0000000       692.315063    
   96.2500000       717.765137    
   96.5000000       743.439331    
   96.7500000       769.320190    
   97.0000000       795.390015    
   97.2500000       821.651978    
   97.5000000       848.190186    
   97.7500000       875.109619    
   98.0000000       902.515015    
   98.2500000       930.413330    
   98.5000000       958.421143    
   98.7500000       986.057129    
   99.0000000       1012.83997    
   99.2500000       1038.26782    
   99.5000000       1061.75574    
   99.7500000       1082.69836    
   100.000000       1100.49011    
   100.250000       1114.63062    
   100.500000       1125.03992    
   100.750000       1131.74304    
   101.000000       1134.76501    
   101.250000       1134.18713    
   101.500000       1130.31555    
   101.750000       1123.51245    
   102.000000       1114.14001    
   102.250000       1102.53552    
   102.500000       1088.93494    
   102.750000       1073.54944    
   103.000000       1056.59009    
   103.250000       1038.29565    
   103.500000       1019.01636    
   103.750000       999.130249    
   104.000000       979.015015    
   104.250000       959.045166    
   104.500000       939.580322    
   104.750000       920.976562    
   105.000000       903.590088    
   105.250000       887.691406    
   105.500000       873.208862    
   105.750000       859.985718    
   106.000000       847.864990    
   106.250000       836.691528    
   106.500000       826.318237    
   106.750000       816.599487    
   107.000000       807.390015    
   107.250000       798.589600    
   107.500000       790.277344    
   107.750000       782.577637    
   108.000000       775.614990    
   108.250000       769.489624    
   108.500000       764.206543    
   108.750000       759.746338    
   109.000000       756.089966    
   109.250000       753.151123    
   109.500000       750.574097    
   109.750000       747.936401    
   110.000000       744.815063    
   110.250000       740.839600    
   110.500000       735.849365    
   110.750000       729.735718    
   111.000000       722.390015    
   111.250000       713.785889    
   111.500000       704.224731    
   111.750000       694.089966    
   112.000000       683.765015    
   112.250000       673.610962    
   112.500000       663.898315    
   112.750000       654.875244    
   113.000000       646.790039    
   113.250000       639.782471    
   113.500000       633.559814    
   113.750000       627.720947    
   114.000000       621.865112    
   114.250000       615.612793    
   114.500000       608.671631    
   114.750000       600.770996    
   115.000000       591.640015    
   115.250000       581.115845    
   115.500000       569.465942    
   115.750000       557.065613    

