#TitleText:Ni(001)-(5x5)-Li     Beam (1,4/5)              Rfac10=       0.9954
 #"IV theory
   72.2500000       1.13529446E+09
   72.5000000       1.11711757E+09
   72.7500000       1.10006259E+09
   73.0000000       1.08409318E+09
   73.2500000       1.06917376E+09
   73.5000000       1.05526784E+09
   73.7500000       1.04233939E+09
   74.0000000       1.03035251E+09
   74.2500000       1.01927091E+09
   74.5000000       1.00905664E+09
   74.7500000       999671744.    
   75.0000000       991078208.    
   75.2500000       983237120.    
   75.5000000       976107264.    
   75.7500000       969646528.    
   76.0000000       963812608.    
   76.2500000       958563264.    
   76.5000000       953854592.    
   76.7500000       949642496.    
   77.0000000       945882944.    
   77.2500000       942531840.    
   77.5000000       939544960.    
   77.7500000       936878144.    
   78.0000000       934487552.    
   78.2500000       932329984.    
   78.5000000       930367488.    
   78.7500000       928562944.    
   79.0000000       926879424.    
   79.2500000       925282304.    
   79.5000000       923746560.    
   79.7500000       922249536.    
   80.0000000       920768512.    
   80.2500000       919281920.    
   80.5000000       917773376.    
   80.7500000       916227008.    
   81.0000000       914627264.    
   81.2500000       912958848.    
   81.5000000       911205952.    
   81.7500000       909353280.    
   82.0000000       907385088.    
   82.2500000       905286976.    
   82.5000000       903048256.    
   82.7500000       900659200.    
   83.0000000       898109952.    
   83.2500000       895392960.    
   83.5000000       892508160.    
   83.7500000       889457344.    
   84.0000000       886242816.    
   84.2500000       882867200.    
   84.5000000       879337472.    
   84.7500000       875661376.    
   85.0000000       871846592.    
   85.2500000       867901120.    
   85.5000000       863832448.    
   85.7500000       859648576.    
   86.0000000       855357312.    
   86.2500000       850966528.    
   86.5000000       846485248.    
   86.7500000       841922560.    
   87.0000000       837287744.    
   87.2500000       832590208.    
   87.5000000       827841664.    
   87.7500000       823053824.    
   88.0000000       818238656.    
   88.2500000       813408256.    
   88.5000000       808575680.    
   88.7500000       803754240.    
   89.0000000       798957248.    
   89.2500000       794197952.    
   89.5000000       789489600.    
   89.7500000       784845440.    
   90.0000000       780278784.    
   90.2500000       775802688.    
   90.5000000       771429248.    
   90.7500000       767169856.    
   91.0000000       763036224.    
   91.2500000       759039744.    
   91.5000000       755189248.    
   91.7500000       751493248.    
   92.0000000       747960320.    
   92.2500000       744598656.    
   92.5000000       741415296.    
   92.7500000       738417280.    
   93.0000000       735611456.    
   93.2500000       733004800.    
   93.5000000       730604032.    
   93.7500000       728416256.    
   94.0000000       726448192.    
   94.2500000       724706624.    
   94.5000000       723196352.    
   94.7500000       721922496.    
   95.0000000       720889600.    
   95.2500000       720102016.    
   95.5000000       719560704.    
   95.7500000       719266624.    
   96.0000000       719220032.    
   96.2500000       719421504.    
   96.5000000       719869504.    
   96.7500000       720562752.    
   97.0000000       721499712.    
   97.2500000       722678784.    
   97.5000000       724098560.    
   97.7500000       725757440.    
   98.0000000       727653888.    
   98.2500000       729786240.    
   98.5000000       732151808.    
   98.7500000       734747840.    
   99.0000000       737571392.    
   99.2500000       740619136.    
   99.5000000       743886080.    
   99.7500000       747366656.    
   100.000000       751055360.    
   100.250000       754946432.    
   100.500000       759033088.    
   100.750000       763308864.    
   101.000000       767766464.    
   101.250000       772399232.    
   101.500000       777200320.    
   101.750000       782162688.    
   102.000000       787279680.    
   102.250000       792544384.    
   102.500000       797949440.    
   102.750000       803487616.    
   103.000000       809151808.    
   103.250000       814934464.    
   103.500000       820827904.    
   103.750000       826823936.    
   104.000000       832914432.    
   104.250000       839091456.    
   104.500000       845346624.    
   104.750000       851671488.    
   105.000000       858057664.    
   105.250000       864496704.    
   105.500000       870980224.    
   105.750000       877499840.    
   106.000000       884047040.    
   106.250000       890613376.    
   106.500000       897189952.    
   106.750000       903767872.    
   107.000000       910338368.    
   107.250000       916892160.    
   107.500000       923419712.    
   107.750000       929910912.    
   108.000000       936356032.    
   108.250000       942745024.    
   108.500000       949067584.    
   108.750000       955313216.    
   109.000000       961471808.    
   109.250000       967532800.    
   109.500000       973485696.    
   109.750000       979320320.    
   110.000000       985026176.    
   110.250000       990592960.    
   110.500000       996010496.    
   110.750000       1.00126874E+09
   111.000000       1.00635789E+09
   111.250000       1.01126784E+09
   111.500000       1.01598938E+09
   111.750000       1.02051290E+09
   112.000000       1.02482931E+09
   112.250000       1.02892941E+09
   112.500000       1.03280410E+09
   112.750000       1.03644442E+09
   113.000000       1.03984160E+09
   113.250000       1.04298656E+09
   113.500000       1.04587040E+09
   113.750000       1.04848429E+09
   114.000000       1.05081907E+09
   114.250000       1.05286630E+09
   114.500000       1.05461824E+09
   114.750000       1.05606726E+09
   115.000000       1.05720621E+09
   115.250000       1.05802784E+09
   115.500000       1.05852736E+09
   115.750000       1.05870035E+09

