#TitleText:Ni(001)-(5x5)-Li     Beam (1,0)                Rfac10=       0.6412
 #"IV theory
   46.2500000       1815.25562    
   46.5000000       1797.92017    
   46.7500000       1780.99329    
   47.0000000       1764.17029    
   47.2500000       1747.16223    
   47.5000000       1729.74255    
   47.7500000       1711.70056    
   48.0000000       1692.82446    
   48.2500000       1672.91113    
   48.5000000       1651.78894    
   48.7500000       1629.29297    
   49.0000000       1605.25916    
   49.2500000       1579.52283    
   49.5000000       1551.91968    
   49.7500000       1522.28540    
   50.0000000       1490.45557    
   50.2500000       1456.29712    
   50.5000000       1419.80334    
   50.7500000       1380.99829    
   51.0000000       1339.90674    
   51.2500000       1296.61572    
   51.5000000       1251.46472    
   51.7500000       1204.85559    
   52.0000000       1157.19031    
   52.2500000       1108.90247    
   52.5000000       1060.55139    
   52.7500000       1012.72803    
   53.0000000       966.023315    
   53.2500000       921.027954    
   53.5000000       878.332947    
   53.7500000       838.529053    
   54.0000000       802.207153    
   54.2500000       769.908691    
   54.5000000       741.977112    
   54.7500000       718.706360    
   55.0000000       700.390442    
   55.2500000       687.224426    
   55.5000000       679.007385    
   55.7500000       675.439697    
   56.0000000       676.221436    
   56.2500000       681.003418    
   56.5000000       689.238464    
   56.7500000       700.329895    
   57.0000000       713.681152    
   57.2500000       728.695374    
   57.5000000       744.776062    
   57.7500000       761.326538    
   58.0000000       777.750122    
   58.2500000       793.483704    
   58.5000000       808.098816    
   58.7500000       821.200256    
   59.0000000       832.393127    
   59.2500000       841.349609    
   59.5000000       848.010742    
   59.7500000       852.384766    
   60.0000000       854.479980    
   60.2500000       854.338196    
   60.5000000       852.135803    
   60.7500000       848.082642    
   61.0000000       842.388672    
   61.2500000       835.263672    
   61.5000000       826.917603    
   61.7500000       817.560486    
   62.0000000       807.402039    
   62.2500000       796.644165    
   62.5000000       785.456116    
   62.7500000       773.998840    
   63.0000000       762.433594    
   63.2500000       750.905151    
   63.5000000       739.493347    
   63.7500000       728.261597    
   64.0000000       717.273560    
   64.2500000       706.584412    
   64.5000000       696.217285    
   64.7500000       686.186584    
   65.0000000       676.507263    
   65.2500000       667.193970    
   65.5000000       658.261414    
   65.7500000       649.724243    
   66.0000000       641.597290    
   66.2500000       633.893677    
   66.5000000       626.620483    
   66.7500000       619.783264    
   67.0000000       613.387512    
   67.2500000       607.435852    
   67.5000000       601.918335    
   67.7500000       596.822327    
   68.0000000       592.134888    
   68.2500000       587.841797    
   68.5000000       583.922546    
   68.7500000       580.355164    
   69.0000000       577.117676    
   69.2500000       574.187988    
   69.5000000       571.544250    
   69.7500000       569.164490    
   70.0000000       567.026733    
   70.2500000       565.110229    
   70.5000000       563.400269    
   70.7500000       561.883179    
   71.0000000       560.545532    
   71.2500000       559.376526    
   71.5000000       558.376831    
   71.7500000       557.549683    
   72.0000000       556.898682    
   72.2500000       556.428467    
   72.5000000       556.149536    
   72.7500000       556.073669    
   73.0000000       556.212830    
   73.2500000       556.578735    
   73.5000000       557.183350    
   73.7500000       558.038452    
   74.0000000       559.155823    
   74.2500000       560.549133    
   74.5000000       562.238708    
   74.7500000       564.246643    
   75.0000000       566.595093    
   75.2500000       569.309448    
   75.5000000       572.428955    
   75.7500000       575.996155    
   76.0000000       580.053650    
   76.2500000       584.645752    
   76.5000000       589.823486    
   76.7500000       595.639771    
   77.0000000       602.147461    
   77.2500000       609.399292    
   77.5000000       617.448120    
   77.7500000       626.346802    
   78.0000000       636.148132    
   78.2500000       646.897949    
   78.5000000       658.614197    
   78.7500000       671.307983    
   79.0000000       684.990112    
   79.2500000       699.657715    
   79.5000000       715.252014    
   79.7500000       731.700256    
   80.0000000       748.929749    
   80.2500000       766.860718    
   80.5000000       785.385681    
   80.7500000       804.389954    
   81.0000000       823.759094    
   81.2500000       843.378479    
   81.5000000       863.133545    
   81.7500000       882.909607    
   82.0000000       902.592285    
   82.2500000       922.073853    
   82.5000000       941.273926    
   82.7500000       960.119507    
   83.0000000       978.537048    
   83.2500000       996.467102    
   83.5000000       1013.90515    
   83.7500000       1030.86035    
   84.0000000       1047.34192    
   84.2500000       1063.36609    
   84.5000000       1078.97620    
   84.7500000       1094.22314    
   85.0000000       1109.15723    
   85.2500000       1123.82861    
   85.5000000       1138.28821    
   85.7500000       1152.58643    
   86.0000000       1166.77344    
   86.2500000       1180.89648    
   86.5000000       1194.98694    
   86.7500000       1209.07239    
   87.0000000       1223.18127    
   87.2500000       1237.33350    
   87.5000000       1251.51978    
   87.7500000       1265.72229    
   88.0000000       1279.92383    
   88.2500000       1294.10339    
   88.5000000       1308.22485    
   88.7500000       1322.24817    
   89.0000000       1336.13330    
   89.2500000       1349.84070    
   89.5000000       1363.33020    
   89.7500000       1376.56189    
   90.0000000       1389.49585    
   90.2500000       1402.09204    
   90.5000000       1414.30945    
   90.7500000       1426.10754    
   91.0000000       1437.44507    
   91.2500000       1448.28088    
   91.5000000       1458.57263    
   91.7500000       1468.27698    
   92.0000000       1477.35120    
   92.2500000       1485.75244    
   92.5000000       1493.43652    
   92.7500000       1500.35974    
   93.0000000       1506.47815    
   93.2500000       1511.74780    
   93.5000000       1516.12476    
   93.7500000       1519.56519    
   94.0000000       1522.02502    
   94.2500000       1523.46411    
   94.5000000       1523.85657    
   94.7500000       1523.17993    
   95.0000000       1521.41187    
   95.2500000       1518.53748    
   95.5000000       1514.57043    
   95.7500000       1509.53162    
   96.0000000       1503.44177    
   96.2500000       1496.32568    
   96.5000000       1488.22229    
   96.7500000       1479.17419    
   97.0000000       1469.22363    
   97.2500000       1458.41345    
   97.5000000       1446.78601    
   97.7500000       1434.38391    
   98.0000000       1421.24976    
   98.2500000       1407.42419    
   98.5000000       1392.94043    
   98.7500000       1377.83008    
   99.0000000       1362.12402    
   99.2500000       1345.85022    
   99.5000000       1329.02136    
   99.7500000       1311.64648    
   100.000000       1293.73413    
   100.250000       1275.29199    
   100.500000       1256.31934    
   100.750000       1236.81433    
   101.000000       1216.77429    
   101.250000       1196.19751    
   101.500000       1175.08154    
   101.750000       1153.42432    
   102.000000       1131.22351    
   102.250000       1108.51465    
   102.500000       1085.48340    
   102.750000       1062.35376    
   103.000000       1039.34900    
   103.250000       1016.76837    
   103.500000       995.211487    
   103.750000       975.353760    
   104.000000       957.870300    
   104.250000       943.473877    
   104.500000       933.028015    
   104.750000       927.433655    
   105.000000       927.591858    
   105.250000       934.403564    
   105.500000       948.769775    
   105.750000       971.591614    
   106.000000       1003.77002    
   106.250000       1046.12390    
   106.500000       1099.14307    
   106.750000       1163.23547    
   107.000000       1238.80884    
   107.250000       1326.10669    
   107.500000       1424.71497    
   107.750000       1534.05493    
   108.000000       1653.54785    
   108.250000       1782.53296    
   108.500000       1920.02087    
   108.750000       2064.93970    
   109.000000       2216.21753    
   109.250000       2372.78296    
   109.500000       2533.56396    
   109.750000       2697.48877    
   110.000000       2863.48535    
   110.250000       3030.46973    
   110.500000       3197.30664    
   110.750000       3362.84839    
   111.000000       3525.94775    
   111.250000       3685.43164    
   111.500000       3840.02612    
   111.750000       3988.43188    
   112.000000       4129.34961    
   112.250000       4261.46826    
   112.500000       4383.42383    
   112.750000       4493.84277    
   113.000000       4591.35010    
   113.250000       4674.56934    
   113.500000       4742.12695    
   113.750000       4792.64697    
   114.000000       4824.75439    
   114.250000       4837.23193    
   114.500000       4829.49121    
   114.750000       4801.10156    
   115.000000       4751.63184    
   115.250000       4680.96533    
   115.500000       4590.24609    
   115.750000       4480.93018    
   116.000000       4354.47607    
   116.250000       4212.49805    
   116.500000       4057.24097    
   116.750000       3891.10571    
   117.000000       3716.49390    
   117.250000       3535.80786    
   117.500000       3351.44824    
   117.750000       3165.81714    
   118.000000       2981.31665    
   118.250000       2800.22290    
   118.500000       2624.31323    
   118.750000       2455.24072    
   119.000000       2294.65796    
   119.250000       2143.96802    
   119.500000       2003.57507    
   119.750000       1873.63391    
   120.000000       1754.29932    
   120.250000       1645.60120    
   120.500000       1547.07056    
   120.750000       1458.11279    
   121.000000       1378.13354    
   121.250000       1306.53918    
   121.500000       1242.73499    
   121.750000       1186.12720    
   122.000000       1136.12122    
   122.250000       1092.14807    
   122.500000       1053.73901    
   122.750000       1020.44977    
   123.000000       991.836609    
   123.250000       967.505798    
   123.500000       947.263794    
   123.750000       930.967407    
   124.000000       918.473267    
   124.250000       909.663086    
   124.500000       904.518799    
   124.750000       903.047424    
   125.000000       905.255859    
   125.250000       911.151184    
   125.500000       920.740234    
   125.750000       934.030212    
   126.000000       951.027954    
   126.250000       971.737915    
   126.500000       996.154419    
   126.750000       1024.26953    
   127.000000       1056.07495    
   127.250000       1091.55762    
   127.500000       1130.68420    
   127.750000       1173.41638    
   128.000000       1219.71558    
   128.250000       1269.54126    
   128.500000       1322.84241    
   128.750000       1379.56519    
   129.000000       1439.65662    
   129.250000       1503.06311    
   129.500000       1569.73108    
   129.750000       1639.60718    
   130.000000       1712.63818    
   130.250000       1788.77283    
   130.500000       1867.97070    
   130.750000       1950.19446    
   131.000000       2035.40613    
   131.250000       2123.57275    
   131.500000       2214.68311    
   131.750000       2308.73071    
   132.000000       2405.70874    
   132.250000       2505.61377    
   132.500000       2608.45239    
   132.750000       2714.23364    
   133.000000       2822.96680    
   133.250000       2934.66064    
   133.500000       3049.32495    
   133.750000       3166.96899    
   134.000000       3287.60156    
   134.250000       3411.24316    
   134.500000       3537.95801    
   134.750000       3667.82178    
   135.000000       3800.90991    
   135.250000       3937.32007    
   135.500000       4077.23706    
   135.750000       4220.86963    
   136.000000       4368.42578    
   136.250000       4520.12402    
   136.500000       4676.22754    
   136.750000       4837.01123    
   137.000000       5002.74756    
   137.250000       5173.71191    
   137.500000       5350.17822    
   137.750000       5532.41943    
   138.000000       5720.71143    
   138.250000       5915.31982    
   138.500000       6116.47900    
   138.750000       6324.41699    
   139.000000       6539.35938    
   139.250000       6761.51855    
   139.500000       6991.04297    
   139.750000       7228.06543    
   140.000000       7472.71973    
   140.250000       7725.12988    
   140.500000       7985.39111    
   140.750000       8253.58789    
   141.000000       8529.80469    
   141.250000       8814.13184    
   141.500000       9106.65234    
   141.750000       9407.45117    
   142.000000       9716.61621    
   142.250000       10034.3477    
   142.500000       10361.3066    
   142.750000       10698.2695    
   143.000000       11046.0107    
   143.250000       11405.5371    
   143.500000       11778.7754    
   143.750000       12167.8789    
   144.000000       12575.0049    
   144.250000       13002.4248    
   144.500000       13452.8672    
   144.750000       13929.1787    
   145.000000       14434.2061    
   145.250000       14970.7949    
   145.500000       15541.7891    
   145.750000       16150.0381    
   146.000000       16798.3828    
   146.250000       17489.0566    
   146.500000       18221.8145    
   146.750000       18995.7988    
   147.000000       19810.1523    
   147.250000       20662.7773    
   147.500000       21546.6484    
   147.750000       22453.4961    
   148.000000       23375.0488    
   148.250000       24302.4258    
   148.500000       25224.2754    
   148.750000       26128.6191    
   149.000000       27003.4922    
   149.250000       27836.9199    
   149.500000       28616.9316    
   149.750000       29331.5605    
   150.000000       29968.8242    
   150.250000       30517.6328    
   150.500000       30970.3672    
   150.750000       31320.2930    
   151.000000       31560.6641    
   151.250000       31686.4863    
   151.500000       31699.7344    
   151.750000       31604.1328    
   152.000000       31403.3945    
   152.250000       31102.1172    
   152.500000       30708.3770    
   152.750000       30231.1289    
   153.000000       29679.3203    
   153.250000       29061.9023    
   153.500000       28387.8281    
   153.750000       27666.0449    
   154.000000       26905.5078    
   154.250000       26114.8789    
   154.500000       25301.6953    
   154.750000       24473.1992    
   155.000000       23636.6387    
   155.250000       22798.6992    
   155.500000       21963.7852    
   155.750000       21135.7383    
   156.000000       20318.3965    
   156.250000       19515.3223    
   156.500000       18728.9355    
   156.750000       17961.3711    
   157.000000       17214.7715    
   157.250000       16491.2676    
   157.500000       15793.0059    
   157.750000       15122.1162    
   158.000000       14480.7402    
   158.250000       13870.8311    
   158.500000       13293.5996    
   158.750000       12750.0723    
   159.000000       12241.2783    
   159.250000       11767.8750    
   159.500000       11329.0391    
   159.750000       10923.5791    
   160.000000       10550.2998    
   160.250000       10207.8262    
   160.500000       9894.03613    
   160.750000       9606.63086    
   161.000000       9343.30664    
   161.250000       9101.75781    
   161.500000       8879.68457    
   161.750000       8674.78125    
   162.000000       8484.74609    
   162.250000       8307.37109    
   162.500000       8140.82275    
   162.750000       7983.36816    
   163.000000       7833.27002    
   163.250000       7688.98145    
   163.500000       7549.71094    
   163.750000       7414.85547    
   164.000000       7283.81445    
   164.250000       7156.07812    
   164.500000       7031.51807    
   164.750000       6910.09814    
   165.000000       6791.78223    
   165.250000       6676.53613    
   165.500000       6564.32422    
   165.750000       6455.11035    
   166.000000       6348.86035    
   166.250000       6245.53174    
   166.500000       6145.05859    
   166.750000       6047.37109    
   167.000000       5952.39648    
   167.250000       5860.05273    
   167.500000       5770.20703    
   167.750000       5682.71680    
   168.000000       5597.43848    
   168.250000       5514.22266    
   168.500000       5432.89648    
   168.750000       5353.27979    
   169.000000       5275.19336    
   169.250000       5198.45850    
   169.500000       5122.89502    
   169.750000       5048.32422    
   170.000000       4974.56641    
   170.250000       4901.45020    
   170.500000       4828.83643    
   170.750000       4756.59570    
   171.000000       4684.59473    
   171.250000       4612.71973    
   171.500000       4540.92090    
   171.750000       4469.16260    
   172.000000       4397.41162    
   172.250000       4325.64160    
   172.500000       4253.85840    
   172.750000       4182.07666    
   173.000000       4110.31006    
   173.250000       4038.57300    
   173.500000       3966.87866    
   173.750000       3895.24243    
   174.000000       3823.67773    
   174.250000       3752.19873    
   174.500000       3680.81860    
   174.750000       3609.55005    
   175.000000       3538.40552    
   175.250000       3467.39819    
   175.500000       3396.53833    
   175.750000       3325.83643    
   176.000000       3255.30273    
   176.250000       3184.94751    
   176.500000       3114.77954    
   176.750000       3044.80835    
   177.000000       2975.04297    
   177.250000       2905.49268    
   177.500000       2836.16553    
   177.750000       2767.07129    
   178.000000       2698.21899    
   178.250000       2629.62427    
   178.500000       2561.32935    
   178.750000       2493.38330    
   179.000000       2425.83496    
   179.250000       2358.74683    
   179.500000       2292.23413    
   179.750000       2226.42627    
   180.000000       2161.45142    
   180.250000       2097.44556    
   180.500000       2034.57056    
   180.750000       1972.99524    
   181.000000       1912.88855    
   181.250000       1854.41907    
   181.500000       1797.75586    
   181.750000       1743.06750    
   182.000000       1690.52246    
   182.250000       1640.28406    
   182.500000       1592.49158    
   182.750000       1547.27795    
   183.000000       1504.77722    
   183.250000       1465.11060    
   183.500000       1428.35217    
   183.750000       1394.56482    
   184.000000       1363.81104    
   184.250000       1336.14746    
   184.500000       1311.60706    
   184.750000       1290.21716    
   185.000000       1272.00464    
   185.250000       1256.99683    
   185.500000       1245.22070    
   185.750000       1236.70374    
   186.000000       1231.47278    
   186.250000       1229.63818    
   186.500000       1231.64307    
   186.750000       1238.01416    
   187.000000       1249.27710    
   187.250000       1266.12537    
   187.500000       1289.91699    
   187.750000       1322.17651    
   188.000000       1364.42896    
   188.250000       1418.28247    
   188.500000       1485.67712    
   188.750000       1568.63770    
   189.000000       1669.18774    
   189.250000       1789.35144    
   189.500000       1931.15247    
   189.750000       2096.61475    
   190.000000       2287.76270    
   190.250000       2506.47217    
   190.500000       2754.03076    
   190.750000       3031.57788    
   191.000000       3340.25269    
   191.250000       3680.90039    
   191.500000       4053.18677    
   191.750000       4456.48193    
   192.000000       4890.15723    
   192.250000       5353.43555    
   192.500000       5844.95117    
   192.750000       6363.18945    
   193.000000       6906.63770    
   193.250000       7473.78223    
   193.500000       8063.10889    
   193.750000       8673.10352    
   194.000000       9302.25391    
   194.250000       9948.82031    
   194.500000       10610.1680    
   194.750000       11283.4385    
   195.000000       11965.7695    
   195.250000       12653.8525    
   195.500000       13342.5850    
   195.750000       14026.4102    
   196.000000       14699.7725    
   196.250000       15356.8945    
   196.500000       15991.1074    
   196.750000       16595.5156    
   197.000000       17163.2246    
   197.250000       17687.3359    
   197.500000       18160.9316    
   197.750000       18577.0957    
   198.000000       18928.9062    
   198.250000       19210.0078    
   198.500000       19416.2773    
   198.750000       19544.1641    
   199.000000       19590.1113    
   199.250000       19551.5957    
   199.500000       19430.2070    
   199.750000       19228.5742    

