#TitleText:Ni(001)-(5x5)-Li     Beam (1,3/5)              Rfac10=       0.8440
 #"IV theory
   64.2500000       350.514099    
   64.5000000       349.843475    
   64.7500000       349.357117    
   65.0000000       349.038879    
   65.2500000       348.872528    
   65.5000000       348.841949    
   65.7500000       348.930878    
   66.0000000       349.123260    
   66.2500000       349.402985    
   66.5000000       349.754486    
   66.7500000       350.162140    
   67.0000000       350.610565    
   67.2500000       351.084381    
   67.5000000       351.569183    
   67.7500000       352.050812    
   68.0000000       352.515076    
   68.2500000       352.947845    
   68.5000000       353.335480    
   68.7500000       353.664398    
   69.0000000       353.921173    
   69.2500000       354.092194    
   69.5000000       354.163910    
   69.7500000       354.122894    
   70.0000000       353.955414    
   70.2500000       353.648773    
   70.5000000       353.192749    
   70.7500000       352.578003    
   71.0000000       351.795105    
   71.2500000       350.835968    
   71.5000000       349.698029    
   71.7500000       348.380096    
   72.0000000       346.881012    
   72.2500000       345.200195    
   72.5000000       343.339996    
   72.7500000       341.303314    
   73.0000000       339.092926    
   73.2500000       336.711853    
   73.5000000       334.163086    
   73.7500000       331.449463    
   74.0000000       328.573883    
   74.2500000       325.539734    
   74.5000000       322.351318    
   74.7500000       319.013702    
   75.0000000       315.531647    
   75.2500000       311.910675    
   75.5000000       308.158905    
   75.7500000       304.285004    
   76.0000000       300.297729    
   76.2500000       296.206116    
   76.5000000       292.020508    
   76.7500000       287.751587    
   77.0000000       283.410004    
   77.2500000       279.006378    
   77.5000000       274.551453    
   77.7500000       270.055878    
   78.0000000       265.530273    
   78.2500000       260.985107    
   78.5000000       256.430298    
   78.7500000       251.875412    
   79.0000000       247.330063    
   79.2500000       242.803589    
   79.5000000       238.303955    
   79.7500000       233.838669    
   80.0000000       229.415359    
   80.2500000       225.041458    
   80.5000000       220.723709    
   80.7500000       216.468597    
   81.0000000       212.282791    
   81.2500000       208.172806    
   81.5000000       204.145248    
   81.7500000       200.206619    
   82.0000000       196.363525    
   82.2500000       192.622253    
   82.5000000       188.987946    
   82.7500000       185.465485    
   83.0000000       182.059677    
   83.2500000       178.774918    
   83.5000000       175.613220    
   83.7500000       172.576065    
   84.0000000       169.664917    
   84.2500000       166.881012    
   84.5000000       164.224396    
   84.7500000       161.694855    
   85.0000000       159.292191    
   85.2500000       157.016190    
   85.5000000       154.866623    
   85.7500000       152.843292    
   86.0000000       150.945984    
   86.2500000       149.174362    
   86.5000000       147.527618    
   86.7500000       146.004791    
   87.0000000       144.604935    
   87.2500000       143.326889    
   87.5000000       142.168442    
   87.7500000       141.127243    
   88.0000000       140.200867    
   88.2500000       139.386795    
   88.5000000       138.681992    
   88.7500000       138.083344    
   89.0000000       137.587692    
   89.2500000       137.191925    
   89.5000000       136.892914    
   89.7500000       136.687500    
   90.0000000       136.572556    
   90.2500000       136.544983    
   90.5000000       136.601791    
   90.7500000       136.740005    
   91.0000000       136.956726    
   91.2500000       137.249023    
   91.5000000       137.614258    
   91.7500000       138.049835    
   92.0000000       138.553162    
   92.2500000       139.121689    
   92.5000000       139.752991    
   92.7500000       140.444611    
   93.0000000       141.194199    
   93.2500000       141.999313    
   93.5000000       142.857544    
   93.7500000       143.766510    
   94.0000000       144.723785    
   94.2500000       145.727005    
   94.5000000       146.773804    
   94.7500000       147.862000    
   95.0000000       148.989258    
   95.2500000       150.153351    
   95.5000000       151.352203    
   95.7500000       152.583832    
   96.0000000       153.846222    
   96.2500000       155.137299    
   96.5000000       156.455231    
   96.7500000       157.798141    
   97.0000000       159.164047    
   97.2500000       160.551132    
   97.5000000       161.957520    
   97.7500000       163.381256    
   98.0000000       164.820511    
   98.2500000       166.273346    
   98.5000000       167.737793    
   98.7500000       169.211838    
   99.0000000       170.693481    
   99.2500000       172.180664    
   99.5000000       173.671188    
   99.7500000       175.162796    
   100.000000       176.653290    
   100.250000       178.140381    
   100.500000       179.621719    
   100.750000       181.094971    
   101.000000       182.557770    
   101.250000       184.007767    
   101.500000       185.442581    
   101.750000       186.859879    
   102.000000       188.257294    
   102.250000       189.632446    
   102.500000       190.983017    
   102.750000       192.306580    
   103.000000       193.600754    
   103.250000       194.863235    
   103.500000       196.091553    
   103.750000       197.283310    
   104.000000       198.436142    
   104.250000       199.547592    
   104.500000       200.615295    
   104.750000       201.636765    
   105.000000       202.609634    
   105.250000       203.531464    
   105.500000       204.399841    
   105.750000       205.212326    
   106.000000       205.966537    
   106.250000       206.660080    
   106.500000       207.290848    
   106.750000       207.856827    
   107.000000       208.355972    
   107.250000       208.786362    
   107.500000       209.146576    
   107.750000       209.435379    
   108.000000       209.651413    
   108.250000       209.793518    
   108.500000       209.860748    
   108.750000       209.852142    
   109.000000       209.766846    
   109.250000       209.603973    
   109.500000       209.362549    
   109.750000       209.041763    
   110.000000       208.640640    
   110.250000       208.158508    
   110.500000       207.595352    
   110.750000       206.951355    
   111.000000       206.226654    
   111.250000       205.421829    
   111.500000       204.538879    
   111.750000       203.580017    
   112.000000       202.547668    
   112.250000       201.444321    
   112.500000       200.273178    
   112.750000       199.037659    
   113.000000       197.741211    
   113.250000       196.387177    
   113.500000       194.978973    
   113.750000       193.520035    
   114.000000       192.013748    
   114.250000       190.463699    
   114.500000       188.874268    
   114.750000       187.250000    
   115.000000       185.595398    
   115.250000       183.915436    
   115.500000       182.216492    
   115.750000       180.505447    
   116.000000       178.789139    
   116.250000       177.074539    
   116.500000       175.369476    
   116.750000       173.681839    
   117.000000       172.019653    
   117.250000       170.390869    
   117.500000       168.803421    
   117.750000       167.265320    
   118.000000       165.784500    
   118.250000       164.369019    
   118.500000       163.027328    
   118.750000       161.767868    
   119.000000       160.599213    
   119.250000       159.530014    
   119.500000       158.569687    
   119.750000       157.727829    
   120.000000       157.014023    
   120.250000       156.437958    
   120.500000       156.009689    
   120.750000       155.739334    
   121.000000       155.637024    
   121.250000       155.712921    
   121.500000       155.977127    
   121.750000       156.439789    
   122.000000       157.111053    
   122.250000       158.000961    
   122.500000       159.119339    
   122.750000       160.475906    
   123.000000       162.080429    
   123.250000       163.942520    
   123.500000       166.071213    
   123.750000       168.475525    
   124.000000       171.164383    
   124.250000       174.146652    
   124.500000       177.430984    
   124.750000       181.025925    
   125.000000       184.940048    
   125.250000       189.181900    
   125.500000       193.760010    
   125.750000       198.682999    
   126.000000       203.959366    
   126.250000       209.597519    
   126.500000       215.605057    
   126.750000       221.989380    
   127.000000       228.757965    
   127.250000       235.917801    
   127.500000       243.474472    
   127.750000       251.433075    
   128.000000       259.798798    
   128.250000       268.576599    
   128.500000       277.770630    
   128.750000       287.385010    
   129.000000       297.423737    
   129.250000       307.890747    
   129.500000       318.790100    
   129.750000       330.125793    
   130.000000       341.901855    
   130.250000       354.122070    
   130.500000       366.789124    
   130.750000       379.905426    
   131.000000       393.473511    
   131.250000       407.495239    
   131.500000       421.970428    
   131.750000       436.898407    
   132.000000       452.278503    
   132.250000       468.109741    
   132.500000       484.390076    
   132.750000       501.117401    
   133.000000       518.289246    
   133.250000       535.903503    
   133.500000       553.957886    
   133.750000       572.450073    
   134.000000       591.377808    
   134.250000       610.738647    
   134.500000       630.528992    
   134.750000       650.745422    
   135.000000       671.384216    
   135.250000       692.441040    
   135.500000       713.910217    
   135.750000       735.785095    
   136.000000       758.059143    
   136.250000       780.725891    
   136.500000       803.777405    
   136.750000       827.206055    
   137.000000       851.003784    
   137.250000       875.162842    
   137.500000       899.675415    
   137.750000       924.533569    
   138.000000       949.729431    
   138.250000       975.254883    
   138.500000       1001.10150    
   138.750000       1027.26050    
   139.000000       1053.72339    
   139.250000       1080.48047    
   139.500000       1107.52222    
   139.750000       1134.83789    
   140.000000       1162.41724    
   140.250000       1190.24951    
   140.500000       1218.32361    
   140.750000       1246.62805    
   141.000000       1275.15173    
   141.250000       1303.88342    
   141.500000       1332.81140    
   141.750000       1361.92468    
   142.000000       1391.21179    
   142.250000       1420.66174    
   142.500000       1450.26257    
   142.750000       1480.00330    
   143.000000       1509.87219    
   143.250000       1539.85791    
   143.500000       1569.94910    
   143.750000       1600.13330    
   144.000000       1630.39954    
   144.250000       1660.73596    
   144.500000       1691.13086    
   144.750000       1721.57227    

