#TitleText:Ni(001)-(5x5)-Li     Beam (4/5,4/5)            Rfac10=       0.9962
 #"IV theory
   72.2500000       239.735260    
   72.5000000       245.032394    
   72.7500000       249.961685    
   73.0000000       254.522064    
   73.2500000       258.712372    
   73.5000000       262.531464    
   73.7500000       265.978241    
   74.0000000       269.051544    
   74.2500000       271.751068    
   74.5000000       274.079498    
   74.7500000       276.040497    
   75.0000000       277.637512    
   75.2500000       278.875702    
   75.5000000       279.766449    
   75.7500000       280.322662    
   76.0000000       280.557190    
   76.2500000       280.483826    
   76.5000000       280.119324    
   76.7500000       279.481384    
   77.0000000       278.587433    
   77.2500000       277.455231    
   77.5000000       276.102325    
   77.7500000       274.546326    
   78.0000000       272.804810    
   78.2500000       270.894867    
   78.5000000       268.831635    
   78.7500000       266.629639    
   79.0000000       264.303497    
   79.2500000       261.866760    
   79.5000000       259.328979    
   79.7500000       256.698700    
   80.0000000       253.984436    
   80.2500000       251.194260    
   80.5000000       248.334167    
   80.7500000       245.409668    
   81.0000000       242.426315    
   81.2500000       239.389572    
   81.5000000       236.305008    
   81.7500000       233.178116    
   82.0000000       230.014404    
   82.2500000       226.819397    
   82.5000000       223.598694    
   82.7500000       220.357895    
   83.0000000       217.102585    
   83.2500000       213.838394    
   83.5000000       210.571060    
   83.7500000       207.306335    
   84.0000000       204.049988    
   84.2500000       200.807800    
   84.5000000       197.585571    
   84.7500000       194.389160    
   85.0000000       191.224396    
   85.2500000       188.097153    
   85.5000000       185.013214    
   85.7500000       181.978485    
   86.0000000       178.998764    
   86.2500000       176.080643    
   86.5000000       173.233688    
   86.7500000       170.468201    
   87.0000000       167.794510    
   87.2500000       165.224380    
   87.5000000       162.775574    
   87.7500000       160.467331    
   88.0000000       158.318893    
   88.2500000       156.350235    
   88.5000000       154.584320    
   88.7500000       153.044846    
   89.0000000       151.755508    
   89.2500000       150.740036    
   89.5000000       150.022110    
   89.7500000       149.625458    
   90.0000000       149.573761    
   90.2500000       149.891129    
   90.5000000       150.603256    
   90.7500000       151.736267    
   91.0000000       153.316223    
   91.2500000       155.370041    
   91.5000000       157.927811    
   91.7500000       161.020401    
   92.0000000       164.678726    
   92.2500000       168.934021    
   92.5000000       173.819244    
   92.7500000       179.367615    
   93.0000000       185.612427    
   93.2500000       192.586960    
   93.5000000       200.324509    
   93.7500000       208.858307    
   94.0000000       218.221710    
   94.2500000       228.447037    
   94.5000000       239.563034    
   94.7500000       251.597519    
   95.0000000       264.578339    
   95.2500000       278.531464    
   95.5000000       293.475708    
   95.7500000       309.427887    
   96.0000000       326.404938    
   96.2500000       344.422882    
   96.5000000       363.494110    
   96.7500000       383.630066    
   97.0000000       404.842163    
   97.2500000       427.141907    
   97.5000000       450.540741    
   97.7500000       475.050171    
   98.0000000       500.681549    
   98.2500000       527.444702    
   98.5000000       555.342407    
   98.7500000       584.375793    
   99.0000000       614.546021    
   99.2500000       645.850647    
   99.5000000       678.273621    
   99.7500000       711.795288    
   100.000000       746.395996    
   100.250000       782.054565    
   100.500000       818.742554    
   100.750000       856.430176    
   101.000000       895.087585    
   101.250000       934.684570    
   101.500000       975.191467    
   101.750000       1016.57812    
   102.000000       1058.81470    
   102.250000       1101.86987    
   102.500000       1145.70740    
   102.750000       1190.28992    
   103.000000       1235.57971    
   103.250000       1281.53699    
   103.500000       1328.11145    
   103.750000       1375.25061    
   104.000000       1422.90173    
   104.250000       1471.01099    
   104.500000       1519.51941    
   104.750000       1568.36682    
   105.000000       1617.49304    
   105.250000       1666.83777    
   105.500000       1716.34106    
   105.750000       1765.94238    
   106.000000       1815.58179    
   106.250000       1865.19885    
   106.500000       1914.73242    
   106.750000       1964.12073    
   107.000000       2013.30249    
   107.250000       2062.21582    
   107.500000       2110.79688    
   107.750000       2158.98218    
   108.000000       2206.70728    
   108.250000       2253.90771    
   108.500000       2300.51904    
   108.750000       2346.47559    
   109.000000       2391.71191    
   109.250000       2436.16309    
   109.500000       2479.76343    
   109.750000       2522.44775    
   110.000000       2564.15063    
   110.250000       2604.80859    
   110.500000       2644.36108    
   110.750000       2682.75049    
   111.000000       2719.91895    
   111.250000       2755.80957    
   111.500000       2790.37646    
   111.750000       2823.57520    

