#TitleText:Ni(001)-(5x5)-Li     Beam (3/5,2/5)            Rfac10=       0.6664
 #"IV theory
   40.2500000       11958.9590    
   40.5000000       11968.6348    
   40.7500000       11980.7129    
   41.0000000       11995.3281    
   41.2500000       12012.6094    
   41.5000000       12032.6904    
   41.7500000       12055.7021    
   42.0000000       12081.7773    
   42.2500000       12111.0244    
   42.5000000       12143.4746    
   42.7500000       12179.1289    
   43.0000000       12217.9941    
   43.2500000       12260.0352    
   43.5000000       12305.0430    
   43.7500000       12352.7725    
   44.0000000       12402.9766    
   44.2500000       12455.3848    
   44.5000000       12509.6465    
   44.7500000       12565.3857    
   45.0000000       12622.2295    
   45.2500000       12679.8047    
   45.5000000       12737.7354    
   45.7500000       12795.6494    
   46.0000000       12853.1729    
   46.2500000       12909.9307    
   46.5000000       12965.5547    
   46.7500000       13019.6709    
   47.0000000       13071.9111    
   47.2500000       13121.9062    
   47.5000000       13169.2910    
   47.7500000       13213.6992    
   48.0000000       13254.7725    
   48.2500000       13292.1436    
   48.5000000       13325.4551    
   48.7500000       13354.3447    
   49.0000000       13378.4531    
   49.2500000       13397.4199    
   49.5000000       13410.8877    
   49.7500000       13418.4932    
   50.0000000       13419.8779    
   50.2500000       13414.6982    
   50.5000000       13402.6875    
   50.7500000       13383.5908    
   51.0000000       13357.1592    
   51.2500000       13323.1768    
   51.5000000       13281.5713    
   51.7500000       13232.3105    
   52.0000000       13175.3584    
   52.2500000       13110.6992    
   52.5000000       13038.3896    
   52.7500000       12958.5000    
   53.0000000       12871.1094    
   53.2500000       12776.2881    
   53.5000000       12674.1113    
   53.7500000       12564.6533    
   54.0000000       12447.9873    
   54.2500000       12324.1992    
   54.5000000       12193.4268    
   54.7500000       12055.8135    
   55.0000000       11911.5059    
   55.2500000       11760.6777    
   55.5000000       11603.5938    
   55.7500000       11440.5508    
   56.0000000       11271.8398    
   56.2500000       11097.7646    
   56.5000000       10918.6787    
   56.7500000       10734.9492    
   57.0000000       10546.9404    
   57.2500000       10355.0176    
   57.5000000       10159.5469    
   57.7500000       9960.89258    
   58.0000000       9759.42188    
   58.2500000       9555.49707    
   58.5000000       9349.47266    
   58.7500000       9141.70117    
   59.0000000       8932.53320    
   59.2500000       8722.31836    
   59.5000000       8511.38477    
   59.7500000       8300.05664    
   60.0000000       8088.66211    
   60.2500000       7877.52100    
   60.5000000       7666.94971    
   60.7500000       7457.25684    
   61.0000000       7248.75732    
   61.2500000       7041.76025    
   61.5000000       6836.57910    
   61.7500000       6633.52441    
   62.0000000       6432.90820    
   62.2500000       6235.03223    
   62.5000000       6040.15674    
   62.7500000       5848.53125    
   63.0000000       5660.40820    
   63.2500000       5476.01611    
   63.5000000       5295.50439    
   63.7500000       5119.00049    
   64.0000000       4946.63379    
   64.2500000       4778.52100    
   64.5000000       4614.73975    
   64.7500000       4455.35596    
   65.0000000       4300.43799    
   65.2500000       4150.05273    
   65.5000000       4004.26660    
   65.7500000       3863.14722    
   66.0000000       3726.76074    
   66.2500000       3595.16699    
   66.5000000       3468.39331    
   66.7500000       3346.45923    
   67.0000000       3229.38525    
   67.2500000       3117.17505    
   67.5000000       3009.77002    
   67.7500000       2907.09570    
   68.0000000       2809.07739    
   68.2500000       2715.63281    
   68.5000000       2626.64893    
   68.7500000       2542.00317    
   69.0000000       2461.57471    
   69.2500000       2385.24121    
   69.5000000       2312.88159    
   69.7500000       2244.37378    
   70.0000000       2179.59644    
   70.2500000       2118.42651    
   70.5000000       2060.73706    
   70.7500000       2006.39868    
   71.0000000       1955.28247    
   71.2500000       1907.25732    
   71.5000000       1862.18225    
   71.7500000       1819.91418    
   72.0000000       1780.30945    
   72.2500000       1743.22375    
   72.5000000       1708.50781    
   72.7500000       1676.01074    
   73.0000000       1645.58252    
   73.2500000       1617.07214    
   73.5000000       1590.32935    
   73.7500000       1565.20337    
   74.0000000       1541.54382    
   74.2500000       1519.20386    
   74.5000000       1498.05054    
   74.7500000       1477.95508    
   75.0000000       1458.78894    
   75.2500000       1440.42993    
   75.5000000       1422.78528    
   75.7500000       1405.76941    
   76.0000000       1389.29639    
   76.2500000       1373.28430    
   76.5000000       1357.66516    
   76.7500000       1342.37524    
   77.0000000       1327.35034    
   77.2500000       1312.52600    
   77.5000000       1297.83862    
   77.7500000       1283.22412    
   78.0000000       1268.61780    
   78.2500000       1253.95984    
   78.5000000       1239.20386    
   78.7500000       1224.30750    

