#TitleText:Ni(001)-(5x5)-Li     Beam (3/5,3/5)            Rfac10=       0.5158
 #"IV theory
   66.2500000       28808240.0    
   66.5000000       30523130.0    
   66.7500000       32265544.0    
   67.0000000       34029676.0    
   67.2500000       35809912.0    
   67.5000000       37601376.0    
   67.7500000       39399388.0    
   68.0000000       41199256.0    
   68.2500000       42996392.0    
   68.5000000       44786576.0    
   68.7500000       46565680.0    
   69.0000000       48329584.0    
   69.2500000       50074160.0    
   69.5000000       51795280.0    
   69.7500000       53488824.0    
   70.0000000       55150660.0    
   70.2500000       56776836.0    
   70.5000000       58364080.0    
   70.7500000       59909284.0    
   71.0000000       61409360.0    
   71.2500000       62861540.0    
   71.5000000       64264420.0    
   71.7500000       65616956.0    
   72.0000000       66918096.0    
   72.2500000       68166936.0    
   72.5000000       69363320.0    
   72.7500000       70507160.0    
   73.0000000       71598480.0    
   73.2500000       72637216.0    
   73.5000000       73623352.0    
   73.7500000       74556840.0    
   74.0000000       75437672.0    
   74.2500000       76265912.0    
   74.5000000       77042080.0    
   74.7500000       77766800.0    
   75.0000000       78440688.0    
   75.2500000       79064592.0    
   75.5000000       79640232.0    
   75.7500000       80169528.0    
   76.0000000       80654408.0    
   76.2500000       81096920.0    
   76.5000000       81499536.0    
   76.7500000       81864848.0    
   77.0000000       82195432.0    
   77.2500000       82493880.0    
   77.5000000       82762752.0    
   77.7500000       83004656.0    
   78.0000000       83222176.0    
   78.2500000       83417904.0    
   78.5000000       83594480.0    
   78.7500000       83754576.0    
   79.0000000       83900856.0    
   79.2500000       84035992.0    
   79.5000000       84162776.0    
   79.7500000       84284032.0    
   80.0000000       84402560.0    
   80.2500000       84521184.0    
   80.5000000       84642800.0    
   80.7500000       84770272.0    
   81.0000000       84906496.0    
   81.2500000       85054368.0    
   81.5000000       85216776.0    
   81.7500000       85396616.0    
   82.0000000       85596760.0    
   82.2500000       85820072.0    
   82.5000000       86069176.0    
   82.7500000       86346696.0    
   83.0000000       86655240.0    
   83.2500000       86997320.0    
   83.5000000       87375048.0    
   83.7500000       87790488.0    
   84.0000000       88245680.0    
   84.2500000       88742592.0    
   84.5000000       89283040.0    
   84.7500000       89868792.0    
   85.0000000       90501576.0    
   85.2500000       91183168.0    
   85.5000000       91915312.0    
   85.7500000       92699768.0    
   86.0000000       93538280.0    
   86.2500000       94432568.0    
   86.5000000       95384096.0    
   86.7500000       96394296.0    
   87.0000000       97464568.0    
   87.2500000       98596232.0    
   87.5000000       99790176.0    
   87.7500000       101047120.    
   88.0000000       102367832.    
   88.2500000       103753008.    
   88.5000000       105203112.    
   88.7500000       106718568.    
   89.0000000       108299800.    
   89.2500000       109947232.    
   89.5000000       111661272.    
   89.7500000       113442328.    
   90.0000000       115290848.    
   90.2500000       117207184.    
   90.5000000       119191624.    
   90.7500000       121244352.    
   91.0000000       123365608.    
   91.2500000       125555528.    
   91.5000000       127814016.    
   91.7500000       130140864.    
   92.0000000       132535904.    
   92.2500000       134998912.    
   92.5000000       137529552.    
   92.7500000       140127392.    
   93.0000000       142792112.    
   93.2500000       145523296.    
   93.5000000       148320560.    
   93.7500000       151183520.    
   94.0000000       154111792.    
   94.2500000       157104976.    
   94.5000000       160162576.    
   94.7500000       163284144.    
   95.0000000       166469184.    
   95.2500000       169717120.    
   95.5000000       173027360.    
   95.7500000       176399120.    
   96.0000000       179831760.    
   96.2500000       183324528.    
   96.5000000       186876640.    
   96.7500000       190487280.    
   97.0000000       194155648.    
   97.2500000       197880960.    
   97.5000000       201662336.    
   97.7500000       205498992.    
   98.0000000       209390176.    
   98.2500000       213335008.    
   98.5000000       217332624.    
   98.7500000       221382144.    
   99.0000000       225482688.    
   99.2500000       229633328.    
   99.5000000       233833088.    
   99.7500000       238080880.    
   100.000000       242375712.    
   100.250000       246716528.    
   100.500000       251102240.    
   100.750000       255531664.    
   101.000000       260003760.    
   101.250000       264517392.    
   101.500000       269071456.    
   101.750000       273664832.    
   102.000000       278296416.    
   102.250000       282965088.    
   102.500000       287669664.    
   102.750000       292409024.    
   103.000000       297181888.    
   103.250000       301987168.    
   103.500000       306823456.    
   103.750000       311689600.    
   104.000000       316584128.    
   104.250000       321505856.    
   104.500000       326453408.    
   104.750000       331425408.    

