#TitleText:Ni(001)-(5x5)-Li     Beam (1/5,0)              Rfac10=       0.0678
 #"IV theory
   21.2500000       3074.76782    
   21.5000000       3209.18506    
   21.7500000       3343.38232    
   22.0000000       3476.71436    
   22.2500000       3608.55591    
   22.5000000       3738.34644    
   22.7500000       3865.54321    
   23.0000000       3989.60498    
   23.2500000       4110.02246    
   23.5000000       4226.42188    
   23.7500000       4338.46582    
   24.0000000       4445.81396    
   24.2500000       4548.14600    
   24.5000000       4645.20654    
   24.7500000       4736.75977    
   25.0000000       4822.56641    
   25.2500000       4902.39209    
   25.5000000       4975.99756    
   25.7500000       5043.14697    
   26.0000000       5103.60303    
   26.2500000       5157.14551    
   26.5000000       5203.62598    
   26.7500000       5242.91309    
   27.0000000       5274.87451    
   27.2500000       5299.41357    
   27.5000000       5316.57568    
   27.7500000       5326.43945    
   28.0000000       5329.08496    
   28.2500000       5324.60791    
   28.5000000       5313.17676    
   28.7500000       5294.97656    
   29.0000000       5270.19092    
   29.2500000       5239.00537    
   29.5000000       5201.60596    
   29.7500000       5158.17578    
   30.0000000       5108.90088    
   30.2500000       5053.97314    
   30.5000000       4993.60938    
   30.7500000       4928.03271    
   31.0000000       4857.46924    
   31.2500000       4782.15527    
   31.5000000       4702.37891    
   31.7500000       4618.44434    
   32.0000000       4530.65430    
   32.2500000       4439.31641    
   32.5000000       4344.76611    
   32.7500000       4247.34521    
   33.0000000       4147.39600    
   33.2500000       4045.25903    
   33.5000000       3941.27612    
   33.7500000       3835.78906    
   34.0000000       3729.13940    
   34.2500000       3621.66113    
   34.5000000       3513.65698    
   34.7500000       3405.42065    
   35.0000000       3297.24707    
   35.2500000       3189.41504    
   35.5000000       3082.14160    
   35.7500000       2975.62573    
   36.0000000       2870.06812    
   36.2500000       2765.66235    
   36.5000000       2662.56812    
   36.7500000       2560.94019    
   37.0000000       2460.93140    
   37.2500000       2362.69531    
   37.5000000       2266.38428    
   37.7500000       2172.15283    
   38.0000000       2080.15381    
   38.2500000       1990.53284    
   38.5000000       1903.40393    
   38.7500000       1818.87329    
   39.0000000       1737.04712    
   39.2500000       1658.01611    
   39.5000000       1581.80786    
   39.7500000       1508.43420    
   40.0000000       1437.90735    
   40.2500000       1370.23132    
   40.5000000       1305.37891    
   40.7500000       1243.31494    
   41.0000000       1184.00427    
   41.2500000       1127.41174    
   41.5000000       1073.50220    
   41.7500000       1022.24078    
   42.0000000       973.591858    
   42.2500000       927.518616    
   42.5000000       883.975403    
   42.7500000       842.914734    
   43.0000000       804.289062    
   43.2500000       768.046692    
   43.5000000       734.119202    
   43.7500000       702.434265    

