#TitleText:Ni(001)-(5x5)-Li     Beam (2/5,0)              Rfac10=       0.8672
 #"IV theory
   21.2500000       568.896729    
   21.5000000       567.580505    
   21.7500000       568.257324    
   22.0000000       570.803284    
   22.2500000       575.097900    
   22.5000000       581.033691    
   22.7500000       588.506714    
   23.0000000       597.412720    
   23.2500000       607.654297    
   23.5000000       619.160583    
   23.7500000       631.867188    
   24.0000000       645.710083    
   24.2500000       660.628296    
   24.5000000       676.574219    
   24.7500000       693.503357    
   25.0000000       711.371521    
   25.2500000       730.134216    
   25.5000000       749.747375    
   25.7500000       770.166321    
   26.0000000       791.347046    
   26.2500000       813.245667    
   26.5000000       835.821350    
   26.7500000       859.033813    
   27.0000000       882.842834    
   27.2500000       907.209412    
   27.5000000       932.100220    
   27.7500000       957.483093    
   28.0000000       983.325989    
   28.2500000       1009.59747    
   28.5000000       1036.26880    
   28.7500000       1063.31213    
   29.0000000       1090.69910    
   29.2500000       1118.40210    
   29.5000000       1146.39294    
   29.7500000       1174.64355    
   30.0000000       1203.12610    
   30.2500000       1231.81189    
   30.5000000       1260.67017    
   30.7500000       1289.67004    
   31.0000000       1318.78003    
   31.2500000       1347.96826    
   31.5000000       1377.19788    
   31.7500000       1406.43152    
   32.0000000       1435.63171    
   32.2500000       1464.76038    
   32.5000000       1493.77710    
   32.7500000       1522.64160    
   33.0000000       1551.31299    
   33.2500000       1579.75037    
   33.5000000       1607.91357    
   33.7500000       1635.76111    
   34.0000000       1663.25293    
   34.2500000       1690.34790    
   34.5000000       1717.00378    
   34.7500000       1743.17822    
   35.0000000       1768.82886    
   35.2500000       1793.91284    
   35.5000000       1818.38477    
   35.7500000       1842.19897    
   36.0000000       1865.30957    
   36.2500000       1887.67078    
   36.5000000       1909.23499    
   36.7500000       1929.95520    
   37.0000000       1949.78357    
   37.2500000       1968.67285    
   37.5000000       1986.57532    
   37.7500000       2003.44397    
   38.0000000       2019.23108    
   38.2500000       2033.89062    
   38.5000000       2047.38367    
   38.7500000       2059.67285    
   39.0000000       2070.72095    
   39.2500000       2080.49390    
   39.5000000       2088.97070    
   39.7500000       2096.13477    
   40.0000000       2101.96875    
   40.2500000       2106.45679    
   40.5000000       2109.59009    
   40.7500000       2111.36157    
   41.0000000       2111.76440    
   41.2500000       2110.79102    
   41.5000000       2108.43457    
   41.7500000       2104.68774    
   42.0000000       2099.54346    
   42.2500000       2092.99683    
   42.5000000       2085.05103    
   42.7500000       2075.71191    
   43.0000000       2064.98389    
   43.2500000       2052.87744    
   43.5000000       2039.41895    
   43.7500000       2024.63843    
   44.0000000       2008.56702    
   44.2500000       1991.23706    
   44.5000000       1972.68982    
   44.7500000       1952.96814    
   45.0000000       1932.11523    
   45.2500000       1910.17456    
   45.5000000       1887.18896    
   45.7500000       1863.20166    
   46.0000000       1838.25586    
   46.2500000       1812.39526    
   46.5000000       1785.66626    
   46.7500000       1758.11597    
   47.0000000       1729.79187    
   47.2500000       1700.74219    
   47.5000000       1671.02063    
   47.7500000       1640.68225    
   48.0000000       1609.78223    
   48.2500000       1578.37610    
   48.5000000       1546.52258    
   48.7500000       1514.28076    
   49.0000000       1481.70935    
   49.2500000       1448.86768    
   49.5000000       1415.81445    
   49.7500000       1382.60938    
   50.0000000       1349.31116    
   50.2500000       1315.97803    
   50.5000000       1282.66418    
   50.7500000       1249.42358    
   51.0000000       1216.30969    
   51.2500000       1183.37439    
   51.5000000       1150.66211    
   51.7500000       1118.21570    
   52.0000000       1086.07764    
   52.2500000       1054.28979    
   52.5000000       1022.89056    
   52.7500000       991.916870    
   53.0000000       961.406067    
   53.2500000       931.395386    
   53.5000000       901.922119    
   53.7500000       873.023438    
   54.0000000       844.736572    
   54.2500000       817.097229    
   54.5000000       790.134827    
   54.7500000       763.877197    
   55.0000000       738.352173    
   55.2500000       713.584656    
   55.5000000       689.586548    
   55.7500000       666.367065    
   56.0000000       643.935120    
   56.2500000       622.298340    
   56.5000000       601.457886    
   56.7500000       581.413391    
   57.0000000       562.164551    
   57.2500000       543.711060    
   57.5000000       526.052429    
   57.7500000       509.188507    
   58.0000000       493.118866    
   58.2500000       477.842163    
   58.5000000       463.353516    
   58.7500000       449.647125    
   59.0000000       436.717072    
   59.2500000       424.555634    
   59.5000000       413.147766    
   59.7500000       402.476685    
   60.0000000       392.525391    
   60.2500000       383.276123    
   60.5000000       374.707428    
   60.7500000       366.796875    
   61.0000000       359.522034    
   61.2500000       352.860565    
   61.5000000       346.790009    
   61.7500000       341.288025    
   62.0000000       336.332153    
   62.2500000       331.900085    
   62.5000000       327.969482    
   62.7500000       324.518066    
   63.0000000       321.523621    
   63.2500000       318.963806    
   63.5000000       316.816650    
   63.7500000       315.060089    
   64.0000000       313.672180    
   64.2500000       312.630798    
   64.5000000       311.914185    
   64.7500000       311.500305    
   65.0000000       311.367340    
   65.2500000       311.493378    
   65.5000000       311.856506    
   65.7500000       312.434906    
   66.0000000       313.206635    
   66.2500000       314.150269    
   66.5000000       315.246613    
   66.7500000       316.476837    
   67.0000000       317.822174    
   67.2500000       319.264923    
   67.5000000       320.791534    
   67.7500000       322.389404    
   68.0000000       324.046051    
   68.2500000       325.749512    
   68.5000000       327.489777    
   68.7500000       329.257477    
   69.0000000       331.043243    
   69.2500000       332.837646    
   69.5000000       334.631226    
   69.7500000       336.414673    
   70.0000000       338.178497    
   70.2500000       339.913879    
   70.5000000       341.613892    
   70.7500000       343.272217    
   71.0000000       344.882446    
   71.2500000       346.439240    
   71.5000000       347.941345    
   71.7500000       349.388397    
   72.0000000       350.780151    
   72.2500000       352.116821    
   72.5000000       353.400696    
   72.7500000       354.634460    
   73.0000000       355.820953    
   73.2500000       356.962799    
   73.5000000       358.062927    
   73.7500000       359.123932    
   74.0000000       360.148682    
   74.2500000       361.139984    
   74.5000000       362.101074    
   74.7500000       363.035248    
   75.0000000       363.945862    
   75.2500000       364.836487    
   75.5000000       365.711304    
   75.7500000       366.574799    
   76.0000000       367.431580    
   76.2500000       368.286072    
   76.5000000       369.143280    
   76.7500000       370.008301    
   77.0000000       370.886139    
   77.2500000       371.781830    
   77.5000000       372.700409    
   77.7500000       373.646973    
   78.0000000       374.626526    
   78.2500000       375.644012    
   78.5000000       376.703949    
   78.7500000       377.810699    
   79.0000000       378.968536    
   79.2500000       380.181763    
   79.5000000       381.453461    
   79.7500000       382.786743    
   80.0000000       384.184570    
   80.2500000       385.649841    
   80.5000000       387.185028    
   80.7500000       388.792389    
   81.0000000       390.474304    
   81.2500000       392.233063    
   81.5000000       394.071106    
   81.7500000       395.990601    
   82.0000000       397.993988    
   82.2500000       400.083435    
   82.5000000       402.260773    
   82.7500000       404.527588    
   83.0000000       406.885620    
   83.2500000       409.336304    
   83.5000000       411.880249    
   83.7500000       414.517792    
   84.0000000       417.249298    
   84.2500000       420.074982    
   84.5000000       422.994690    
   84.7500000       426.008118    
   85.0000000       429.114990    
   85.2500000       432.315002    
   85.5000000       435.607849    
   85.7500000       438.993256    
   86.0000000       442.470917    
   86.2500000       446.040527    
   86.5000000       449.701965    
   86.7500000       453.454926    
   87.0000000       457.299286    
   87.2500000       461.234894    
   87.5000000       465.261658    
   87.7500000       469.379608    
   88.0000000       473.588837    
   88.2500000       477.889252    
   88.5000000       482.281067    
   88.7500000       486.764313    
   89.0000000       491.339203    
   89.2500000       496.005707    
   89.5000000       500.764069    
   89.7500000       505.614319    
   90.0000000       510.556671    
   90.2500000       515.591125    
   90.5000000       520.718262    
   90.7500000       525.938538    
   91.0000000       531.252441    
   91.2500000       536.660583    
   91.5000000       542.164062    
   91.7500000       547.764099    
   92.0000000       553.462036    
   92.2500000       559.259033    
   92.5000000       565.156738    
   92.7500000       571.156799    
   93.0000000       577.260742    
   93.2500000       583.470215    
   93.5000000       589.786865    
   93.7500000       596.212158    
   94.0000000       602.747986    
   94.2500000       609.395813    
   94.5000000       616.157471    
   94.7500000       623.034729    
   95.0000000       630.029358    
   95.2500000       637.143188    
   95.5000000       644.378540    
   95.7500000       651.737305    
   96.0000000       659.221863    
   96.2500000       666.834229    
   96.5000000       674.576782    
   96.7500000       682.451965    
   97.0000000       690.462036    
   97.2500000       698.609314    
   97.5000000       706.896118    
   97.7500000       715.324890    
   98.0000000       723.897949    
   98.2500000       732.617554    
   98.5000000       741.485657    
   98.7500000       750.504211    
   99.0000000       759.675049    
   99.2500000       768.999878    
   99.5000000       778.479858    
   99.7500000       788.116089    
   100.000000       797.909363    
   100.250000       807.860718    
   100.500000       817.970703    
   100.750000       828.239929    
   101.000000       838.668762    
   101.250000       849.257874    
   101.500000       860.007690    
   101.750000       870.918823    
   102.000000       881.991760    
   102.250000       893.226807    
   102.500000       904.623779    
   102.750000       916.182007    
   103.000000       927.901184    
   103.250000       939.780334    
   103.500000       951.817322    
   103.750000       964.009705    
   104.000000       976.354797    
   104.250000       988.849976    
   104.500000       1001.49188    
   104.750000       1014.27686    
   105.000000       1027.20154    
   105.250000       1040.26221    
   105.500000       1053.45544    
   105.750000       1066.77759    
   106.000000       1080.22534    
   106.250000       1093.79456    
   106.500000       1107.48145    
   106.750000       1121.28137    
   107.000000       1135.18994    
   107.250000       1149.20251    
   107.500000       1163.31323    
   107.750000       1177.51611    
   108.000000       1191.80530    
   108.250000       1206.17419    
   108.500000       1220.61621    
   108.750000       1235.12439    
   109.000000       1249.69177    
   109.250000       1264.31152    
   109.500000       1278.97656    
   109.750000       1293.68018    
   110.000000       1308.41528    
   110.250000       1323.17493    
   110.500000       1337.95178    
   110.750000       1352.73779    

