#TitleText:Ni(001)-(5x5)-Li     Beam (4/5,0)              Rfac10=       0.7141
 #"IV theory
   40.2500000       174.969620    
   40.5000000       165.959457    
   40.7500000       157.990616    
   41.0000000       150.992706    
   41.2500000       144.895325    
   41.5000000       139.628128    
   41.7500000       135.120667    
   42.0000000       131.302582    
   42.2500000       128.106155    
   42.5000000       125.474457    
   42.7500000       123.353210    
   43.0000000       121.688187    
   43.2500000       120.430481    
   43.5000000       119.552719    
   43.7500000       119.032944    
   44.0000000       118.849136    
   44.2500000       118.982010    
   44.5000000       119.423004    
   44.7500000       120.166283    
   45.0000000       121.205971    
   45.2500000       122.536224    
   45.5000000       124.151176    
   45.7500000       126.044983    
   46.0000000       128.211777    
   46.2500000       130.646378    
   46.5000000       133.346344    
   46.7500000       136.309875    
   47.0000000       139.535217    
   47.2500000       143.021912    
   47.5000000       146.774994    
   47.7500000       150.800842    
   48.0000000       155.105774    
   48.2500000       159.696915    
   48.5000000       164.583984    
   48.7500000       169.777451    
   49.0000000       175.287735    
   49.2500000       181.125320    
   49.5000000       187.300629    
   49.7500000       193.824097    
   50.0000000       200.706192    
   50.2500000       207.956299    
   50.5000000       215.579468    
   50.7500000       223.579773    
   51.0000000       231.961212    
   51.2500000       240.725677    
   51.5000000       249.866470    
   51.7500000       259.374786    
   52.0000000       269.241821    
   52.2500000       279.457611    
   52.5000000       290.008087    
   52.7500000       300.877930    
   53.0000000       312.051910    
   53.2500000       323.514801    
   53.5000000       335.251343    
   53.7500000       347.246307    
   54.0000000       359.484436    
   54.2500000       371.949799    
   54.5000000       384.623871    
   54.7500000       397.487427    
   55.0000000       410.521271    
   55.2500000       423.704865    
   55.5000000       437.012329    
   55.7500000       450.416534    
   56.0000000       463.890320    
   56.2500000       477.405792    
   56.5000000       490.932526    
   56.7500000       504.439453    
   57.0000000       517.895325    
   57.2500000       531.269043    
   57.5000000       544.529480    
   57.7500000       557.645447    
   58.0000000       570.585999    
   58.2500000       583.320435    
   58.5000000       595.820984    
   58.7500000       608.060608    
   59.0000000       620.012024    
   59.2500000       631.649475    
   59.5000000       642.952332    
   59.7500000       653.901489    
   60.0000000       664.477661    
   60.2500000       674.662415    
   60.5000000       684.439758    
   60.7500000       693.794617    
   61.0000000       702.711548    
   61.2500000       711.175415    
   61.5000000       719.171082    
   61.7500000       726.683167    
   62.0000000       733.696594    
   62.2500000       740.197266    
   62.5000000       746.175781    
   62.7500000       751.623962    
   63.0000000       756.533630    
   63.2500000       760.898987    
   63.5000000       764.723572    
   63.7500000       768.013123    
   64.0000000       770.773621    
   64.2500000       773.012207    
   64.5000000       774.740601    
   64.7500000       775.971680    
   65.0000000       776.718384    
   65.2500000       776.993713    
   65.5000000       776.810364    
   65.7500000       776.181458    
   66.0000000       775.119995    
   66.2500000       773.639282    
   66.5000000       771.754333    
   66.7500000       769.481018    
   67.0000000       766.834961    
   67.2500000       763.832642    
   67.5000000       760.494324    
   67.7500000       756.841125    
   68.0000000       752.894043    
   68.2500000       748.674866    
   68.5000000       744.206787    
   68.7500000       739.513611    
   69.0000000       734.619324    
   69.2500000       729.547729    
   69.5000000       724.322571    
   69.7500000       718.967773    
   70.0000000       713.507080    
   70.2500000       707.964050    
   70.5000000       702.360657    
   70.7500000       696.718750    
   71.0000000       691.059753    
   71.2500000       685.404602    
   71.5000000       679.771484    
   71.7500000       674.177612    
   72.0000000       668.640320    
   72.2500000       663.176514    
   72.5000000       657.801819    
   72.7500000       652.531311    
   73.0000000       647.379944    
   73.2500000       642.363098    
   73.5000000       637.495789    
   73.7500000       632.793213    
   74.0000000       628.270508    
   74.2500000       623.941895    
   74.5000000       619.818787    
   74.7500000       615.911682    
   75.0000000       612.230896    
   75.2500000       608.785461    
   75.5000000       605.578003    
   75.7500000       602.609802    
   76.0000000       599.881958    
   76.2500000       597.394836    
   76.5000000       595.145752    
   76.7500000       593.131104    
   77.0000000       591.347473    
   77.2500000       589.791382    
   77.5000000       588.459290    
   77.7500000       587.347656    
   78.0000000       586.453064    
   78.2500000       585.771545    
   78.5000000       585.297607    
   78.7500000       585.025269    
   79.0000000       584.948730    
   79.2500000       585.061218    
   79.5000000       585.352783    
   79.7500000       585.812622    
   80.0000000       586.429993    
   80.2500000       587.193787    
   80.5000000       588.091248    
   80.7500000       589.109070    
   81.0000000       590.234253    
   81.2500000       591.453552    
   81.5000000       592.753723    
   81.7500000       594.121704    
   82.0000000       595.544312    
   82.2500000       597.008484    
   82.5000000       598.502136    
   82.7500000       600.013245    
   83.0000000       601.529907    
   83.2500000       603.040344    
   83.5000000       604.534790    
   83.7500000       606.003479    
   84.0000000       607.436951    
   84.2500000       608.825684    
   84.5000000       610.161133    
   84.7500000       611.434937    
   85.0000000       612.638672    
   85.2500000       613.763916    
   85.5000000       614.802185    
   85.7500000       615.745178    
   86.0000000       616.584534    
   86.2500000       617.312256    
   86.5000000       617.922852    
   86.7500000       618.411072    
   87.0000000       618.771912    
   87.2500000       619.001343    
   87.5000000       619.099792    
   87.7500000       619.068726    
   88.0000000       618.909668    
   88.2500000       618.624756    
   88.5000000       618.218140    
   88.7500000       617.694763    
   89.0000000       617.059265    
   89.2500000       616.316650    
   89.5000000       615.471558    
   89.7500000       614.528931    
   90.0000000       613.493469    
   90.2500000       612.370667    
   90.5000000       611.167786    
   90.7500000       609.892761    
   91.0000000       608.553589    
   91.2500000       607.159180    
   91.5000000       605.722656    
   91.7500000       604.258240    
   92.0000000       602.779907    
   92.2500000       601.302368    
   92.5000000       599.842407    
   92.7500000       598.417236    
   93.0000000       597.044067    
   93.2500000       595.740234    
   93.5000000       594.522949    
   93.7500000       593.409485    
   94.0000000       592.416931    
   94.2500000       591.562988    
   94.5000000       590.865601    
   94.7500000       590.343140    
   95.0000000       590.014038    
   95.2500000       589.896851    
   95.5000000       590.011902    
   95.7500000       590.379578    
   96.0000000       591.020325    
   96.2500000       591.954956    
   96.5000000       593.204773    
   96.7500000       594.791565    
   97.0000000       596.736755    
   97.2500000       599.061951    
   97.5000000       601.788818    
   97.7500000       604.938843    
   98.0000000       608.533691    
   98.2500000       612.594788    
   98.5000000       617.142517    
   98.7500000       622.197205    
   99.0000000       627.778992    
   99.2500000       633.907837    
   99.5000000       640.601807    
   99.7500000       647.878357    
   100.000000       655.755188    
   100.250000       664.249634    
   100.500000       673.378296    
   100.750000       683.157349    
   101.000000       693.602966    
   101.250000       704.731567    
   101.500000       716.559509    
   101.750000       729.102783    
   102.000000       742.377930    
   102.250000       756.400574    
   102.500000       771.184509    
   102.750000       786.743103    
   103.000000       803.089478    
   103.250000       820.236145    
   103.500000       838.191528    
   103.750000       856.962830    
   104.000000       876.557495    
   104.250000       896.982361    
   104.500000       918.242371    
   104.750000       940.341919    
   105.000000       963.285217    
   105.250000       987.076843    
   105.500000       1011.72125    
   105.750000       1037.22290    
   106.000000       1063.58582    
   106.250000       1090.81421    
   106.500000       1118.90955    
   106.750000       1147.87268    
   107.000000       1177.70459    
   107.250000       1208.40503    
   107.500000       1239.96948    
   107.750000       1272.39172    
   108.000000       1305.66614    
   108.250000       1339.78589    
   108.500000       1374.74280    
   108.750000       1410.52686    
   109.000000       1447.12903    
   109.250000       1484.53979    
   109.500000       1522.75000    
   109.750000       1561.75037    
   110.000000       1601.53125    
   110.250000       1642.08325    
   110.500000       1683.39392    
   110.750000       1725.45129    
   111.000000       1768.24304    
   111.250000       1811.75598    
   111.500000       1855.97266    
   111.750000       1900.87488    
   112.000000       1946.44434    
   112.250000       1992.66248    
   112.500000       2039.50818    
   112.750000       2086.96069    
   113.000000       2134.99878    
   113.250000       2183.60132    
   113.500000       2232.74634    
   113.750000       2282.41333    
   114.000000       2332.58130    
   114.250000       2383.22778    
   114.500000       2434.33179    
   114.750000       2485.87036    
   115.000000       2537.82104    
   115.250000       2590.16113    
   115.500000       2642.86621    
   115.750000       2695.91113    
   116.000000       2749.27173    
   116.250000       2802.92285    
   116.500000       2856.83838    
   116.750000       2910.99268    
   117.000000       2965.35962    
   117.250000       3019.91357    
   117.500000       3074.62793    
   117.750000       3129.47754    
   118.000000       3184.43530    
   118.250000       3239.47632    
   118.500000       3294.57446    
   118.750000       3349.70288    
   119.000000       3404.83643    
   119.250000       3459.94922    
   119.500000       3515.01538    
   119.750000       3570.00903    
   120.000000       3624.90332    
   120.250000       3679.67334    
   120.500000       3734.29321    
   120.750000       3788.73730    
   121.000000       3842.97925    
   121.250000       3896.99341    
   121.500000       3950.75391    
   121.750000       4004.23535    
   122.000000       4057.41162    
   122.250000       4110.25684    
   122.500000       4162.74561    
   122.750000       4214.85303    
   123.000000       4266.55420    
   123.250000       4317.82422    
   123.500000       4368.63867    
   123.750000       4418.97363    
   124.000000       4468.80615    
   124.250000       4518.11182    
   124.500000       4566.86768    
   124.750000       4615.05127    
   125.000000       4662.63818    
   125.250000       4709.60596    
   125.500000       4755.93115    
   125.750000       4801.59180    
   126.000000       4846.56348    
   126.250000       4890.82422    
   126.500000       4934.35352    
   126.750000       4977.13037    
   127.000000       5019.13379    
   127.250000       5060.34473    
   127.500000       5100.74658    
   127.750000       5140.32373    
   128.000000       5179.06006    
   128.250000       5216.94238    
   128.500000       5253.95605    
   128.750000       5290.08789    
   129.000000       5325.32568    
   129.250000       5359.65576    
   129.500000       5393.06592    
   129.750000       5425.54395    
   130.000000       5457.07520    
   130.250000       5487.64795    
   130.500000       5517.25000    
   130.750000       5545.87305    
   131.000000       5573.50293    
   131.250000       5600.13086    
   131.500000       5625.74756    
   131.750000       5650.34912    
   132.000000       5673.92578    
   132.250000       5696.47168    
   132.500000       5717.98047    
   132.750000       5738.44873    
   133.000000       5757.87012    
   133.250000       5776.23926    
   133.500000       5793.55225    
   133.750000       5809.80371    
   134.000000       5824.98682    
   134.250000       5839.09863    
   134.500000       5852.13379    
   134.750000       5864.09033    
   135.000000       5874.96240    
   135.250000       5884.75000    
   135.500000       5893.44971    
   135.750000       5901.06152    
   136.000000       5907.58594    
   136.250000       5913.02197    
   136.500000       5917.37012    
   136.750000       5920.63232    
   137.000000       5922.80859    
   137.250000       5923.90088    
   137.500000       5923.90918    
   137.750000       5922.83643    
   138.000000       5920.68213    
   138.250000       5917.44824    
   138.500000       5913.13721    
   138.750000       5907.75244    
   139.000000       5901.29688    
   139.250000       5893.77393    
   139.500000       5885.18994    
   139.750000       5875.55176    
   140.000000       5864.86572    
   140.250000       5853.14160    
   140.500000       5840.38525    
   140.750000       5826.60547    

