Ni(001)-(5x5)-Li bulk a=3.52A, model 31, 3 composite layers                     

 1ST PASS TLEED...REFERENCE STRUCTURE CALCULATION 

          COORDINATES AFTER SORTING
             X              Y              Z
       -2.0883000      0.0000000      0.0000000
       -1.7953000     -2.5788000     -2.5788000
       -1.7953000     -2.5788000      2.5788000
       -1.7953000      2.5788000     -2.5788000
       -1.7953000      2.5788000      2.5788000
       -1.7920001     -5.1322994      0.0000000
       -1.7920001      5.1322994      0.0000000
       -1.7920001      0.0000000     -5.1322994
       -1.7920001      0.0000000      5.1322994
       -0.3910000      6.2249999     -1.2249000
       -0.3910000      6.2249999      1.2249000
       -0.3910000     -1.2249000      6.2249999
       -0.3910000      1.2249000      6.2249999
       -0.2518000      6.2249999     -3.9031999
       -0.2518000      6.2249999      3.9031999
       -0.2518000     -3.9031999      6.2249999
       -0.2518000      3.9031999      6.2249999
       -0.0428000     -1.5781000     -1.5781000
       -0.0428000     -1.5781000      1.5781000
       -0.0428000      1.5781000     -1.5781000
       -0.0428000      1.5781000      1.5781000
        0.0638000     -3.8899000     -1.1097000
        0.0638000     -3.8899000      1.1097000
        0.0638000      3.8899000     -1.1097000
        0.0638000      3.8899000      1.1097000
        0.0638000     -1.1097000     -3.8899000
        0.0638000     -1.1097000      3.8899000
        0.0638000      1.1097000     -3.8899000
        0.0638000      1.1097000      3.8899000
        0.0761000     -4.1135001     -4.1135001
        0.0761000     -4.1135001      4.1135001
        0.0761000      4.1135001     -4.1135001
        0.0761000      4.1135001      4.1135001
        1.7023000     -5.1863999     -2.4558001
        1.7023000     -5.1863999      2.4558001
        1.7023000      5.1863999     -2.4558001
        1.7023000      5.1863999      2.4558001
        1.7023000     -2.4558001     -5.1863999
        1.7023000     -2.4558001      5.1863999
        1.7023000      2.4558001     -5.1863999
        1.7023000      2.4558001      5.1863999
        1.7420000     -4.6037998      0.0000000
        1.7420000      4.6037998      0.0000000
        1.7420000      0.0000000     -4.6037998
        1.7420000      0.0000000      4.6037998
        1.7680000     -4.9082999     -4.9082999
        1.7680000     -4.9082999      4.9082999
        1.7680000      4.9082999     -4.9082999
        1.7680000      4.9082999      4.9082999
        1.7731000     -3.0102999     -3.0102999
        1.7731000     -3.0102999      3.0102999
        1.7731000      3.0102999     -3.0102999
        1.7731000      3.0102999      3.0102999
        1.8298000     -2.5936999      0.0000000
        1.8298000      2.5936999      0.0000000
        1.8298000      0.0000000     -2.5936999
        1.8298000      0.0000000      2.5936999
        1.8411000      0.0000000      0.0000000

          COORDINATES AFTER SORTING
             X              Y              Z
       -2.0883000      0.0000000      0.0000000
       -1.7953000     -2.5788000     -2.5788000
       -1.7953000     -2.5788000      2.5788000
       -1.7953000      2.5788000     -2.5788000
       -1.7953000      2.5788000      2.5788000
       -1.7920001     -5.1322994      0.0000000
       -1.7920001      5.1322994      0.0000000
       -1.7920001      0.0000000     -5.1322994
       -1.7920001      0.0000000      5.1322994
       -0.3910000      6.2249999     -1.2249000
       -0.3910000      6.2249999      1.2249000
       -0.3910000     -1.2249000      6.2249999
       -0.3910000      1.2249000      6.2249999
       -0.2518000      6.2249999     -3.9031999
       -0.2518000      6.2249999      3.9031999
       -0.2518000     -3.9031999      6.2249999
       -0.2518000      3.9031999      6.2249999
       -0.0428000     -1.5781000     -1.5781000
       -0.0428000     -1.5781000      1.5781000
       -0.0428000      1.5781000     -1.5781000
       -0.0428000      1.5781000      1.5781000
        0.0638000     -3.8899000     -1.1097000
        0.0638000     -3.8899000      1.1097000
        0.0638000      3.8899000     -1.1097000
        0.0638000      3.8899000      1.1097000
        0.0638000     -1.1097000     -3.8899000
        0.0638000     -1.1097000      3.8899000
        0.0638000      1.1097000     -3.8899000
        0.0638000      1.1097000      3.8899000
        0.0761000     -4.1135001     -4.1135001
        0.0761000     -4.1135001      4.1135001
        0.0761000      4.1135001     -4.1135001
        0.0761000      4.1135001      4.1135001
        1.7023000     -5.1863999     -2.4558001
        1.7023000     -5.1863999      2.4558001
        1.7023000      5.1863999     -2.4558001
        1.7023000      5.1863999      2.4558001
        1.7023000     -2.4558001     -5.1863999
        1.7023000     -2.4558001      5.1863999
        1.7023000      2.4558001     -5.1863999
        1.7023000      2.4558001      5.1863999
        1.7420000     -4.6037998      0.0000000
        1.7420000      4.6037998      0.0000000
        1.7420000      0.0000000     -4.6037998
        1.7420000      0.0000000      4.6037998
        1.7680000     -4.9082999     -4.9082999
        1.7680000     -4.9082999      4.9082999
        1.7680000      4.9082999     -4.9082999
        1.7680000      4.9082999      4.9082999
        1.7731000     -3.0102999     -3.0102999
        1.7731000     -3.0102999      3.0102999
        1.7731000      3.0102999     -3.0102999
        1.7731000      3.0102999      3.0102999
        1.8298000     -2.5936999      0.0000000
        1.8298000      2.5936999      0.0000000
        1.8298000      0.0000000     -2.5936999
        1.8298000      0.0000000      2.5936999
        1.8411000      0.0000000      0.0000000


 STARTING LOOP OVER ENERGIES 


====================================================

  CALCULATING FOR E=    15.0000000    

====================================================

  CALCULATING FOR E=    19.0000000    

====================================================

  CALCULATING FOR E=    23.0000000    

====================================================

  CALCULATING FOR E=    27.0000000    

====================================================

  CALCULATING FOR E=    31.0000000    

====================================================

  CALCULATING FOR E=    35.0000000    

====================================================

  CALCULATING FOR E=    39.0000000    

====================================================

  CALCULATING FOR E=    43.0000000    

====================================================

  CALCULATING FOR E=    47.0000000    

====================================================

  CALCULATING FOR E=    51.0000000    

====================================================

  CALCULATING FOR E=    55.0000000    

====================================================

  CALCULATING FOR E=    59.0000000    

====================================================

  CALCULATING FOR E=    63.0000000    

====================================================

  CALCULATING FOR E=    67.0000000    

====================================================

  CALCULATING FOR E=    71.0000000    

====================================================

  CALCULATING FOR E=    75.0000000    

====================================================

  CALCULATING FOR E=    79.0000000    

====================================================

  CALCULATING FOR E=    83.0000000    

====================================================

  CALCULATING FOR E=    87.0000000    

====================================================

  CALCULATING FOR E=    91.0000000    

====================================================

  CALCULATING FOR E=    95.0000000    

====================================================

  CALCULATING FOR E=    99.0000000    

====================================================

  CALCULATING FOR E=    103.000000    

====================================================

  CALCULATING FOR E=    107.000000    

====================================================

  CALCULATING FOR E=    111.000000    

====================================================

  CALCULATING FOR E=    115.000000    

====================================================

  CALCULATING FOR E=    119.000000    

====================================================

  CALCULATING FOR E=    123.000000    

====================================================

  CALCULATING FOR E=    127.000000    

====================================================

  CALCULATING FOR E=    131.000000    

====================================================

  CALCULATING FOR E=    135.000000    

====================================================

  CALCULATING FOR E=    139.000000    

====================================================

  CALCULATING FOR E=    143.000000    

====================================================

  CALCULATING FOR E=    147.000000    

====================================================

  CALCULATING FOR E=    151.000000    

====================================================

  CALCULATING FOR E=    155.000000    

====================================================

  CALCULATING FOR E=    159.000000    

====================================================

  CALCULATING FOR E=    163.000000    

====================================================

  CALCULATING FOR E=    167.000000    

====================================================

  CALCULATING FOR E=    171.000000    

====================================================

  CALCULATING FOR E=    175.000000    

====================================================

  CALCULATING FOR E=    179.000000    

====================================================

  CALCULATING FOR E=    183.000000    

====================================================

  CALCULATING FOR E=    187.000000    

====================================================

  CALCULATING FOR E=    191.000000    

====================================================

  CALCULATING FOR E=    195.000000    

====================================================

  CALCULATING FOR E=    199.000000    

====================================================

  CALCULATING FOR E=    203.000000    

====================================================

 CORRECT TERMINATION
Ni(001)-(5x5)-Li                                                                
  EXP. ENERGIES AND INTENSITIES
  46.00   0.1692E+04     47.00   0.2222E+04     48.00   0.2858E+04     49.00   0.2928E+04     50.00   0.2765E+04
  51.00   0.2499E+04     52.00   0.2071E+04     53.00   0.1695E+04     54.00   0.1332E+04     55.00   0.1103E+04
  56.00   0.8751E+03     57.00   0.7161E+03     58.00   0.5120E+03     59.00   0.4447E+03     60.00   0.5456E+03
  61.00   0.8615E+03     62.00   0.1481E+04     63.00   0.2230E+04     64.00   0.3264E+04     65.00   0.4116E+04
  66.00   0.5058E+04     67.00   0.5789E+04     68.00   0.6369E+04     69.00   0.6670E+04     70.00   0.6599E+04
  71.00   0.6345E+04     72.00   0.6030E+04     73.00   0.5983E+04     74.00   0.6314E+04     75.00   0.6825E+04
  76.00   0.7608E+04     77.00   0.8309E+04     78.00   0.8882E+04     79.00   0.9280E+04     80.00   0.9251E+04
  81.00   0.8907E+04     82.00   0.8245E+04     83.00   0.6874E+04     84.00   0.5247E+04     85.00   0.3357E+04
  86.00   0.2130E+04     87.00   0.1081E+04     88.00   0.5843E+03     89.00   0.4305E+03     90.00   0.5522E+03
  91.00   0.8164E+03     92.00   0.1112E+04     93.00   0.1484E+04     94.00   0.1820E+04     95.00   0.2137E+04
  96.00   0.2290E+04     97.00   0.2237E+04     98.00   0.2126E+04     99.00   0.2012E+04    100.00   0.1927E+04
 101.00   0.1929E+04    102.00   0.1924E+04    103.00   0.1877E+04    104.00   0.1801E+04    105.00   0.1681E+04
 106.00   0.1579E+04    107.00   0.1453E+04    108.00   0.1374E+04    109.00   0.1340E+04    110.00   0.1388E+04
 111.00   0.1528E+04    112.00   0.1653E+04    113.00   0.1772E+04    114.00   0.1835E+04    115.00   0.1814E+04
 116.00   0.1734E+04    117.00   0.1576E+04    118.00   0.1442E+04    119.00   0.1260E+04    120.00   0.1135E+04
 121.00   0.1042E+04    122.00   0.9778E+03    123.00   0.1039E+04    124.00   0.1144E+04    125.00   0.1376E+04
 126.00   0.1732E+04    127.00   0.2174E+04    128.00   0.2789E+04    129.00   0.3398E+04    130.00   0.4246E+04
 131.00   0.5142E+04    132.00   0.6462E+04    133.00   0.7470E+04    134.00   0.8561E+04    135.00   0.9597E+04
 136.00   0.1058E+05    137.00   0.1136E+05    138.00   0.1220E+05    139.00   0.1291E+05    140.00   0.1361E+05
 141.00   0.1432E+05    142.00   0.1514E+05    143.00   0.1495E+05    144.00   0.1625E+05    145.00   0.1777E+05
 146.00   0.1959E+05    147.00   0.2041E+05    148.00   0.2323E+05    149.00   0.2424E+05    150.00   0.2494E+05
 151.00   0.2548E+05    152.00   0.2577E+05    153.00   0.2646E+05    154.00   0.2739E+05    155.00   0.2757E+05
 156.00   0.2742E+05    157.00   0.2740E+05    158.00   0.2791E+05    159.00   0.2786E+05    160.00   0.2688E+05
 161.00   0.2626E+05    162.00   0.2495E+05    163.00   0.2372E+05    164.00   0.2164E+05    165.00   0.2033E+05
 166.00   0.1942E+05    167.00   0.1760E+05    168.00   0.1582E+05    169.00   0.1396E+05    170.00   0.1229E+05
 171.00   0.1099E+05    172.00   0.1001E+05    173.00   0.8913E+04    174.00   0.8142E+04    175.00   0.7429E+04
 176.00   0.7254E+04    177.00   0.6952E+04    178.00   0.6544E+04    179.00   0.6336E+04    180.00   0.6096E+04
 181.00   0.5631E+04    182.00   0.5212E+04    183.00   0.4668E+04    184.00   0.4188E+04    185.00   0.3521E+04
 186.00   0.3188E+04    187.00   0.2907E+04    188.00   0.2586E+04    189.00   0.2400E+04    190.00   0.2154E+04
 191.00   0.1966E+04    192.00   0.1818E+04    193.00   0.1678E+04    194.00   0.1598E+04    195.00   0.1580E+04
 196.00   0.1630E+04    197.00   0.1658E+04    198.00   0.1765E+04    199.00   0.1883E+04    200.00   0.2013E+04

  EXP. ENERGIES AND INTENSITIES
  86.00   0.4259E+03     87.00   0.4853E+03     88.00   0.5629E+03     89.00   0.6644E+03     90.00   0.7554E+03
  91.00   0.7899E+03     92.00   0.7922E+03     93.00   0.7515E+03     94.00   0.7084E+03     95.00   0.6288E+03
  96.00   0.5697E+03     97.00   0.5118E+03     98.00   0.4739E+03     99.00   0.4624E+03    100.00   0.4237E+03
 101.00   0.3819E+03    102.00   0.3086E+03    103.00   0.2007E+03    104.00   0.1271E+03    105.00   0.3360E+02
 106.00   0.1750E+02    107.00   0.4760E+02    108.00   0.1263E+03    109.00   0.2856E+03    110.00   0.4517E+03
 111.00   0.7759E+03    112.00   0.1056E+04    113.00   0.1412E+04    114.00   0.1771E+04    115.00   0.2213E+04
 116.00   0.2668E+04    117.00   0.3178E+04    118.00   0.3682E+04    119.00   0.4226E+04    120.00   0.4722E+04
 121.00   0.5087E+04    122.00   0.5282E+04    123.00   0.5229E+04    124.00   0.5026E+04    125.00   0.4766E+04
 126.00   0.4414E+04    127.00   0.4082E+04    128.00   0.3753E+04    129.00   0.3450E+04    130.00   0.3139E+04
 131.00   0.2929E+04    132.00   0.2854E+04    133.00   0.2881E+04    134.00   0.3020E+04    135.00   0.3272E+04
 136.00   0.3493E+04    137.00   0.3591E+04    138.00   0.3678E+04    139.00   0.3730E+04    140.00   0.3775E+04
 141.00   0.3846E+04    142.00   0.3895E+04    143.00   0.3577E+04    144.00   0.3554E+04    145.00   0.3493E+04
 146.00   0.3382E+04    147.00   0.3006E+04    148.00   0.3137E+04    149.00   0.2978E+04    150.00   0.2783E+04
 151.00   0.2613E+04    152.00   0.2482E+04    153.00   0.2394E+04    154.00   0.2322E+04    155.00   0.2244E+04
 156.00   0.2113E+04    157.00   0.1992E+04    158.00   0.1930E+04    159.00   0.1804E+04    160.00   0.1617E+04
 161.00   0.1460E+04    162.00   0.1279E+04    163.00   0.1148E+04    164.00   0.1031E+04    165.00   0.9864E+03
 166.00   0.9468E+03    167.00   0.9016E+03    168.00   0.8822E+03    169.00   0.8655E+03    170.00   0.8254E+03
 171.00   0.8280E+03    172.00   0.8473E+03    173.00   0.8489E+03    174.00   0.9470E+03    175.00   0.1047E+04
 176.00   0.1242E+04    177.00   0.1496E+04    178.00   0.1725E+04    179.00   0.2121E+04    180.00   0.2484E+04
 181.00   0.2966E+04    182.00   0.3399E+04    183.00   0.4021E+04    184.00   0.4529E+04    185.00   0.5443E+04
 186.00   0.6649E+04    187.00   0.8432E+04    188.00   0.1017E+05    189.00   0.1279E+05    190.00   0.1554E+05
 191.00   0.1862E+05    192.00   0.2151E+05    193.00   0.2446E+05    194.00   0.2740E+05    195.00   0.3006E+05
 196.00   0.3159E+05    197.00   0.3182E+05    198.00   0.3206E+05    199.00   0.3130E+05    200.00   0.3070E+05

  EXP. ENERGIES AND INTENSITIES
  21.00   0.2009E+03     22.00   0.2023E+03     23.00   0.3345E+03     24.00   0.7376E+03     25.00   0.1758E+04
  26.00   0.3227E+04     27.00   0.4832E+04     28.00   0.5279E+04     29.00   0.4900E+04     30.00   0.4418E+04
  31.00   0.3837E+04     32.00   0.3303E+04     33.00   0.2925E+04     34.00   0.2886E+04     35.00   0.2738E+04
  36.00   0.1875E+04     37.00   0.9513E+03     38.00   0.6161E+03     39.00   0.5409E+03     40.00   0.4879E+03
  41.00   0.4023E+03     42.00   0.2889E+03     43.00   0.1875E+03     44.00   0.1188E+03
  EXP. ENERGIES AND INTENSITIES
  21.00   0.1168E+03     22.00   0.1721E+03     23.00   0.3443E+03     24.00   0.4749E+03     25.00   0.7930E+03
  26.00   0.1239E+04     27.00   0.1527E+04     28.00   0.1683E+04     29.00   0.2102E+04     30.00   0.2294E+04
  31.00   0.1916E+04     32.00   0.1346E+04     33.00   0.8452E+03     34.00   0.7042E+03     35.00   0.6485E+03
  36.00   0.5726E+03     37.00   0.4744E+03     38.00   0.4658E+03     39.00   0.4435E+03     40.00   0.3804E+03
  41.00   0.3252E+03     42.00   0.1993E+03     43.00   0.9770E+02     44.00   0.1770E+02     45.00   0.1230E+02
  46.00   0.7880E+02     47.00   0.1916E+03     48.00   0.4608E+03     49.00   0.6553E+03     50.00   0.8177E+03
  51.00   0.8760E+03     52.00   0.8691E+03     53.00   0.8250E+03     54.00   0.7334E+03     55.00   0.6726E+03
  56.00   0.5991E+03     57.00   0.5633E+03     58.00   0.4861E+03     59.00   0.4270E+03     60.00   0.3485E+03
  61.00   0.2711E+03     62.00   0.2057E+03     63.00   0.1644E+03     64.00   0.1162E+03     65.00   0.1056E+03
  66.00   0.1197E+03     67.00   0.1190E+03     68.00   0.1362E+03     69.00   0.1715E+03     70.00   0.2262E+03
  71.00   0.3032E+03     72.00   0.4769E+03     73.00   0.6422E+03     74.00   0.8282E+03     75.00   0.9661E+03
  76.00   0.1076E+04     77.00   0.1137E+04     78.00   0.1131E+04     79.00   0.9761E+03     80.00   0.8028E+03
  81.00   0.5572E+03     82.00   0.3591E+03     83.00   0.1635E+03     84.00   0.7840E+02     85.00   0.1114E+03
  86.00   0.3043E+03     87.00   0.6969E+03     88.00   0.1162E+04     89.00   0.1754E+04     90.00   0.2363E+04
  91.00   0.2900E+04     92.00   0.3326E+04     93.00   0.3801E+04     94.00   0.4103E+04     95.00   0.4350E+04
  96.00   0.4420E+04     97.00   0.4396E+04     98.00   0.4278E+04     99.00   0.4040E+04    100.00   0.3669E+04
 101.00   0.3306E+04    102.00   0.3029E+04    103.00   0.2722E+04    104.00   0.2465E+04    105.00   0.2167E+04
 106.00   0.1955E+04    107.00   0.1724E+04    108.00   0.1592E+04    109.00   0.1472E+04    110.00   0.1528E+04
 111.00   0.1508E+04
  EXP. ENERGIES AND INTENSITIES
  35.00   0.4661E+03     36.00   0.4096E+03     37.00   0.2754E+03     38.00   0.1610E+03     39.00   0.8850E+02
  40.00   0.3370E+02     41.00   0.2430E+02     42.00   0.6600E+01     43.00   0.1790E+02     44.00   0.2800E+02
  45.00   0.4720E+02     46.00   0.9420E+02     47.00   0.1459E+03     48.00   0.3059E+03     49.00   0.4605E+03
  50.00   0.6793E+03     51.00   0.8576E+03     52.00   0.1016E+04     53.00   0.1147E+04     54.00   0.1252E+04
  55.00   0.1323E+04     56.00   0.1312E+04     57.00   0.1187E+04     58.00   0.9210E+03     59.00   0.6933E+03
  60.00   0.5280E+03     61.00   0.4511E+03     62.00   0.4500E+03     63.00   0.4500E+03     64.00   0.4691E+03
  65.00   0.4678E+03     66.00   0.4651E+03     67.00   0.4310E+03     68.00   0.3760E+03     69.00   0.2719E+03
  70.00   0.1731E+03     71.00   0.9830E+02     72.00   0.5590E+02     73.00   0.2200E+02     74.00   0.2260E+02
  75.00   0.2720E+02     76.00   0.2150E+02     77.00   0.4500E+02     78.00   0.1690E+02     79.00   0.2880E+02
  80.00   0.2980E+02     81.00   0.1810E+02     82.00   0.4220E+02     83.00   0.4690E+02     84.00   0.5490E+02
  85.00   0.5500E+02     86.00   0.1037E+03     87.00   0.1764E+03     88.00   0.2452E+03     89.00   0.3213E+03
  90.00   0.4057E+03     91.00   0.4880E+03     92.00   0.5917E+03     93.00   0.6765E+03     94.00   0.7671E+03
  95.00   0.8689E+03     96.00   0.9325E+03     97.00   0.1014E+04     98.00   0.1035E+04     99.00   0.1038E+04
 100.00   0.1009E+04    101.00   0.9799E+03    102.00   0.9289E+03    103.00   0.8633E+03    104.00   0.8103E+03
 105.00   0.7540E+03    106.00   0.7407E+03    107.00   0.7106E+03    108.00   0.7058E+03    109.00   0.7022E+03
 110.00   0.7085E+03    111.00   0.6480E+03    112.00   0.5947E+03    113.00   0.5094E+03    114.00   0.4430E+03
 115.00   0.3067E+03    116.00   0.2888E+03    117.00   0.1677E+03    118.00   0.2746E+03    119.00   0.1958E+03
 120.00   0.1280E+03    121.00   0.1464E+03    122.00   0.1788E+03    123.00   0.3500E+01    124.00   0.1420E+03
 125.00   0.3029E+03    126.00   0.4399E+03    127.00   0.6498E+03    128.00   0.9814E+03    129.00   0.1250E+04
 130.00   0.1624E+04    131.00   0.1981E+04    132.00   0.2372E+04    133.00   0.2624E+04    134.00   0.2807E+04
 135.00   0.2947E+04    136.00   0.3124E+04    137.00   0.3240E+04    138.00   0.3364E+04    139.00   0.3378E+04
 140.00   0.3369E+04    141.00   0.3365E+04    142.00   0.3209E+04    143.00   0.2448E+04    144.00   0.2422E+04
 145.00   0.2428E+04    146.00   0.2397E+04
  EXP. ENERGIES AND INTENSITIES
  40.00   0.4420E+02     41.00   0.1173E+03     42.00   0.2596E+03     43.00   0.3710E+03     44.00   0.4702E+03
  45.00   0.4581E+03     46.00   0.3717E+03     47.00   0.2785E+03     48.00   0.2334E+03     49.00   0.2657E+03
  50.00   0.4014E+03     51.00   0.6215E+03     52.00   0.1005E+04     53.00   0.1479E+04     54.00   0.2155E+04
  55.00   0.2856E+04     56.00   0.3921E+04     57.00   0.4902E+04     58.00   0.5709E+04     59.00   0.5664E+04
  60.00   0.5065E+04     61.00   0.4223E+04     62.00   0.3291E+04     63.00   0.2518E+04     64.00   0.1760E+04
  65.00   0.1197E+04     66.00   0.7743E+03     67.00   0.4780E+03     68.00   0.2462E+03     69.00   0.1413E+03
  70.00   0.1666E+03     71.00   0.3018E+03     72.00   0.4625E+03     73.00   0.6069E+03     74.00   0.7459E+03
  75.00   0.8229E+03     76.00   0.8897E+03     77.00   0.8665E+03     78.00   0.8550E+03     79.00   0.8450E+03
  80.00   0.8239E+03     81.00   0.8216E+03     82.00   0.8027E+03     83.00   0.7946E+03     84.00   0.7753E+03
  85.00   0.7367E+03     86.00   0.7104E+03     87.00   0.6790E+03     88.00   0.6100E+03     89.00   0.5423E+03
  90.00   0.4790E+03     91.00   0.4432E+03     92.00   0.4461E+03     93.00   0.4775E+03     94.00   0.5184E+03
  95.00   0.5676E+03     96.00   0.5991E+03     97.00   0.6144E+03     98.00   0.5786E+03     99.00   0.4934E+03
 100.00   0.3490E+03    101.00   0.2000E+03    102.00   0.7740E+02    103.00   0.6700E+01    104.00   0.1670E+02
 105.00   0.1920E+02    106.00   0.3980E+02    107.00   0.7540E+02    108.00   0.1039E+03    109.00   0.1728E+03
 110.00   0.2522E+03    111.00   0.4116E+03    112.00   0.5745E+03    113.00   0.7695E+03    114.00   0.9832E+03
 115.00   0.1226E+04    116.00   0.1470E+04    117.00   0.1819E+04    118.00   0.2148E+04    119.00   0.2579E+04
 120.00   0.2915E+04    121.00   0.3245E+04    122.00   0.3663E+04    123.00   0.3874E+04    124.00   0.4035E+04
 125.00   0.4130E+04    126.00   0.4100E+04    127.00   0.3993E+04    128.00   0.3792E+04    129.00   0.3550E+04
 130.00   0.3250E+04    131.00   0.3043E+04    132.00   0.2612E+04    133.00   0.2307E+04    134.00   0.1838E+04
 135.00   0.1734E+04    136.00   0.1323E+04    137.00   0.1113E+04    138.00   0.8328E+03    139.00   0.6672E+03
 140.00   0.4856E+03    141.00   0.1162E+03
  EXP. ENERGIES AND INTENSITIES
  60.00   0.1968E+03     61.00   0.3324E+03     62.00   0.4797E+03     63.00   0.6534E+03     64.00   0.8713E+03
  65.00   0.1041E+04     66.00   0.1243E+04     67.00   0.1425E+04     68.00   0.1617E+04     69.00   0.1860E+04
  70.00   0.2019E+04     71.00   0.2174E+04     72.00   0.2320E+04     73.00   0.2392E+04     74.00   0.2368E+04
  75.00   0.2143E+04     76.00   0.1916E+04     77.00   0.1630E+04     78.00   0.1304E+04     79.00   0.1177E+04
  80.00   0.1106E+04     81.00   0.9734E+03     82.00   0.9103E+03     83.00   0.8940E+03
  EXP. ENERGIES AND INTENSITIES
  40.00   0.9160E+02     41.00   0.7060E+02     42.00   0.5700E+02     43.00   0.5220E+02     44.00   0.4430E+02
  45.00   0.4990E+02     46.00   0.4220E+02     47.00   0.5150E+02     48.00   0.8130E+02     49.00   0.1125E+03
  50.00   0.1396E+03     51.00   0.1683E+03     52.00   0.1869E+03     53.00   0.2053E+03     54.00   0.2001E+03
  55.00   0.2057E+03     56.00   0.2073E+03     57.00   0.2073E+03     58.00   0.2046E+03     59.00   0.1905E+03
  60.00   0.1903E+03     61.00   0.1934E+03     62.00   0.1692E+03     63.00   0.1633E+03     64.00   0.1712E+03
  65.00   0.1596E+03     66.00   0.1629E+03     67.00   0.1550E+03     68.00   0.1413E+03     69.00   0.9780E+02
  70.00   0.9120E+02     71.00   0.6900E+02     72.00   0.6180E+02     73.00   0.4830E+02     74.00   0.1700E+01
  75.00   0.2580E+02     76.00   0.3850E+02     77.00   0.2380E+02     78.00   0.1520E+02     79.00   0.4900E+01
  80.00   0.2180E+02     81.00   0.2070E+02     82.00   0.2160E+02     83.00   0.2860E+02     84.00   0.4330E+02
  85.00   0.4010E+02     86.00   0.3910E+02     87.00   0.3380E+02     88.00   0.9500E+01     89.00   0.2040E+02
  90.00   0.1560E+02     91.00   0.1030E+02     92.00   0.2600E+02     93.00   0.6010E+02     94.00   0.4680E+02
  95.00   0.1333E+03     96.00   0.1862E+03     97.00   0.2533E+03     98.00   0.3072E+03     99.00   0.3221E+03
 100.00   0.3364E+03    101.00   0.2775E+03    102.00   0.3054E+03    103.00   0.2741E+03    104.00   0.2680E+03
 105.00   0.2480E+03    106.00   0.2267E+03    107.00   0.2165E+03    108.00   0.2075E+03
  EXP. ENERGIES AND INTENSITIES
  66.00   0.5120E+02     67.00   0.5330E+02     68.00   0.5420E+02     69.00   0.7290E+02     70.00   0.8440E+02
  71.00   0.8040E+02     72.00   0.8600E+02     73.00   0.7880E+02     74.00   0.9100E+02     75.00   0.8970E+02
  76.00   0.9450E+02     77.00   0.8410E+02     78.00   0.9290E+02     79.00   0.6320E+02     80.00   0.4350E+02
  81.00   0.3400E+02     82.00   0.2210E+02     83.00   0.1250E+02     84.00   0.1050E+02     85.00   0.4900E+01
  86.00   0.9900E+01     87.00   0.8200E+01     88.00   0.1910E+02     89.00   0.1510E+02     90.00   0.2330E+02
  91.00   0.2590E+02     92.00   0.3880E+02     93.00   0.5340E+02     94.00   0.6840E+02     95.00   0.8430E+02
  96.00   0.8990E+02     97.00   0.9630E+02     98.00   0.1182E+03     99.00   0.1032E+03    100.00   0.1106E+03
 101.00   0.1050E+03    102.00   0.9970E+02    103.00   0.1014E+03    104.00   0.1075E+03    105.00   0.1187E+03

  EXP. ENERGIES AND INTENSITIES
  72.00   0.1970E+02     73.00   0.2840E+02     74.00   0.5130E+02     75.00   0.7890E+02     76.00   0.1100E+03
  77.00   0.1193E+03     78.00   0.1198E+03     79.00   0.7560E+02     80.00   0.6290E+02     81.00   0.5310E+02
  82.00   0.7750E+02     83.00   0.1239E+03     84.00   0.2028E+03     85.00   0.3017E+03     86.00   0.3732E+03
  87.00   0.4067E+03     88.00   0.3808E+03     89.00   0.3215E+03     90.00   0.2587E+03     91.00   0.2201E+03
  92.00   0.2056E+03     93.00   0.2003E+03     94.00   0.2003E+03     95.00   0.2077E+03     96.00   0.2162E+03
  97.00   0.2019E+03     98.00   0.1906E+03     99.00   0.1807E+03    100.00   0.1742E+03    101.00   0.1970E+03
 102.00   0.2339E+03    103.00   0.2786E+03    104.00   0.3200E+03    105.00   0.3464E+03    106.00   0.3545E+03
 107.00   0.3394E+03    108.00   0.2929E+03    109.00   0.2510E+03    110.00   0.2177E+03    111.00   0.1390E+03
 112.00   0.1385E+03
  EXP. ENERGIES AND INTENSITIES
  40.00   0.3540E+02     41.00   0.4300E+01     42.00   0.9000E+00     43.00   0.6600E+01     44.00   0.6300E+01
  45.00   0.2800E+01     46.00   0.1170E+02     47.00   0.2130E+02     48.00   0.6250E+02     49.00   0.9370E+02
  50.00   0.1317E+03     51.00   0.1581E+03     52.00   0.1744E+03     53.00   0.1788E+03     54.00   0.1820E+03
  55.00   0.1775E+03     56.00   0.1712E+03     57.00   0.1773E+03     58.00   0.1595E+03     59.00   0.1367E+03
  60.00   0.1145E+03     61.00   0.1034E+03     62.00   0.7760E+02     63.00   0.7780E+02     64.00   0.7260E+02
  65.00   0.7190E+02     66.00   0.7680E+02     67.00   0.7010E+02     68.00   0.7090E+02     69.00   0.5820E+02
  70.00   0.3050E+02     71.00   0.1170E+02     72.00   0.1910E+02     73.00   0.5400E+01     74.00   0.1970E+02
  75.00   0.3530E+02     76.00   0.8100E+02     77.00   0.1267E+03     78.00   0.1678E+03     79.00   0.1975E+03
  80.00   0.1960E+03     81.00   0.1787E+03     82.00   0.1500E+03     83.00   0.1002E+03     84.00   0.9310E+02
  85.00   0.1054E+03     86.00   0.1448E+03     87.00   0.2267E+03     88.00   0.3083E+03     89.00   0.4002E+03
  90.00   0.4852E+03     91.00   0.5690E+03     92.00   0.6352E+03     93.00   0.6744E+03     94.00   0.6938E+03
  95.00   0.6617E+03     96.00   0.5977E+03     97.00   0.5031E+03     98.00   0.4050E+03     99.00   0.3176E+03
 100.00   0.2332E+03    101.00   0.2023E+03    102.00   0.1902E+03    103.00   0.1965E+03    104.00   0.1866E+03
 105.00   0.1807E+03
  EXP. ENERGIES AND INTENSITIES
  40.00   0.2513E+03     41.00   0.2545E+03     42.00   0.2553E+03     43.00   0.2545E+03     44.00   0.2496E+03
  45.00   0.2541E+03     46.00   0.2600E+03     47.00   0.2672E+03     48.00   0.2920E+03     49.00   0.3199E+03
  50.00   0.3549E+03     51.00   0.3981E+03     52.00   0.4561E+03     53.00   0.5080E+03     54.00   0.5438E+03
  55.00   0.5582E+03     56.00   0.5495E+03     57.00   0.5376E+03     58.00   0.5024E+03     59.00   0.4710E+03
  60.00   0.4150E+03     61.00   0.3750E+03     62.00   0.3241E+03     63.00   0.3113E+03     64.00   0.2823E+03
  65.00   0.2666E+03     66.00   0.2609E+03     67.00   0.2341E+03     68.00   0.2547E+03     69.00   0.2623E+03
  70.00   0.2723E+03     71.00   0.2943E+03     72.00   0.3159E+03     73.00   0.3386E+03     74.00   0.3549E+03
  75.00   0.3508E+03     76.00   0.3592E+03     77.00   0.3303E+03     78.00   0.2991E+03     79.00   0.2822E+03
  80.00   0.2609E+03     81.00   0.2504E+03     82.00   0.2430E+03     83.00   0.2404E+03     84.00   0.2418E+03
  85.00   0.2338E+03     86.00   0.2510E+03     87.00   0.2411E+03     88.00   0.2428E+03     89.00   0.2445E+03
  90.00   0.2615E+03     91.00   0.2809E+03     92.00   0.3130E+03     93.00   0.3517E+03     94.00   0.3805E+03
  95.00   0.3813E+03     96.00   0.3769E+03     97.00   0.3642E+03     98.00   0.3212E+03     99.00   0.3314E+03
 100.00   0.3380E+03    101.00   0.2996E+03    102.00   0.2972E+03    103.00   0.2666E+03    104.00   0.2528E+03
 105.00   0.1936E+03    106.00   0.1860E+03    107.00   0.1754E+03    108.00   0.2031E+03    109.00   0.1954E+03
 110.00   0.1822E+03    111.00   0.1874E+03    112.00   0.2336E+03    113.00   0.1914E+03    114.00   0.1416E+03
 115.00   0.1661E+03    116.00   0.1404E+03    117.00   0.1326E+03    118.00   0.1387E+03    119.00   0.2068E+03
 120.00   0.2117E+03    121.00   0.2109E+03    122.00   0.1884E+03    123.00   0.1909E+03    124.00   0.3097E+03
 125.00   0.4168E+03    126.00   0.4421E+03    127.00   0.5180E+03    128.00   0.6036E+03    129.00   0.6996E+03
 130.00   0.7936E+03    131.00   0.8647E+03    132.00   0.9609E+03    133.00   0.9988E+03    134.00   0.9981E+03
 135.00   0.9779E+03    136.00   0.9043E+03    137.00   0.8852E+03    138.00   0.7611E+03    139.00   0.7142E+03
 140.00   0.6595E+03    141.00   0.6164E+03    142.00   0.6000E+03
  EXP. ENERGIES AND INTENSITIES
  40.00   0.2091E+03     41.00   0.1977E+03     42.00   0.1823E+03     43.00   0.1575E+03     44.00   0.1448E+03
  45.00   0.1359E+03     46.00   0.1368E+03     47.00   0.1414E+03     48.00   0.1621E+03     49.00   0.1968E+03
  50.00   0.2503E+03     51.00   0.3049E+03     52.00   0.3928E+03     53.00   0.4813E+03     54.00   0.6007E+03
  55.00   0.6648E+03     56.00   0.7015E+03     57.00   0.6412E+03     58.00   0.5143E+03     59.00   0.4478E+03
  60.00   0.3827E+03     61.00   0.3245E+03     62.00   0.2740E+03     63.00   0.2307E+03     64.00   0.1897E+03
  65.00   0.1654E+03     66.00   0.1304E+03     67.00   0.1282E+03     68.00   0.1156E+03     69.00   0.1214E+03
  70.00   0.1341E+03     71.00   0.1508E+03     72.00   0.1674E+03     73.00   0.1924E+03     74.00   0.2185E+03
  75.00   0.2464E+03     76.00   0.2676E+03     77.00   0.2847E+03     78.00   0.2827E+03     79.00   0.2623E+03
  80.00   0.2429E+03     81.00   0.2257E+03     82.00   0.2129E+03     83.00   0.2138E+03     84.00   0.2257E+03
  85.00   0.2519E+03     86.00   0.2697E+03     87.00   0.3119E+03     88.00   0.3402E+03     89.00   0.3532E+03
  90.00   0.3477E+03     91.00   0.3350E+03     92.00   0.2951E+03     93.00   0.2550E+03     94.00   0.2302E+03
  95.00   0.1953E+03     96.00   0.1607E+03     97.00   0.1441E+03     98.00   0.1310E+03     99.00   0.1151E+03
 100.00   0.1089E+03    101.00   0.1187E+03    102.00   0.1377E+03    103.00   0.1962E+03    104.00   0.2370E+03
 105.00   0.2976E+03    106.00   0.3577E+03    107.00   0.4133E+03    108.00   0.4712E+03    109.00   0.5369E+03
 110.00   0.5962E+03    111.00   0.6930E+03    112.00   0.7671E+03    113.00   0.8456E+03    114.00   0.9112E+03
 115.00   0.9627E+03    116.00   0.9946E+03    117.00   0.1001E+04    118.00   0.1031E+04    119.00   0.1031E+04
 120.00   0.1045E+04    121.00   0.1069E+04    122.00   0.9984E+03    123.00   0.9681E+03    124.00   0.9286E+03
 125.00   0.8952E+03    126.00   0.8221E+03    127.00   0.7521E+03    128.00   0.6399E+03    129.00   0.5729E+03
 130.00   0.4797E+03    131.00   0.4025E+03    132.00   0.3016E+03    133.00   0.2620E+03    134.00   0.1740E+03
 135.00   0.1085E+03    136.00   0.8590E+02    137.00   0.5310E+02    138.00   0.5350E+02    139.00   0.8470E+02
 140.00   0.6700E+02
  EXP. ENERGIES AND INTENSITIES
  54.00   0.2697E+03     55.00   0.3009E+03     56.00   0.3715E+03     57.00   0.4709E+03     58.00   0.6449E+03
  59.00   0.7754E+03     60.00   0.8952E+03     61.00   0.9617E+03     62.00   0.9594E+03     63.00   0.9201E+03
  64.00   0.8624E+03     65.00   0.7896E+03     66.00   0.7096E+03     67.00   0.6384E+03     68.00   0.5551E+03
  69.00   0.4551E+03     70.00   0.3762E+03     71.00   0.3261E+03     72.00   0.2841E+03     73.00   0.2640E+03
  74.00   0.2575E+03     75.00   0.2538E+03     76.00   0.2505E+03     77.00   0.2551E+03     78.00   0.2609E+03
  79.00   0.2596E+03     80.00   0.2666E+03     81.00   0.2666E+03     82.00   0.2568E+03     83.00   0.2663E+03
  84.00   0.2595E+03     85.00   0.2615E+03     86.00   0.2540E+03     87.00   0.2581E+03     88.00   0.2534E+03
  89.00   0.2514E+03     90.00   0.2460E+03     91.00   0.2493E+03     92.00   0.2508E+03     93.00   0.2460E+03
  94.00   0.2420E+03     95.00   0.2379E+03     96.00   0.2359E+03     97.00   0.2344E+03     98.00   0.2432E+03
  99.00   0.2420E+03    100.00   0.2479E+03    101.00   0.2446E+03    102.00   0.2419E+03    103.00   0.2398E+03
 104.00   0.2323E+03    105.00   0.2386E+03    106.00   0.2323E+03    107.00   0.2400E+03    108.00   0.2449E+03
 109.00   0.2630E+03    110.00   0.2898E+03    111.00   0.3464E+03    112.00   0.4150E+03    113.00   0.5003E+03
 114.00   0.5857E+03    115.00   0.6862E+03    116.00   0.7694E+03    117.00   0.8318E+03    118.00   0.9166E+03
 119.00   0.1007E+04    120.00   0.1121E+04    121.00   0.1244E+04    122.00   0.1433E+04    123.00   0.1574E+04
 124.00   0.1725E+04    125.00   0.1897E+04    126.00   0.2094E+04    127.00   0.2234E+04    128.00   0.2363E+04
 129.00   0.2427E+04    130.00   0.2470E+04    131.00   0.2488E+04    132.00   0.2418E+04    133.00   0.2384E+04
 134.00   0.2278E+04    135.00   0.2163E+04    136.00   0.2010E+04    137.00   0.1810E+04    138.00   0.1646E+04
 139.00   0.1463E+04    140.00   0.1241E+04    141.00   0.1076E+04    142.00   0.9269E+03    143.00   0.8445E+03
 144.00   0.5730E+03    145.00   0.5631E+03    146.00   0.4392E+03    147.00   0.2966E+03    148.00   0.2414E+03
 149.00   0.2127E+03    150.00   0.1474E+03    151.00   0.1733E+03    152.00   0.1277E+03    153.00   0.9240E+02

  EXP. ENERGIES AND INTENSITIES
  40.00   0.3151E+04     41.00   0.1415E+04     42.00   0.7075E+03     43.00   0.6670E+03     44.00   0.4895E+03
  45.00   0.7115E+03     46.00   0.8298E+03     47.00   0.5398E+03     48.00   0.7288E+03     49.00   0.3396E+04
  50.00   0.6718E+04     51.00   0.1147E+05     52.00   0.2098E+05     53.00   0.2675E+05     54.00   0.3536E+05
  55.00   0.4109E+05     56.00   0.4524E+05     57.00   0.4418E+05     58.00   0.3961E+05     59.00   0.3003E+05
  60.00   0.2276E+05     61.00   0.1648E+05     62.00   0.1255E+05     63.00   0.6403E+04     64.00   0.4206E+04
  65.00   0.3214E+04     66.00   0.9130E+03     67.00  -0.5030E+03     68.00   0.2792E+04     69.00   0.9295E+03
  70.00   0.2509E+04     71.00   0.1146E+04     72.00   0.6218E+03     73.00   0.1489E+04     74.00   0.2450E+04
  75.00   0.3686E+04     76.00   0.2790E+04     77.00   0.5705E+04     78.00   0.3384E+04     79.00   0.1445E+04

  EXP. ENERGIES AND INTENSITIES
  48.00   0.2302E+04     49.00   0.2420E+04     50.00   0.2453E+04     51.00   0.4125E+04     52.00   0.6887E+04
  53.00   0.1476E+05     54.00   0.2256E+05     55.00   0.2984E+05     56.00   0.3666E+05     57.00   0.4008E+05
  58.00   0.3708E+05     59.00   0.3042E+05     60.00   0.2205E+05     61.00   0.1102E+05     62.00   0.2187E+04
  63.00   0.1726E+04     64.00   0.3262E+04     65.00   0.6349E+04     66.00   0.2177E+05     67.00   0.3136E+05
  68.00   0.4555E+05     69.00   0.5884E+05     70.00   0.6519E+05     71.00   0.6669E+05     72.00   0.6467E+05
  73.00   0.5552E+05     74.00   0.4334E+05     75.00   0.3359E+05     76.00   0.2002E+05     77.00   0.8794E+04
  78.00   0.1354E+04     79.00   0.3632E+04     80.00   0.4604E+04     81.00   0.2522E+04     82.00   0.1821E+04
  83.00   0.3995E+04     84.00   0.1841E+04     85.00   0.2360E+03     86.00   0.1973E+04     87.00   0.1364E+04
  88.00   0.1178E+04     89.00   0.1890E+04     90.00   0.7600E+03     91.00   0.6131E+04     92.00   0.1435E+05
  93.00   0.3084E+05     94.00   0.5136E+05     95.00   0.7426E+05     96.00   0.8246E+05     97.00   0.9342E+05
  98.00   0.1006E+06     99.00   0.9796E+05    100.00   0.9492E+05    101.00   0.8485E+05    102.00   0.7551E+05
 103.00   0.5804E+05    104.00   0.4056E+05    105.00   0.2580E+05    106.00   0.1731E+05    107.00   0.5610E+04
 108.00   0.7203E+04    109.00   0.5372E+04    110.00   0.4934E+04
  EXP. ENERGIES AND INTENSITIES
  63.00   0.1751E+03     64.00   0.1596E+03     65.00   0.1569E+03     66.00   0.1606E+03     67.00   0.1807E+03
  68.00   0.2084E+03     69.00   0.2536E+03     70.00   0.2871E+03     71.00   0.3166E+03     72.00   0.3363E+03
  73.00   0.3278E+03     74.00   0.2945E+03     75.00   0.2488E+03     76.00   0.2111E+03     77.00   0.1735E+03
  78.00   0.1518E+03     79.00   0.1701E+03     80.00   0.1946E+03     81.00   0.2432E+03     82.00   0.2896E+03
  83.00   0.3391E+03     84.00   0.3594E+03     85.00   0.3583E+03     86.00   0.3491E+03     87.00   0.3292E+03
  88.00   0.3115E+03     89.00   0.2806E+03     90.00   0.2477E+03     91.00   0.2167E+03     92.00   0.1904E+03
  93.00   0.1763E+03     94.00   0.1463E+03     95.00   0.1553E+03
  EXP. ENERGIES AND INTENSITIES
  64.00   0.1144E+03     65.00   0.1316E+03     66.00   0.1776E+03     67.00   0.2242E+03     68.00   0.2808E+03
  69.00   0.3109E+03     70.00   0.3207E+03     71.00   0.3047E+03     72.00   0.3029E+03     73.00   0.2993E+03
  74.00   0.3194E+03     75.00   0.3300E+03     76.00   0.3310E+03     77.00   0.3141E+03     78.00   0.2730E+03
  79.00   0.2106E+03     80.00   0.1812E+03     81.00   0.1448E+03     82.00   0.1253E+03     83.00   0.1171E+03
  84.00   0.1127E+03     85.00   0.9980E+02     86.00   0.9460E+02     87.00   0.8000E+02     88.00   0.7140E+02
  89.00   0.5830E+02     90.00   0.6120E+02     91.00   0.6040E+02     92.00   0.8180E+02     93.00   0.6150E+02
  94.00   0.5630E+02     95.00   0.5670E+02     96.00   0.5570E+02     97.00   0.5440E+02     98.00   0.4020E+02
  99.00   0.6460E+02    100.00   0.8310E+02    101.00   0.1144E+03    102.00   0.1392E+03    103.00   0.1612E+03
 104.00   0.1704E+03    105.00   0.1554E+03    106.00   0.1519E+03    107.00   0.1482E+03    108.00   0.1389E+03
 109.00   0.1283E+03    110.00   0.1082E+03    111.00   0.9260E+02    112.00   0.6000E+02    113.00   0.5090E+02
 114.00   0.3270E+02    115.00   0.9000E+01    116.00   0.2000E+02    117.00   0.5000E+00    118.00   0.4030E+02
 119.00   0.7570E+02    120.00   0.9890E+02    121.00   0.1231E+03    122.00   0.1601E+03    123.00   0.1927E+03
 124.00   0.1775E+03    125.00   0.1554E+03    126.00   0.1610E+03    127.00   0.1238E+03    128.00   0.1042E+03
 129.00   0.1103E+03    130.00   0.1018E+03    131.00   0.1655E+03    132.00   0.2286E+03    133.00   0.2961E+03
 134.00   0.3703E+03    135.00   0.4895E+03    136.00   0.5824E+03    137.00   0.6591E+03    138.00   0.7255E+03
 139.00   0.7379E+03    140.00   0.7666E+03    141.00   0.7589E+03    142.00   0.7651E+03    143.00   0.4487E+03
 144.00   0.4160E+03    145.00   0.3032E+03
  EXP. ENERGIES AND INTENSITIES
  68.00   0.4040E+02     69.00   0.7160E+02     70.00   0.9160E+02     71.00   0.1088E+03     72.00   0.9970E+02
  73.00   0.8600E+02     74.00   0.7370E+02     75.00   0.5780E+02     76.00   0.3400E+02     77.00   0.3500E+02
  78.00   0.2510E+02     79.00   0.1330E+02     80.00   0.9600E+01     81.00   0.1320E+02     82.00   0.1540E+02
  83.00   0.1550E+02     84.00   0.1100E+02     85.00   0.1840E+02     86.00   0.2400E+02     87.00   0.4140E+02
  88.00   0.4750E+02     89.00   0.5350E+02     90.00   0.6940E+02     91.00   0.7910E+02     92.00   0.8270E+02
  93.00   0.9280E+02     94.00   0.1027E+03     95.00   0.1270E+03     96.00   0.1289E+03     97.00   0.1434E+03
  98.00   0.1304E+03     99.00   0.1454E+03    100.00   0.1540E+03    101.00   0.1397E+03    102.00   0.1239E+03
 103.00   0.8750E+02    104.00   0.6600E+02    105.00   0.3510E+02    106.00   0.8500E+01
  EXP. ENERGIES AND INTENSITIES
  72.00   0.6323E+03     73.00   0.6214E+03     74.00   0.6113E+03     75.00   0.6224E+03     76.00   0.6893E+03
  77.00   0.7815E+03     78.00   0.8861E+03     79.00   0.9801E+03     80.00   0.1010E+04     81.00   0.1009E+04
  82.00   0.9694E+03     83.00   0.8769E+03     84.00   0.7624E+03     85.00   0.8042E+03     86.00   0.5589E+03
  87.00   0.4712E+03     88.00   0.4112E+03     89.00   0.3471E+03     90.00   0.3136E+03     91.00   0.3264E+03
  92.00   0.3449E+03     93.00   0.3838E+03     94.00   0.4485E+03     95.00   0.5417E+03     96.00   0.6360E+03
  97.00   0.7468E+03     98.00   0.8432E+03     99.00   0.9681E+03    100.00   0.1063E+04    101.00   0.1099E+04
 102.00   0.1070E+04    103.00   0.1010E+04    104.00   0.9285E+03    105.00   0.8406E+03    106.00   0.7959E+03
 107.00   0.7503E+03    108.00   0.7243E+03    109.00   0.6948E+03    110.00   0.7017E+03    111.00   0.6723E+03
 112.00   0.6345E+03    113.00   0.5850E+03    114.00   0.5739E+03    115.00   0.5459E+03    116.00   0.4921E+03

