TitleText: Ni(001)-(5x5)-Li     Beam (4/5,4/5)            Rfac10=0.4001
 "IV exp
   72.2500000       35.7186317    
   72.5000000       38.5388908    
   72.7500000       41.6821365    
   73.0000000       45.3098679    
   73.2500000       49.5513802    
   73.5000000       54.4071732    
   73.7500000       59.8455620    
   74.0000000       65.8348618    
   74.2500000       72.3194351    
   74.5000000       79.1478653    
   74.7500000       86.1447983    
   75.0000000       93.1348648    
   75.2500000       99.9488068    
   75.5000000       106.441795    
   75.7500000       112.475060    
   76.0000000       117.909866    
   76.2500000       122.600761    
   76.5000000       126.375420    
   76.7500000       129.054810    
   77.0000000       130.459869    
   77.2500000       130.446411    
   77.5000000       129.009506    
   77.7500000       126.179024    
   78.0000000       121.984871    
   78.2500000       116.529831    
   78.5000000       110.208290    
   78.7500000       103.487534    
   79.0000000       96.8348618    
   79.2500000       90.6665192    
   79.5000000       85.1946640    
   79.7500000       80.5804062    
   80.0000000       76.9848633    
   80.2500000       74.5534973    
   80.5000000       73.3691177    
   80.7500000       73.4988632    
   81.0000000       75.0098648    
   81.2500000       77.9716339    
   81.5000000       82.4630432    
   81.7500000       88.5653763    
   82.0000000       96.3598633    
   82.2500000       105.916824    
   82.5000000       117.262863    
   82.7500000       130.413651    
   83.0000000       145.384857    
   83.2500000       162.151108    
   83.5000000       180.522797    
   83.7500000       200.269272    
   84.0000000       221.159866    
   84.2500000       242.911758    
   84.5000000       265.033325    
   84.7500000       286.980652    
   85.0000000       308.209869    
   85.2500000       328.208313    
   85.5000000       346.587616    
   85.7500000       362.990540    
   86.0000000       377.059875    
   86.2500000       388.475189    
   86.5000000       397.063019    
   86.7500000       402.686768    
   87.0000000       405.209900    
   87.2500000       404.561981    
   87.5000000       400.938354    
   87.7500000       394.600494    
   88.0000000       385.809875    
   88.2500000       374.869293    
   88.5000000       362.245972    
   88.7500000       348.448334    
   89.0000000       333.984863    
   89.2500000       319.340027    
   89.5000000       304.902649    
   89.7500000       291.037628    
   90.0000000       278.109863    
   90.2500000       266.428253    
   90.5000000       256.077667    
   90.7500000       247.086899    
   91.0000000       239.484863    
   91.2500000       233.264740    
   91.5000000       228.277191    
   91.7500000       224.337219    
   92.0000000       221.259872    
   92.2500000       218.877472    
   92.5000000       217.091599    
   92.7500000       215.821106    
   93.0000000       214.984863    
   93.2500000       214.519730    
   93.5000000       214.434418    
   93.7500000       214.755569    
   94.0000000       215.509872    
   94.2500000       216.691864    
   94.5000000       218.167465    
   94.7500000       219.770554    
   95.0000000       221.334869    
   95.2500000       222.693939    
   95.5000000       223.679901    
   95.7500000       224.124588    
   96.0000000       223.859863    
   96.2500000       222.774811    
   96.5000000       220.987732    
   96.7500000       218.674210    
   97.0000000       216.009857    
   97.2500000       213.153885    
   97.5000000       210.200211    
   97.7500000       207.226364    
   98.0000000       204.309860    
   98.2500000       201.530472    
   98.5000000       198.976822    
   98.7500000       196.739685    
   99.0000000       194.909866    
   99.2500000       193.600159    
   99.5000000       193.011078    
   99.7500000       193.365128    
   100.000000       194.884857    
   100.250000       197.742935    
   100.500000       201.913040    
   100.750000       207.319061    
   101.000000       213.884857    
   101.250000       221.518463    
   101.500000       230.064636    
   101.750000       239.352158    
   102.000000       249.209869    
   102.250000       259.470032    
   102.500000       269.978241    
   102.750000       280.583496    
   103.000000       291.134857    
   103.250000       301.478577    
   103.500000       311.450348    
   103.750000       320.883118    
   104.000000       329.609863    
   104.250000       337.480255    
   104.500000       344.410828    
   104.750000       350.334656    
   105.000000       355.184875    
   105.250000       358.887604    
   105.500000       361.340576    
   105.750000       362.434448    
   106.000000       362.059875    
   106.250000       360.126587    
   106.500000       356.620422    
   106.750000       351.546570    
   107.000000       344.909882    
   107.250000       336.786896    
   107.500000       327.540009    
   107.750000       317.603058    
   108.000000       307.409851    
   108.250000       297.296692    
   108.500000       287.209869    
   108.750000       276.998016    
   109.000000       266.509888    
   109.250000       255.608856    
   109.500000       244.217178    
   109.750000       232.271881    
   110.000000       219.709869    
   110.250000       206.622452    
   110.500000       193.718109    
   110.750000       181.859634    
   111.000000       171.909866    
   111.250000       164.472305    
   111.500000       159.113358    
   111.750000       155.140182    

 "IV theory
   72.2500000       223.218384    
   72.5000000       229.253860    
   72.7500000       237.038651    
   73.0000000       246.298325    
   73.2500000       256.760498    
   73.5000000       268.161285    
   73.7500000       280.238922    
   74.0000000       292.731506    
   74.2500000       305.386047    
   74.5000000       317.983978    
   74.7500000       330.315552    
   75.0000000       342.171082    
   75.2500000       353.355042    
   75.5000000       363.729462    
   75.7500000       373.170532    
   76.0000000       381.554688    
   76.2500000       388.763245    
   76.5000000       394.697937    
   76.7500000       399.265442    
   77.0000000       402.372437    
   77.2500000       403.926941    
   77.5000000       403.841705    
   77.7500000       402.030579    
   78.0000000       398.407562    
   78.2500000       392.906860    
   78.5000000       385.543732    
   78.7500000       376.353729    
   79.0000000       365.372437    
   79.2500000       352.666595    
   79.5000000       338.427643    
   79.7500000       322.878387    
   80.0000000       306.241577    
   80.2500000       288.752686    
   80.5000000       270.698273    
   80.7500000       252.377640    
   81.0000000       234.090057    
   81.2500000       216.131775    
   81.5000000       198.786743    
   81.7500000       182.335831    
   82.0000000       167.059937    
   82.2500000       153.212601    
   82.5000000       140.938065    
   82.7500000       130.353271    
   83.0000000       121.575127    
   83.2500000       114.677673    
   83.5000000       109.563431    
   83.7500000       106.091988    
   84.0000000       104.122986    
   84.2500000       103.498962    
   84.5000000       103.994095    
   84.7500000       105.365524    
   85.0000000       107.370354    
   85.2500000       109.768524    
   85.5000000       112.331184    
   85.7500000       114.832314    
   86.0000000       117.045876    
   86.2500000       118.765770    
   86.5000000       119.865540    
   86.7500000       120.238647    
   87.0000000       119.778564    
   87.2500000       118.410301    
   87.5000000       116.185013    
   87.7500000       113.185432    
   88.0000000       109.494293    
   88.2500000       105.206787    
   88.5000000       100.468102    
   88.7500000       95.4359207    
   89.0000000       90.2679291    
   89.2500000       85.1199112    
   89.5000000       80.1400452    
   89.7500000       75.4746323    
   90.0000000       71.2699661    
   90.2500000       67.6597672    
   90.5000000       64.7274399    
   90.7500000       62.5438232    
   91.0000000       61.1797447    
   91.2500000       60.6860619    
   91.5000000       61.0336723    
   91.7500000       62.1735001    
   92.0000000       64.0564575    
   92.2500000       66.6255646    
   92.5000000       69.7923431    
   92.7500000       73.4603882    
   93.0000000       77.5333252    
   93.2500000       81.9158630    
   93.5000000       86.5171356    
   93.7500000       91.2473907    
   94.0000000       96.0168533    
   94.2500000       100.742477    
   94.5000000       105.368111    
   94.7500000       109.844315    
   95.0000000       114.121681    
   95.2500000       118.161484    
   95.5000000       121.967979    
   95.7500000       125.556145    
   96.0000000       128.940979    
   96.2500000       132.141632    
   96.5000000       135.194138    
   96.7500000       138.138641    
   97.0000000       141.015366    
   97.2500000       143.863968    
   97.5000000       146.722260    
   97.7500000       149.627472    
   98.0000000       152.616852    
   98.2500000       155.725433    
   98.5000000       158.979095    
   98.7500000       162.401550    
   99.0000000       166.016373    
   99.2500000       169.843552    
   99.5000000       173.888168    
   99.7500000       178.151581    
   100.000000       182.635178    
   100.250000       187.339020    
   100.500000       192.257706    
   100.750000       197.384491    
   101.000000       202.712677    
   101.250000       208.235321    
   101.500000       213.944839    
   101.750000       219.833466    
   102.000000       225.893417    
   102.250000       232.113388    
   102.500000       238.467896    
   102.750000       244.927948    
   103.000000       251.464523    
   103.250000       258.043243    
   103.500000       264.607971    
   103.750000       271.097382    
   104.000000       277.449921    
   104.250000       283.601929    
   104.500000       289.480499    
   104.750000       295.010498    
   105.000000       300.116852    
   105.250000       304.725128    
   105.500000       308.764130    
   105.750000       312.163330    
   106.000000       314.852234    
   106.250000       316.768036    
   106.500000       317.879059    
   106.750000       318.161163    
   107.000000       317.590302    
   107.250000       316.154602    
   107.500000       313.890656    
   107.750000       310.847229    
   108.000000       307.073059    
   108.250000       302.621582    
   108.500000       297.565369    
   108.750000       291.981659    
   109.000000       285.947723    
   109.250000       279.540344    
   109.500000       272.834259    
   109.750000       265.903778    
   110.000000       258.823151    
   110.250000       251.664764    
   110.500000       244.493423    
   110.750000       237.372040    
   111.000000       230.363525    
   111.250000       223.527679    
   111.500000       216.911789    
   111.750000       210.559952    

