TitleText: Ni(001)-(5x5)-Li     Beam (2/5,1/5)            Rfac10=0.3664
 "IV exp
   40.2500000       39.8641853    
   40.5000000       33.3170128    
   40.7500000       27.4410706    
   41.0000000       22.5719681    
   41.2500000       18.9616604    
   41.5000000       16.5274563    
   41.7500000       15.1030083    
   42.0000000       14.5219688    
   42.2500000       14.6045818    
   42.5000000       15.1174726    
   42.7500000       15.8138618    
   43.0000000       16.4469681    
   43.2500000       16.8237000    
   43.5000000       16.9657135    
   43.7500000       16.9483566    
   44.0000000       16.8469696    
   44.2500000       16.7390690    
   44.5000000       16.7108555    
   44.7500000       16.8506985    
   45.0000000       17.2469673    
   45.2500000       17.9889431    
   45.5000000       19.1695480    
   45.7500000       20.8826103    
   46.0000000       23.2219696    
   46.2500000       26.2787628    
   46.5000000       30.1333923    
   46.7500000       34.8635597    
   47.0000000       40.5469704    
   47.2500000       47.2141457    
   47.5000000       54.7068253    
   47.7500000       62.8195801    
   48.0000000       71.3469696    
   48.2500000       80.1031265    
   48.5000000       88.9804916    
   48.7500000       97.8910980    
   49.0000000       106.746964    
   49.2500000       115.464539    
   49.5000000       123.978004    
   49.7500000       132.225937    
   50.0000000       140.146957    
   50.2500000       147.673218    
   50.5000000       154.711151    
   50.7500000       161.160736    
   51.0000000       166.921982    
   51.2500000       171.921249    
   51.5000000       176.190475    
   51.7500000       179.787964    
   52.0000000       182.771973    
   52.2500000       185.202515    
   52.5000000       187.146271    
   52.7500000       188.671631    
   53.0000000       189.846970    
   53.2500000       190.725128    
   53.5000000       191.296860    
   53.7500000       191.537384    
   54.0000000       191.421967    
   54.2500000       190.949097    
   54.5000000       190.210602    
   54.7500000       189.321533    
   55.0000000       188.396973    
   55.2500000       187.536423    
   55.5000000       186.776932    
   55.7500000       186.139954    
   56.0000000       185.646973    
   56.2500000       185.274551    
   56.5000000       184.819763    
   56.7500000       184.034836    
   57.0000000       182.671967    
   57.2500000       180.531967    
   57.5000000       177.610199    
   57.7500000       173.950546    
   58.0000000       169.596970    
   58.2500000       164.625839    
   58.5000000       159.243164    
   58.7500000       153.687408    
   59.0000000       148.196976    
   59.2500000       142.962906    
   59.5000000       137.986465    
   59.7500000       133.221542    
   60.0000000       128.621964    
   60.2500000       124.143471    
   60.5000000       119.749046    
   60.7500000       115.403595    
   61.0000000       111.071968    
   61.2500000       106.754440    
   61.5000000       102.592903    
   61.7500000       98.7646484    
   62.0000000       95.4469757    
   62.2500000       92.7698212    
   62.5000000       90.6736755    
   62.7500000       89.0516815    
   63.0000000       87.7969742    
   63.2500000       86.8145370    
   63.5000000       86.0567474    
   63.7500000       85.4878159    
   64.0000000       85.0719681    
   64.2500000       84.7800293    
   64.5000000       84.6092911    
   64.7500000       84.5636444    
   65.0000000       84.6469727    
   65.2500000       84.8459778    
   65.5000000       85.0785294    
   65.7500000       85.2452927    
   66.0000000       85.2469711    
   66.2500000       85.0108795    
   66.5000000       84.5709457    
   66.7500000       83.9877777    
   67.0000000       83.3219681    
   67.2500000       82.6001663    
   67.5000000       81.7132645    
   67.7500000       80.5182190    
   68.0000000       78.8719711    
   68.2500000       76.6452789    
   68.5000000       73.7640610    
   68.7500000       70.1680450    
   69.0000000       65.7969666    
   69.2500000       60.6642303    
   69.5000000       55.0779457    
   69.7500000       49.4199219    
   70.0000000       44.0719681    
   70.2500000       39.3561974    
   70.5000000       35.3559837    
   70.7500000       32.0950127    
   71.0000000       29.5969696    
   71.2500000       27.8459167    
   71.5000000       26.6674347    
   71.7500000       25.8474674    
   72.0000000       25.1719704    
   72.2500000       24.4911613    
   72.5000000       23.9123440    
   72.7500000       23.6070900    
   73.0000000       23.7469692    
   73.2500000       24.4907837    
   73.5000000       25.9462585    
   73.7500000       28.2083359    
   74.0000000       31.3719711    
   74.2500000       35.5200958    
   74.5000000       40.6875725    
   74.7500000       46.8972473    
   75.0000000       54.1719704    
   75.2500000       62.5028496    
   75.5000000       71.7540283    
   75.7500000       81.7579346    
   76.0000000       92.3469696    
   76.2500000       103.348770    
   76.5000000       114.571877    
   76.7500000       125.820030    
   77.0000000       136.896973    
   77.2500000       147.617874    
   77.5000000       157.843414    
   77.7500000       167.445740    
   78.0000000       176.296967    
   78.2500000       184.260025    
   78.5000000       191.161270    
   78.7500000       196.817856    
   79.0000000       201.046967    
   79.2500000       203.718338    
   79.5000000       204.912033    
   79.7500000       204.760712    
   80.0000000       203.396973    
   80.2500000       200.933578    
   80.5000000       197.403656    
   80.7500000       192.820374    
   81.0000000       187.196976    
   81.2500000       180.570190    
   81.5000000       173.070862    
   81.7500000       164.853333    
   82.0000000       156.071976    
   82.2500000       146.940933    
   82.5000000       137.913498    
   82.7500000       129.502808    
   83.0000000       122.221970    
   83.2500000       116.500298    
   83.5000000       112.431976    
   83.7500000       110.027397    
   84.0000000       109.296967    
   84.2500000       110.254150    
   84.5000000       112.924789    
   84.7500000       117.337769    
   85.0000000       123.521973    
   85.2500000       131.509811    
   85.5000000       141.347565    
   85.7500000       153.085037    
   86.0000000       166.771973    
   86.2500000       182.395081    
   86.5000000       199.688629    
   86.7500000       218.323868    
   87.0000000       237.971970    
   87.2500000       258.337036    
   87.5000000       279.254669    
   87.7500000       300.593475    
   88.0000000       322.221954    
   88.2500000       344.021423    
   88.5000000       365.924377    
   88.7500000       387.876099    
   89.0000000       409.821930    
   89.2500000       431.703949    
   89.5000000       453.451385    
   89.7500000       474.990387    
   90.0000000       496.246979    
   90.2500000       517.131287    
   90.5000000       537.489319    
   90.7500000       557.151184    
   91.0000000       575.946960    
   91.2500000       593.718140    
   91.5000000       610.351440    
   91.7500000       625.745056    
   92.0000000       639.796997    
   92.2500000       652.409363    
   92.5000000       663.499390    
   92.7500000       672.988220    
   93.0000000       680.796997    
   93.2500000       686.825317    
   93.5000000       690.886169    
   93.7500000       692.771179    
   94.0000000       692.271973    
   94.2500000       689.223877    
   94.5000000       683.637878    
   94.7500000       675.568970    
   95.0000000       665.071960    
   95.2500000       652.225159    
   95.5000000       637.200317    
   95.7500000       620.192505    
   96.0000000       601.397034    
   96.2500000       581.029724    
   96.5000000       559.389709    
   96.7500000       536.797119    
   97.0000000       513.571960    
   97.2500000       490.007324    
   97.5000000       466.288513    
   97.7500000       442.573883    
   98.0000000       419.021942    
   98.2500000       395.792358    
   98.5000000       373.050507    
   98.7500000       350.963104    
   99.0000000       329.696930    
   99.2500000       309.445862    
   99.5000000       290.512939    
   99.7500000       273.228210    
   100.000000       257.921967    
   100.250000       244.850266    
   100.500000       233.973206    
   100.750000       225.176773    
   101.000000       218.346970    
   101.250000       213.334396    
   101.500000       209.847916    
   101.750000       207.560974    
   102.000000       206.146973    
   102.250000       205.296677    
   102.500000       204.770035    
   102.750000       204.344376    
   103.000000       203.796982    
   103.250000       202.952179    
   103.500000       201.822510    
   103.750000       200.467590    
   104.000000       198.946976    
   104.250000       197.314804    
   104.500000       195.603043    
   104.750000       193.838257    

 "IV theory
   40.2500000       121.208275    
   40.5000000       118.532097    
   40.7500000       115.820152    
   41.0000000       113.119553    
   41.2500000       110.476784    
   41.5000000       107.935936    
   41.7500000       105.540565    
   42.0000000       103.334190    
   42.2500000       101.356674    
   42.5000000       99.6332932    
   42.7500000       98.1856766    
   43.0000000       97.0354309    
   43.2500000       96.1986313    
   43.5000000       95.6691360    
   43.7500000       95.4352646    
   44.0000000       95.4853439    
   44.2500000       95.8056107    
   44.5000000       96.3741074    
   44.7500000       97.1667862    
   45.0000000       98.1596222    
   45.2500000       99.3287888    
   45.5000000       100.651306    
   45.7500000       102.104431    
   46.0000000       103.665390    
   46.2500000       105.311813    
   46.5000000       107.022820    
   46.7500000       108.777901    
   47.0000000       110.556549    
   47.2500000       112.338905    
   47.5000000       114.107719    
   47.7500000       115.846397    
   48.0000000       117.538330    
   48.2500000       119.167091    
   48.5000000       120.717148    
   48.7500000       122.173080    
   49.0000000       123.519539    
   49.2500000       124.741234    
   49.5000000       125.823204    
   49.7500000       126.750565    
   50.0000000       127.508446    
   50.2500000       128.083023    
   50.5000000       128.464798    
   50.7500000       128.645279    
   51.0000000       128.615997    
   51.2500000       128.370087    
   51.5000000       127.907066    
   51.7500000       127.228012    
   52.0000000       126.334023    
   52.2500000       125.226761    
   52.5000000       123.910156    
   52.7500000       122.388710    
   53.0000000       120.666931    
   53.2500000       118.749336    
   53.5000000       116.640633    
   53.7500000       114.345512    
   54.0000000       111.868713    
   54.2500000       109.215881    
   54.5000000       106.396378    
   54.7500000       103.420525    
   55.0000000       100.298622    
   55.2500000       97.0423279    
   55.5000000       93.6687241    
   55.7500000       90.1962509    
   56.0000000       86.6433182    
   56.2500000       83.0289078    
   56.5000000       79.3741226    
   56.7500000       75.7006073    
   57.0000000       72.0299835    
   57.2500000       68.3837433    
   57.5000000       64.7827682    
   57.7500000       61.2477570    
   58.0000000       57.7994385    
   58.2500000       54.4573669    
   58.5000000       51.2364807    
   58.7500000       48.1505508    
   59.0000000       45.2133560    
   59.2500000       42.4369240    
   59.5000000       39.8262825    
   59.7500000       37.3847008    
   60.0000000       35.1154671    
   60.2500000       33.0212288    
   60.5000000       31.1021118    
   60.7500000       29.3576221    
   61.0000000       27.7872562    
   61.2500000       26.3905087    
   61.5000000       25.1668339    
   61.7500000       24.1156673    
   62.0000000       23.2364521    
   62.2500000       22.5279274    
   62.5000000       21.9860153    
   62.7500000       21.6059380    
   63.0000000       21.3829079    
   63.2500000       21.3111382    
   63.5000000       21.3807735    
   63.7500000       21.5809555    
   64.0000000       21.9008198    
   64.2500000       22.3291035    
   64.5000000       22.8529053    
   64.7500000       23.4589367    
   65.0000000       24.1338902    
   65.2500000       24.8646107    
   65.5000000       25.6384640    
   65.7500000       26.4429569    
   66.0000000       27.2656002    
   66.2500000       28.0949669    
   66.5000000       28.9239082    
   66.7500000       29.7463493    
   67.0000000       30.5562096    
   67.2500000       31.3490143    
   67.5000000       32.1267319    
   67.7500000       32.8929100    
   68.0000000       33.6511192    
   68.2500000       34.4055290    
   68.5000000       35.1626892    
   68.7500000       35.9297562    
   69.0000000       36.7138863    
   69.2500000       37.5221748    
   69.5000000       38.3614464    
   69.7500000       39.2384605    
   70.0000000       40.1599808    
   70.2500000       41.1326256    
   70.5000000       42.1624413    
   70.7500000       43.2553215    
   71.0000000       44.4171753    
   71.2500000       45.6536446    
   71.5000000       46.9694023    
   71.7500000       48.3688469    
   72.0000000       49.8564148    
   72.2500000       51.4364433    
   72.5000000       53.1130486    
   72.7500000       54.8902969    
   73.0000000       56.7722359    
   73.2500000       58.7628326    
   73.5000000       60.8656082    
   73.7500000       63.0840111    
   74.0000000       65.4214630    
   74.2500000       67.8802032    
   74.5000000       70.4577560    
   74.7500000       73.1504211    
   75.0000000       75.9544907    
   75.2500000       78.8645401    
   75.5000000       81.8681335    
   75.7500000       84.9510498    
   76.0000000       88.0990829    
   76.2500000       91.2973633    
   76.5000000       94.5282059    
   76.7500000       97.7732849    
   77.0000000       101.014259    
   77.2500000       104.232986    
   77.5000000       107.412140    
   77.7500000       110.534584    
   78.0000000       113.583206    
   78.2500000       116.542442    
   78.5000000       119.402863    
   78.7500000       122.156639    
   79.0000000       124.795914    
   79.2500000       127.315186    
   79.5000000       129.718246    
   79.7500000       132.011322    
   80.0000000       134.200546    
   80.2500000       136.292938    
   80.5000000       138.298889    
   80.7500000       140.229630    
   81.0000000       142.096375    
   81.2500000       143.910385    
   81.5000000       145.682861    
   81.7500000       147.425064    
   82.0000000       149.148224    
   82.2500000       150.864380    
   82.5000000       152.588852    
   82.7500000       154.337784    
   83.0000000       156.127304    
   83.2500000       157.974716    
   83.5000000       159.901855    
   83.7500000       161.931824    
   84.0000000       164.087570    
   84.2500000       166.392715    
   84.5000000       168.872910    
   84.7500000       171.554382    
   85.0000000       174.463348    
   85.2500000       177.625641    
   85.5000000       181.065384    
   85.7500000       184.806290    
   86.0000000       188.872116    
   86.2500000       193.282593    
   86.5000000       198.041473    
   86.7500000       203.148514    
   87.0000000       208.603500    
   87.2500000       214.400192    
   87.5000000       220.508636    
   87.7500000       226.892685    
   88.0000000       233.516449    
   88.2500000       240.341629    
   88.5000000       247.321075    
   88.7500000       254.405441    
   89.0000000       261.545258    
   89.2500000       268.691498    
   89.5000000       275.795959    
   89.7500000       282.810913    
   90.0000000       289.688507    
   90.2500000       296.381653    
   90.5000000       302.845947    
   90.7500000       309.037811    
   91.0000000       314.913574    
   91.2500000       320.430786    
   91.5000000       325.551666    
   91.7500000       330.239716    
   92.0000000       334.458282    
   92.2500000       338.171112    
   92.5000000       341.343048    
   92.7500000       343.939117    
   93.0000000       345.924438    
   93.2500000       347.264648    
   93.5000000       347.927368    
   93.7500000       347.880981    
   94.0000000       347.093567    
   94.2500000       345.539337    
   94.5000000       343.216125    
   94.7500000       340.127777    
   95.0000000       336.278107    
   95.2500000       331.679688    
   95.5000000       326.380280    
   95.7500000       320.436432    
   96.0000000       313.904572    
   96.2500000       306.844696    
   96.5000000       299.330017    
   96.7500000       291.437225    
   97.0000000       283.243073    
   97.2500000       274.823517    
   97.5000000       266.252075    
   97.7500000       257.601685    
   98.0000000       248.945236    
   98.2500000       240.351959    
   98.5000000       231.876694    
   98.7500000       223.570587    
   99.0000000       215.484756    
   99.2500000       207.664841    
   99.5000000       200.134232    
   99.7500000       192.910812    
   100.000000       186.012405    
   100.250000       179.454910    
   100.500000       173.246216    
   100.750000       167.392303    
   101.000000       161.899078    
   101.250000       156.772461    
   101.500000       152.018127    
   101.750000       147.641739    
   102.000000       143.648941    
   102.250000       140.042969    
   102.500000       136.817520    
   102.750000       133.963806    
   103.000000       131.473114    
   103.250000       129.333237    
   103.500000       127.518074    
   103.750000       125.998077    
   104.000000       124.743713    
   104.250000       123.724052    
   104.500000       122.902725    
   104.750000       122.242012    

