TitleText: Ni(001)-(5x5)-Li     Beam (3/5,2/5)            Rfac10=0.7010
 "IV exp
   40.2500000       3386.09180    
   40.5000000       2995.86353    
   40.7500000       2632.94800    
   41.0000000       2311.00098    
   41.2500000       2040.66528    
   41.5000000       1820.53113    
   41.7500000       1646.17566    
   42.0000000       1513.17578    
   42.2500000       1416.56885    
   42.5000000       1349.23267    
   42.7500000       1303.50562    
   43.0000000       1271.72583    
   43.2500000       1247.75513    
   43.5000000       1231.54956    
   43.7500000       1224.58838    
   44.0000000       1228.35083    
   44.2500000       1243.44653    
   44.5000000       1267.00525    
   44.7500000       1295.28687    
   45.0000000       1324.55078    
   45.2500000       1350.90222    
   45.5000000       1369.82495    
   45.7500000       1376.64819    
   46.0000000       1366.70093    
   46.2500000       1338.94873    
   46.5000000       1306.90320    
   46.7500000       1287.71289    
   47.0000000       1298.52588    
   47.2500000       1356.53101    
   47.5000000       1479.07983    
   47.7500000       1683.56396    
   48.0000000       1987.37573    
   48.2500000       2402.51758    
   48.5000000       2919.43555    
   48.7500000       3523.18652    
   49.0000000       4198.82617    
   49.2500000       4937.54199    
   49.5000000       5755.04199    
   49.7500000       6673.16504    
   50.0000000       7713.75098    
   50.2500000       8894.86133    
   50.5000000       10219.4629    
   50.7500000       11686.7451    
   51.0000000       13295.9004    
   51.2500000       15039.0195    
   51.5000000       16879.8125    
   51.7500000       18774.8848    
   52.0000000       20680.8516    
   52.2500000       22562.9375    
   52.5000000       24420.8320    
   52.7500000       26262.8496    
   53.0000000       28097.3008    
   53.2500000       29928.6309    
   53.5000000       31745.8555    
   53.7500000       33534.1211    
   54.0000000       35278.5781    
   54.2500000       36961.4492    
   54.5000000       38553.2461    
   54.7500000       40021.5547    
   55.0000000       41333.9531    
   55.2500000       42461.1484    
   55.5000000       43386.3281    
   55.7500000       44095.7969    
   56.0000000       44575.8750    
   56.2500000       44813.0195    
   56.5000000       44794.3477    
   56.7500000       44507.1250    
   57.0000000       43938.6250    
   57.2500000       43082.3008    
   57.5000000       41956.3711    
   57.7500000       40585.2148    
   58.0000000       38993.2266    
   58.2500000       37210.1328    
   58.5000000       35286.9922    
   58.7500000       33280.1758    
   59.0000000       31246.0762    
   59.2500000       29236.1289    
   59.5000000       27282.0273    
   59.7500000       25410.5098    
   60.0000000       23648.3281    
   60.2500000       22014.0918    
   60.5000000       20493.8750    
   60.7500000       19065.6172    
   61.0000000       17707.2520    
   61.2500000       16398.3105    
   61.5000000       15124.6855    
   61.7500000       13873.8633    
   62.0000000       12633.3262    
   62.2500000       11398.4473    
   62.5000000       10196.1504    
   62.7500000       9061.24805    
   63.0000000       8028.55078    
   63.2500000       7125.53613    
   63.5000000       6350.33398    
   63.7500000       5693.74023    
   64.0000000       5146.55078    
   64.2500000       4694.22314    
   64.5000000       4300.86084    
   64.7500000       3925.23120    
   65.0000000       3526.10083    
   65.2500000       3076.35254    
   65.5000000       2605.33472    
   65.7500000       2156.51270    
   66.0000000       1773.35083    
   66.2500000       1492.23901    
   66.5000000       1321.26465    
   66.7500000       1261.43945    
   67.0000000       1313.77588    
   67.2500000       1471.10938    
   67.5000000       1693.57129    
   67.7500000       1933.11682    
   68.0000000       2141.70068    
   68.2500000       2282.58301    
   68.5000000       2364.24219    
   68.7500000       2406.46216    
   69.0000000       2429.02588    
   69.2500000       2446.93359    
   69.5000000       2456.04883    
   69.7500000       2447.45264    
   70.0000000       2412.22583    
   70.2500000       2344.07031    
   70.5000000       2247.17676    
   70.7500000       2128.35767    
   71.0000000       1994.42578    
   71.2500000       1854.76587    
   71.5000000       1729.05225    
   71.7500000       1639.53174    
   72.0000000       1608.45093    
   72.2500000       1652.39734    
   72.5000000       1765.32227    
   72.7500000       1935.51782    
   73.0000000       2151.27588    
   73.2500000       2399.66602    
   73.5000000       2662.86694    
   73.7500000       2921.83496    
   74.0000000       3157.52588    
   74.2500000       3355.66260    
   74.5000000       3521.03394    
   74.7500000       3663.19482    
   75.0000000       3791.70093    
   75.2500000       3916.43872    
   75.5000000       4048.61865    
   75.7500000       4199.78320    
   76.0000000       4381.47559    
   76.2500000       4595.71729    
   76.5000000       4806.45020    
   76.7500000       4968.09570    
   77.0000000       5035.07617    
   77.2500000       4972.34473    
   77.5000000       4786.98340    
   77.7500000       4496.60645    
   78.0000000       4118.82617    
   78.2500000       3671.22900    
   78.5000000       3171.28979    
   78.7500000       2636.45654    

 "IV theory
   40.2500000       7684.93066    
   40.5000000       7997.43408    
   40.7500000       8310.71094    
   41.0000000       8622.83691    
   41.2500000       8931.90137    
   41.5000000       9236.05273    
   41.7500000       9533.45605    
   42.0000000       9822.26953    
   42.2500000       10100.7588    
   42.5000000       10367.5723    
   42.7500000       10621.4600    
   43.0000000       10861.1699    
   43.2500000       11085.6035    
   43.5000000       11294.2529    
   43.7500000       11486.7627    
   44.0000000       11662.7803    
   44.2500000       11821.9980    
   44.5000000       11964.3203    
   44.7500000       12089.6973    
   45.0000000       12198.0840    
   45.2500000       12289.4424    
   45.5000000       12363.7695    
   45.7500000       12421.0742    
   46.0000000       12461.3633    
   46.2500000       12484.7939    
   46.5000000       12492.1162    
   46.7500000       12484.2354    
   47.0000000       12462.0449    
   47.2500000       12426.6689    
   47.5000000       12380.0869    
   47.7500000       12324.5059    
   48.0000000       12262.1279    
   48.2500000       12195.2422    
   48.5000000       12126.4932    
   48.7500000       12058.6104    
   49.0000000       11994.3242    
   49.2500000       11936.3311    
   49.5000000       11887.1943    
   49.7500000       11849.4453    
   50.0000000       11825.6143    
   50.2500000       11817.9541    
   50.5000000       11827.6016    
   50.7500000       11855.4209    
   51.0000000       11902.2744    
   51.2500000       11968.6055    
   51.5000000       12053.1924    
   51.7500000       12154.3965    
   52.0000000       12270.5791    
   52.2500000       12399.9443    
   52.5000000       12540.0654    
   52.7500000       12688.3633    
   53.0000000       12842.2559    
   53.2500000       12999.1836    
   53.5000000       13156.6855    
   53.7500000       13312.3213    
   54.0000000       13463.6543    
   54.2500000       13608.3555    
   54.5000000       13744.5410    
   54.7500000       13870.4355    
   55.0000000       13984.2656    
   55.2500000       14084.4297    
   55.5000000       14170.0137    
   55.7500000       14240.2744    
   56.0000000       14294.4727    
   56.2500000       14331.9248    
   56.5000000       14352.1924    
   56.7500000       14354.8945    
   57.0000000       14339.6504    
   57.2500000       14306.0859    
   57.5000000       14253.8506    
   57.7500000       14182.5977    
   58.0000000       14091.9834    
   58.2500000       13981.7813    
   58.5000000       13852.2422    
   58.7500000       13703.7363    
   59.0000000       13536.6338    
   59.2500000       13351.4824    
   59.5000000       13149.5215    
   59.7500000       12932.1709    
   60.0000000       12700.8457    
   60.2500000       12457.0332    
   60.5000000       12202.4873    
   60.7500000       11939.0322    
   61.0000000       11668.4883    
   61.2500000       11392.6670    
   61.5000000       11113.3105    
   61.7500000       10832.1514    
   62.0000000       10550.9150    
   62.2500000       10271.2305    
   62.5000000       9994.29883    
   62.7500000       9721.21973    
   63.0000000       9453.09277    
   63.2500000       9190.85645    
   63.5000000       8934.81445    
   63.7500000       8685.10938    
   64.0000000       8441.88574    
   64.2500000       8205.22852    
   64.5000000       7974.98682    
   64.7500000       7750.94971    
   65.0000000       7532.90723    
   65.2500000       7320.65479    
   65.5000000       7114.01123    
   65.7500000       6912.80176    
   66.0000000       6716.84863    
   66.2500000       6525.98486    
   66.5000000       6340.07031    
   66.7500000       6158.97217    
   67.0000000       5982.55859    
   67.2500000       5810.70947    
   67.5000000       5643.35791    
   67.7500000       5480.44922    
   68.0000000       5321.92920    
   68.2500000       5167.74805    
   68.5000000       5017.87500    
   68.7500000       4872.28125    
   69.0000000       4730.93994    
   69.2500000       4593.82373    
   69.5000000       4460.90674    
   69.7500000       4332.16260    
   70.0000000       4207.56641    
   70.2500000       4087.09766    
   70.5000000       3970.76440    
   70.7500000       3858.58081    
   71.0000000       3750.56177    
   71.2500000       3646.73096    
   71.5000000       3547.15186    
   71.7500000       3451.89819    
   72.0000000       3361.04346    
   72.2500000       3274.66431    
   72.5000000       3192.85205    
   72.7500000       3115.70166    
   73.0000000       3043.30664    
   73.2500000       2975.76343    
   73.5000000       2913.16626    
   73.7500000       2855.61230    
   74.0000000       2803.19727    
   74.2500000       2756.02393    
   74.5000000       2714.22144    
   74.7500000       2677.92529    
   75.0000000       2647.27148    
   75.2500000       2622.40430    
   75.5000000       2603.50415    
   75.7500000       2590.76001    
   76.0000000       2584.36060    
   76.2500000       2584.50073    
   76.5000000       2591.39795    
   76.7500000       2605.27539    
   77.0000000       2626.35620    
   77.2500000       2654.85449    
   77.5000000       2690.94800    
   77.7500000       2734.80518    
   78.0000000       2786.59521    
   78.2500000       2846.39331    
   78.5000000       2913.90015    
   78.7500000       2988.72339    

