TitleText: Ni(001)-(5x5)-Li     Beam (1,2/5)              Rfac10=0.3004
 "IV exp
   63.2500000       188.820374    
   63.5000000       185.525635    
   63.7500000       182.523880    
   64.0000000       179.961609    
   64.2500000       177.963821    
   64.5000000       176.569534    
   64.7500000       175.796295    
   65.0000000       175.661606    
   65.2500000       176.183044    
   65.5000000       177.378342    
   65.7500000       179.265259    
   66.0000000       181.861603    
   66.2500000       185.186127    
   66.5000000       189.261734    
   66.7500000       194.112289    
   67.0000000       199.761612    
   67.2500000       206.219772    
   67.5000000       213.441223    
   67.7500000       221.366608    
   68.0000000       229.936600    
   68.2500000       239.066162    
   68.5000000       248.568008    
   68.7500000       258.229126    
   69.0000000       267.836609    
   69.2500000       277.205444    
   69.5000000       286.262634    
   69.7500000       294.963013    
   70.0000000       303.261597    
   70.2500000       311.109802    
   70.5000000       318.444946    
   70.7500000       325.200928    
   71.0000000       331.311646    
   71.2500000       336.686401    
   71.5000000       341.136658    
   71.7500000       344.449402    
   72.0000000       346.411621    
   72.2500000       346.845642    
   72.5000000       345.715637    
   72.7500000       343.021118    
   73.0000000       338.761597    
   73.2500000       332.975586    
   73.5000000       325.857849    
   73.7500000       317.641907    
   74.0000000       308.561584    
   74.2500000       298.845764    
   74.5000000       288.703918    
   74.7500000       278.340942    
   75.0000000       267.961609    
   75.2500000       257.737976    
   75.5000000       247.711685    
   75.7500000       237.891586    
   76.0000000       228.286606    
   76.2500000       218.943756    
   76.5000000       210.062653    
   76.7500000       201.881042    
   77.0000000       194.636597    
   77.2500000       188.554214    
   77.5000000       183.807251    
   77.7500000       180.556229    
   78.0000000       178.961609    
   78.2500000       179.128525    
   78.5000000       180.940430    
   78.7500000       184.225418    
   79.0000000       188.811600    
   79.2500000       194.543533    
   79.5000000       201.331940    
   79.7500000       209.103897    
   80.0000000       217.786621    
   80.2500000       227.301682    
   80.5000000       237.548416    
   80.7500000       248.420456    
   81.0000000       259.811584    
   81.2500000       271.601379    
   81.5000000       283.612915    
   81.7500000       295.654968    
   82.0000000       307.536621    
   82.2500000       319.056152    
   82.5000000       329.969727    
   82.7500000       340.023010    
   83.0000000       348.961609    
   83.2500000       356.573792    
   83.5000000       362.818481    
   83.7500000       367.697266    
   84.0000000       371.211609    
   84.2500000       373.390869    
   84.5000000       374.375854    
   84.7500000       374.334900    
   85.0000000       373.436584    
   85.2500000       371.832947    
   85.5000000       369.610168    
   85.7500000       366.838074    
   86.0000000       363.586609    
   86.2500000       359.921204    
   86.5000000       355.890625    
   86.7500000       351.539246    
   87.0000000       346.911621    
   87.2500000       342.033875    
   87.5000000       336.859558    
   87.7500000       331.323730    
   88.0000000       325.361633    
   88.2500000       318.928833    
   88.5000000       312.062744    
   88.7500000       304.821045    
   89.0000000       297.261597    
   89.2500000       289.447449    
   89.5000000       281.462402    
   89.7500000       273.395752    
   90.0000000       265.336609    
   90.2500000       257.375427    
   90.5000000       249.607361    
   90.7500000       242.128937    
   91.0000000       235.036606    
   91.2500000       228.397964    
   91.5000000       222.165298    
   91.7500000       216.262024    
   92.0000000       210.611603    
   92.2500000       205.144943    
   92.5000000       199.822952    
   92.7500000       194.614044    
   93.0000000       189.486603    
   93.2500000       184.472336    
   93.5000000       179.856232    
   93.7500000       175.986572    
   94.0000000       173.211609    
   94.2500000       171.761490    
   94.5000000       171.393600    
   94.7500000       171.747238    

 "IV theory
   63.2500000       143.749939    
   63.5000000       136.048798    
   63.7500000       127.461037    
   64.0000000       118.231056    
   64.2500000       108.617363    
   64.5000000       98.9350510    
   64.7500000       89.5132980    
   65.0000000       80.6812973    
   65.2500000       72.7638855    
   65.5000000       66.0683441    
   65.7500000       60.8976212    
   66.0000000       57.5546112    
   66.2500000       56.3079872    
   66.5000000       57.2894096    
   66.7500000       60.5962906    
   67.0000000       66.3260269    
   67.2500000       74.5246582    
   67.5000000       85.0326157    
   67.7500000       97.6389389    
   68.0000000       112.132675    
   68.2500000       128.283356    
   68.5000000       145.782410    
   68.7500000       164.301743    
   69.0000000       183.513306    
   69.2500000       203.092468    
   69.5000000       222.728638    
   69.7500000       242.114761    
   70.0000000       260.943695    
   70.2500000       278.927917    
   70.5000000       295.857971    
   70.7500000       311.544067    
   71.0000000       325.796204    
   71.2500000       338.454529    
   71.5000000       349.478760    
   71.7500000       358.858734    
   72.0000000       366.584076    
   72.2500000       372.655426    
   72.5000000       377.116638    
   72.7500000       380.022461    
   73.0000000       381.427429    
   73.2500000       381.386230    
   73.5000000       379.952484    
   73.7500000       377.179901    
   74.0000000       373.122070    
   74.2500000       367.840759    
   74.5000000       361.430664    
   74.7500000       353.994812    
   75.0000000       345.636078    
   75.2500000       336.469086    
   75.5000000       326.654907    
   75.7500000       316.366302    
   76.0000000       305.776062    
   76.2500000       295.061737    
   76.5000000       284.420746    
   76.7500000       274.055359    
   77.0000000       264.167816    
   77.2500000       254.957916    
   77.5000000       246.615677    
   77.7500000       239.328537    
   78.0000000       233.284058    
   78.2500000       228.647659    
   78.5000000       225.496521    
   78.7500000       223.885818    
   79.0000000       223.870682    
   79.2500000       225.473328    
   79.5000000       228.584183    
   79.7500000       233.060730    
   80.0000000       238.760498    
   80.2500000       245.528442    
   80.5000000       253.159515    
   80.7500000       261.436157    
   81.0000000       270.140808    
   81.2500000       279.058044    
   81.5000000       287.981201    
   81.7500000       296.705811    
   82.0000000       305.027374    
   82.2500000       312.753204    
   82.5000000       319.737915    
   82.7500000       325.847961    
   83.0000000       330.949738    
   83.2500000       334.927704    
   83.5000000       337.739349    
   83.7500000       339.359985    
   84.0000000       339.765228    
   84.2500000       338.936920    
   84.5000000       336.882782    
   84.7500000       333.616974    
   85.0000000       329.153656    
   85.2500000       323.507202    
   85.5000000       316.693695    
   85.7500000       308.729431    
   86.0000000       299.630676    
   86.2500000       289.423706    
   86.5000000       278.174713    
   86.7500000       265.959778    
   87.0000000       252.855057    
   87.2500000       238.951172    
   87.5000000       224.396851    
   87.7500000       209.355316    
   88.0000000       193.989746    
   88.2500000       178.469025    
   88.5000000       162.984497    
   88.7500000       147.733170    
   89.0000000       132.912094    
   89.2500000       118.716934    
   89.5000000       105.338341    
   89.7500000       92.9656219    
   90.0000000       81.7880936    
   90.2500000       71.9866714    
   90.5000000       63.7085342    
   90.7500000       57.0924263    
   91.0000000       52.2771072    
   91.2500000       49.3883972    
   91.5000000       48.5003586    
   91.7500000       49.6741447    
   92.0000000       52.9708786    
   92.2500000       58.4474068    
   92.5000000       66.1432953    
   92.7500000       76.0938492    
   93.0000000       88.3343430    
   93.2500000       102.898720    
   93.5000000       119.815704    
   93.7500000       139.112640    
   94.0000000       160.816910    
   94.2500000       184.937515    
   94.5000000       211.410034    
   94.7500000       240.151688    

