TitleText: Ni(001)-(5x5)-Li     Beam (1,3/5)              Rfac10=0.2991
 "IV exp
   64.2500000       133.177521    
   64.5000000       138.826538    
   64.7500000       145.076874    
   65.0000000       152.229156    
   65.2500000       160.510773    
   65.5000000       169.855774    
   65.7500000       180.124985    
   66.0000000       191.179153    
   66.2500000       202.873886    
   66.5000000       215.044006    
   66.7500000       227.519211    
   67.0000000       240.129150    
   67.2500000       252.689346    
   67.5000000       264.958740    
   67.7500000       276.682098    
   68.0000000       287.604156    
   68.2500000       297.486603    
   68.5000000       306.158478    
   68.7500000       313.465698    
   69.0000000       319.254181    
   69.2500000       323.425171    
   69.5000000       326.101135    
   69.7500000       327.459869    
   70.0000000       327.679169    
   70.2500000       326.951843    
   70.5000000       325.530762    
   70.7500000       323.683899    
   71.0000000       321.679169    
   71.2500000       319.760071    
   71.5000000       318.072662    
   71.7500000       316.738495    
   72.0000000       315.879181    
   72.2500000       315.601227    
   72.5000000       315.950531    
   72.7500000       316.957886    
   73.0000000       318.654175    
   73.2500000       321.031250    
   73.5000000       323.925354    
   73.7500000       327.133850    
   74.0000000       330.454163    
   74.2500000       333.687134    
   74.5000000       336.648102    
   74.7500000       339.155853    
   75.0000000       341.029175    
   75.2500000       342.108856    
   75.5000000       342.322906    
   75.7500000       341.621338    
   76.0000000       339.954163    
   76.2500000       337.253326    
   76.5000000       333.379028    
   76.7500000       328.173553    
   77.0000000       321.479156    
   77.2500000       313.207550    
   77.5000000       303.548401    
   77.7500000       292.760895    
   78.0000000       281.104156    
   78.2500000       268.857849    
   78.5000000       256.383545    
   78.7500000       244.063293    
   79.0000000       232.279160    
   79.2500000       221.330933    
   79.5000000       211.189224    
   79.7500000       201.742508    
   80.0000000       192.879150    
   80.2500000       184.509842    
   80.5000000       176.634430    
   80.7500000       169.275146    
   81.0000000       162.454147    
   81.2500000       156.202301    
   81.5000000       150.585388    
   81.7500000       145.677856    
   82.0000000       141.554153    
   82.2500000       138.243332    
   82.5000000       135.592651    
   82.7500000       133.403992    
   83.0000000       131.479156    
   83.2500000       129.644241    
   83.5000000       127.822060    
   83.7500000       125.959679    
   84.0000000       124.004158    
   84.2500000       121.917572    
   84.5000000       119.722176    
   84.7500000       117.455284    
   85.0000000       115.154160    
   85.2500000       112.845581    
   85.5000000       110.514168    
   85.7500000       108.133995    
   86.0000000       105.679161    
   86.2500000       103.128967    
   86.5000000       100.483620    
   86.7500000       97.7485428    
   87.0000000       94.9291611    
   87.2500000       92.0431900    
   87.5000000       89.1575546    
   87.7500000       86.3514786    
   88.0000000       83.7041626    
   88.2500000       81.2861176    
   88.5000000       79.1329880    
   88.7500000       77.2716904    
   89.0000000       75.7291565    
   89.2500000       74.5388565    
   89.5000000       73.7604523    
   89.7500000       73.4601593    
   90.0000000       73.7041626    
   90.2500000       74.5263672    
   90.5000000       75.8313904    
   90.7500000       77.4915543    
   91.0000000       79.3791580    
   91.2500000       81.3376617    
   91.5000000       83.0951767    
   91.7500000       84.3509293    
   92.0000000       84.8041611    
   92.2500000       84.2498627    
   92.5000000       82.8659821    
   92.7500000       80.9261932    
   93.0000000       78.7041626    
   93.2500000       76.4526749    
   93.5000000       74.3408585    
   93.7500000       72.5169449    
   94.0000000       71.1291580    
   94.2500000       70.2769089    
   94.5000000       69.8642960    
   94.7500000       69.7466125    
   95.0000000       69.7791595    
   95.2500000       69.8255997    
   95.5000000       69.7831802    
   95.7500000       69.5574951    
   96.0000000       69.0541611    
   96.2500000       68.2135925    
   96.5000000       67.1154480    
   96.7500000       65.8741455    
   97.0000000       64.6041565    
   97.2500000       63.4473152    
   97.5000000       62.6550026    
   97.7500000       62.5060234    
   98.0000000       63.2791595    
   98.2500000       65.1810913    
   98.5000000       68.1301193    
   98.7500000       71.9724121    
   99.0000000       76.5541611    
   99.2500000       81.7298203    
   99.5000000       87.3869629    
   99.7500000       93.4214630    
   100.000000       99.7291565    
   100.250000       106.215210    
   100.500000       112.821953    
   100.750000       119.501060    
   101.000000       126.204155    
   101.250000       132.877258    
   101.500000       139.443878    
   101.750000       145.821884    
   102.000000       151.929153    
   102.250000       157.674515    
   102.500000       162.930588    
   102.750000       167.560944    
   103.000000       171.429153    
   103.250000       174.417969    
   103.500000       176.486832    
   103.750000       177.614365    
   104.000000       177.779160    
   104.250000       177.011749    
   104.500000       175.550156    
   104.750000       173.684311    
   105.000000       171.704147    
   105.250000       169.850220    
   105.500000       168.165604    
   105.750000       166.643997    
   106.000000       165.279144    
   106.250000       164.048615    
   106.500000       162.865448    
   106.750000       161.626648    
   107.000000       160.229141    
   107.250000       158.585709    
   107.500000       156.672440    
   107.750000       154.481262    
   108.000000       152.004150    
   108.250000       149.237350    
   108.500000       146.194687    
   108.750000       142.894241    
   109.000000       139.354156    
   109.250000       135.586243    
   109.500000       131.576874    
   109.750000       127.306168    
   110.000000       122.754166    
   110.250000       117.907890    
   110.500000       112.782135    
   110.750000       107.398651    
   111.000000       101.779160    
   111.250000       95.9755402    
   111.500000       90.1601715    
   111.750000       84.5355377    
   112.000000       79.3041611    
   112.250000       74.6012344    
   112.500000       70.2927780    
   112.750000       66.1775131    
   113.000000       62.0541611    
   113.250000       57.7729912    
   113.500000       53.3905411    
   113.750000       49.0149040    
   114.000000       44.7541618    
   114.250000       40.7176971    
   114.500000       37.0200157    
   114.750000       33.7769051    
   115.000000       31.1041603    
   115.250000       29.0764961    
   115.500000       27.6043625    
   115.750000       26.5571251    
   116.000000       25.8041611    
   116.250000       25.3028336    
   116.500000       25.3624954    
   116.750000       26.3804893    
   117.000000       28.7541599    
   117.250000       32.7695503    
   117.500000       38.2674904    
   117.750000       44.9775162    
   118.000000       52.6291580    
   118.250000       60.9337692    
   118.500000       69.5299911    
   118.750000       78.0383072    
   119.000000       86.0791626    
   119.250000       93.3761978    
   119.500000       100.065620    
   119.750000       106.386818    
   120.000000       112.579163    
   120.250000       118.864548    
   120.500000       125.394997    
   120.750000       132.305023    
   121.000000       139.729156    
   121.250000       147.726501    
   121.500000       156.054367    
   121.750000       164.394623    
   122.000000       172.429153    
   122.250000       179.824677    
   122.500000       186.187454    
   122.750000       191.108566    
   123.000000       194.179153    
   123.250000       195.137589    
   123.500000       194.311371    
   123.750000       192.175278    
   124.000000       189.204147    
   124.250000       185.830368    
   124.500000       182.316986    
   124.750000       178.884689    
   125.000000       175.754150    
   125.250000       173.037704    
   125.500000       170.414322    
   125.750000       167.454605    
   126.000000       163.729156    
   126.250000       158.949966    
   126.500000       153.394409    
   126.750000       147.481216    
   127.000000       141.629150    
   127.250000       136.207672    
   127.500000       131.389236    
   127.750000       127.297012    
   128.000000       124.054161    
   128.250000       121.753227    
   128.500000       120.364189    
   128.750000       119.826385    
   129.000000       120.079155    
   129.250000       121.147713    
   129.500000       123.400818    
   129.750000       127.293091    
   130.000000       133.279160    
   130.250000       141.681244    
   130.500000       152.291885    
   130.750000       164.771149    
   131.000000       178.779160    
   131.250000       193.973328    
   131.500000       210.000381    
   131.750000       226.504318    
   132.000000       243.129166    
   132.250000       259.635925    
   132.500000       276.253448    
   132.750000       293.327606    
   133.000000       311.204193    
   133.250000       330.187286    
   133.500000       350.414001    
   133.750000       371.979492    
   134.000000       394.979156    
   134.250000       419.400848    
   134.500000       444.803101    
   134.750000       470.637146    
   135.000000       496.354187    
   135.250000       521.478821    
   135.500000       545.829834    
   135.750000       569.299133    
   136.000000       591.779114    
   136.250000       613.166504    
   136.500000       633.377563    
   136.750000       652.333130    
   137.000000       669.954163    
   137.250000       686.160339    
   137.500000       700.866089    
   137.750000       713.984619    
   138.000000       725.429138    
   138.250000       735.154602    
   138.500000       743.283020    
   138.750000       749.978210    
   139.000000       755.404114    
   139.250000       759.775024    
   139.500000       763.507874    
   139.750000       767.070129    
   140.000000       770.929138    
   140.250000       775.195007    
   140.500000       778.547791    
   140.750000       779.309998    
   141.000000       775.804138    
   141.250000       766.545410    
   141.500000       750.819519    
   141.750000       728.104675    
   142.000000       697.879150    
   142.250000       660.271545    
   142.500000       618.011414    
   142.750000       574.479004    
   143.000000       533.054138    
   143.250000       496.388367    
   143.500000       464.218933    
   143.750000       435.554596    
   144.000000       409.404144    
   144.250000       384.878113    
   144.500000       361.494019    
   144.750000       338.871246    

 "IV theory
   64.2500000       160.339340    
   64.5000000       155.646927    
   64.7500000       151.721832    
   65.0000000       148.571884    
   65.2500000       146.204712    
   65.5000000       144.626770    
   65.7500000       143.844254    
   66.0000000       143.863312    
   66.2500000       144.683716    
   66.5000000       146.279343    
   66.7500000       148.617676    
   67.0000000       151.666153    
   67.2500000       155.382874    
   67.5000000       159.688324    
   67.7500000       164.493622    
   68.0000000       169.709885    
   68.2500000       175.244522    
   68.5000000       180.989990    
   68.7500000       186.835068    
   69.0000000       192.668472    
   69.2500000       198.380142    
   69.5000000       203.864548    
   69.7500000       209.017303    
   70.0000000       213.734131    
   70.2500000       217.919556    
   70.5000000       221.513977    
   70.7500000       224.466644    
   71.0000000       226.726837    
   71.2500000       228.257309    
   71.5000000       229.074509    
   71.7500000       229.208328    
   72.0000000       228.688705    
   72.2500000       227.550598    
   72.5000000       225.849106    
   72.7500000       223.644470    
   73.0000000       220.996964    
   73.2500000       217.966003    
   73.5000000       214.608200    
   73.7500000       210.979416    
   74.0000000       207.135437    
   74.2500000       203.128998    
   74.5000000       199.000214    
   74.7500000       194.785965    
   75.0000000       190.523193    
   75.2500000       186.243927    
   75.5000000       181.960678    
   75.7500000       177.680984    
   76.0000000       173.412430    
   76.2500000       169.160812    
   76.5000000       164.924606    
   76.7500000       160.700577    
   77.0000000       156.485474    
   77.2500000       152.276199    
   77.5000000       148.070480    
   77.7500000       143.866287    
   78.0000000       139.661575    
   78.2500000       135.454788    
   78.5000000       131.246521    
   78.7500000       127.037857    
   79.0000000       122.829903    
   79.2500000       118.624634    
   79.5000000       114.427391    
   79.7500000       110.244400    
   80.0000000       106.081856    
   80.2500000       101.946297    
   80.5000000       97.8455276    
   80.7500000       93.7876663    
   81.0000000       89.7808304    
   81.2500000       85.8330917    
   81.5000000       81.9522400    
   81.7500000       78.1460495    
   82.0000000       74.4222717    
   82.2500000       70.7882690    
   82.5000000       67.2499313    
   82.7500000       63.8127670    
   83.0000000       60.4822845    
   83.2500000       57.2634163    
   83.5000000       54.1588173    
   83.7500000       51.1705627    
   84.0000000       48.3007240    
   84.2500000       45.5511856    
   84.5000000       42.9229965    
   84.7500000       40.4170189    
   85.0000000       38.0341072    
   85.2500000       35.7750969    
   85.5000000       33.6408195    
   85.7500000       31.6320724    
   86.0000000       29.7496700    
   86.2500000       27.9941406    
   86.5000000       26.3649254    
   86.7500000       24.8611832    
   87.0000000       23.4820728    
   87.2500000       22.2263603    
   87.5000000       21.0912018    
   87.7500000       20.0733662    
   88.0000000       19.1696110    
   88.2500000       18.3765488    
   88.5000000       17.6901836    
   88.7500000       17.1063709    
   89.0000000       16.6209621    
   89.2500000       16.2298355    
   89.5000000       15.9289455    
   89.7500000       15.7142773    
   90.0000000       15.5818090    
   90.2500000       15.5276041    
   90.5000000       15.5480471    
   90.7500000       15.6396065    
   91.0000000       15.7987499    
   91.2500000       16.0220795    
   91.5000000       16.3067284    
   91.7500000       16.6499653    
   92.0000000       17.0490551    
   92.2500000       17.5012970    
   92.5000000       18.0041103    
   92.7500000       18.5549469    
   93.0000000       19.1512547    
   93.2500000       19.7905502    
   93.5000000       20.4706020    
   93.7500000       21.1892376    
   94.0000000       21.9442921    
   94.2500000       22.7343292    
   94.5000000       23.5608349    
   94.7500000       24.4260235    
   95.0000000       25.3321209    
   95.2500000       26.2824059    
   95.5000000       27.2844353    
   95.7500000       28.3468246    
   96.0000000       29.4781990    
   96.2500000       30.6876297    
   96.5000000       31.9860191    
   96.7500000       33.3847237    
   97.0000000       34.8950996    
   97.2500000       36.5282516    
   97.5000000       38.2942505    
   97.7500000       40.2029228    
   98.0000000       42.2640915    
   98.2500000       44.4852257    
   98.5000000       46.8643608    
   98.7500000       49.3971977    
   99.0000000       52.0794258    
   99.2500000       54.9032364    
   99.5000000       57.8467979    
   99.7500000       60.8848000    
   100.000000       63.9919014    
   100.250000       67.1414261    
   100.500000       70.3012314    
   100.750000       73.4377823    
   101.000000       76.5175629    
   101.250000       79.5074310    
   101.500000       82.3756714    
   101.750000       85.0909195    
   102.000000       87.6218338    
   102.250000       89.9396744    
   102.500000       92.0262299    
   102.750000       93.8658981    
   103.000000       95.4430923    
   103.250000       96.7461548    
   103.500000       97.7792892    
   103.750000       98.5506058    
   104.000000       99.0682373    
   104.250000       99.3418274    
   104.500000       99.3869629    
   104.750000       99.2207718    
   105.000000       98.8603516    
   105.250000       98.3225555    
   105.500000       97.6232376    
   105.750000       96.7779922    
   106.000000       95.8024292    
   106.250000       94.7108154    
   106.500000       93.5120316    
   106.750000       92.2136688    
   107.000000       90.8232880    
   107.250000       89.3464127    
   107.500000       87.7805328    
   107.750000       86.1210785    
   108.000000       84.3634949    
   108.250000       82.5023880    
   108.500000       80.5289841    
   108.750000       78.4336395    
   109.000000       76.2067337    
   109.250000       73.8390732    
   109.500000       71.3232498    
   109.750000       68.6522522    
   110.000000       65.8190842    
   110.250000       62.8207741    
   110.500000       59.6703453    
   110.750000       56.3848038    
   111.000000       52.9811821    
   111.250000       49.4824524    
   111.500000       45.9353600    
   111.750000       42.3926048    
   112.000000       38.9068909    
   112.250000       35.5332642    
   112.500000       32.3361168    
   112.750000       29.3822041    
   113.000000       26.7382660    
   113.250000       24.4703484    
   113.500000       22.6417141    
   113.750000       21.3149242    
   114.000000       20.5525475    
   114.250000       20.4118099    
   114.500000       20.9286041    
   114.750000       22.1334972    
   115.000000       24.0570469    
   115.250000       26.7217617    
   115.500000       30.1179333    
   115.750000       34.2277946    
   116.000000       39.0335770    
   116.250000       44.5145950    
   116.500000       50.6384621    
   116.750000       57.3698769    
   117.000000       64.6735306    
   117.250000       72.5141830    
   117.500000       80.8567505    
   117.750000       89.6662064    
   118.000000       98.9075470    
   118.250000       108.543488    
   118.500000       118.527710    
   118.750000       128.811600    
   119.000000       139.346558    
   119.250000       150.080811    
   119.500000       160.949783    
   119.750000       171.885712    
   120.000000       182.820908    
   120.250000       193.686127    
   120.500000       204.406876    
   120.750000       214.907104    
   121.000000       225.110886    
   121.250000       234.942963    
   121.500000       244.331070    
   121.750000       253.203674    
   122.000000       261.489197    
   122.250000       269.122864    
   122.500000       276.066620    
   122.750000       282.289276    
   123.000000       287.759369    
   123.250000       292.455780    
   123.500000       296.397278    
   123.750000       299.612915    
   124.000000       302.131561    
   124.250000       303.985962    
   124.500000       305.223480    
   124.750000       305.895569    
   125.000000       306.053406    
   125.250000       305.747894    
   125.500000       305.028717    
   125.750000       303.945313    
   126.000000       302.546936    
   126.250000       300.883026    
   126.500000       299.003326    
   126.750000       296.957672    
   127.000000       294.795746    
   127.250000       292.567352    
   127.500000       290.321838    
   127.750000       288.108490    
   128.000000       285.976685    
   128.250000       283.975769    
   128.500000       282.155640    
   128.750000       280.566162    
   129.000000       279.257416    
   129.250000       278.278748    
   129.500000       277.677979    
   129.750000       277.502380    
   130.000000       277.799255    
   130.250000       278.611267    
   130.500000       279.962555    
   130.750000       281.872498    
   131.000000       284.360626    
   131.250000       287.439453    
   131.500000       291.093842    
   131.750000       295.301697    
   132.000000       300.041016    
   132.250000       305.287140    
   132.500000       311.005249    
   132.750000       317.158020    
   133.000000       323.708313    
   133.250000       330.618652    
   133.500000       337.852509    
   133.750000       345.373230    
   134.000000       353.144287    
   134.250000       361.127930    
   134.500000       369.282166    
   134.750000       377.563873    
   135.000000       385.929871    
   135.250000       394.335663    
   135.500000       402.730621    
   135.750000       411.062805    
   136.000000       419.280182    
   136.250000       427.330139    
   136.500000       435.157166    
   136.750000       442.705200    
   137.000000       449.918060    
   137.250000       456.740173    
   137.500000       463.118073    
   137.750000       468.998779    
   138.000000       474.329376    
   138.250000       479.061981    
   138.500000       483.168945    
   138.750000       486.627869    
   139.000000       489.416229    
   139.250000       491.519165    
   139.500000       492.951935    
   139.750000       493.737549    
   140.000000       493.898804    
   140.250000       493.461609    
   140.500000       492.463104    
   140.750000       490.943604    
   141.000000       488.943237    
   141.250000       486.501617    
   141.500000       483.656433    
   141.750000       480.444733    
   142.000000       476.903534    
   142.250000       473.067078    
   142.500000       468.957733    
   142.750000       464.595062    
   143.000000       459.998566    
   143.250000       455.183350    
   143.500000       450.146729    
   143.750000       444.881561    
   144.000000       439.380798    
   144.250000       433.635529    
   144.500000       427.630066    
   144.750000       421.346771    

