TitleText: Ni(001)-(5x5)-Li     Beam (1,4/5)              Rfac10=0.1688
 "IV exp
   72.2500000       681.727173    
   72.5000000       678.999512    
   72.7500000       676.342163    
   73.0000000       673.790039    
   73.2500000       671.432373    
   73.5000000       669.574097    
   73.7500000       668.573730    
   74.0000000       668.790039    
   74.2500000       670.574585    
   74.5000000       674.250488    
   74.7500000       680.133667    
   75.0000000       688.540039    
   75.2500000       699.693359    
   75.5000000       713.448608    
   75.7500000       729.568237    
   76.0000000       747.815063    
   76.2500000       767.943359    
   76.5000000       789.673828    
   76.7500000       812.718628    
   77.0000000       836.790039    
   77.2500000       861.569702    
   77.5000000       886.618164    
   77.7500000       911.464844    
   78.0000000       935.640015    
   78.2500000       958.671875    
   78.5000000       980.084229    
   78.7500000       999.399414    
   79.0000000       1016.14001    
   79.2500000       1029.92993    
   79.5000000       1040.80042    
   79.7500000       1048.88452    
   80.0000000       1054.31506    
   80.2500000       1057.21643    
   80.5000000       1057.67896    
   80.7500000       1055.78455    
   81.0000000       1051.61511    
   81.2500000       1045.16858    
   81.5000000       1036.10840    
   81.7500000       1024.01404    
   82.0000000       1008.46509    
   82.2500000       989.357910    
   82.5000000       967.856079    
   82.7500000       945.440063    
   83.0000000       923.590088    
   83.2500000       903.508667    
   83.5000000       885.285767    
   83.7500000       868.733887    
   84.0000000       853.665039    
   84.2500000       839.581299    
   84.5000000       824.744263    
   84.7500000       807.104980    
   85.0000000       784.615112    
   85.2500000       755.933838    
   85.5000000       722.552856    
   85.7500000       686.671631    
   86.0000000       650.489990    
   86.2500000       615.950684    
   86.5000000       583.969360    
   86.7500000       555.204468    
   87.0000000       530.315063    
   87.2500000       509.642151    
   87.5000000       492.257050    
   87.7500000       476.913422    
   88.0000000       462.365051    
   88.2500000       447.674042    
   88.5000000       433.136536    
   88.7500000       419.356995    
   89.0000000       406.940033    
   89.2500000       396.402313    
   89.5000000       387.909027    
   89.7500000       381.537476    
   90.0000000       377.365051    
   90.2500000       375.403473    
   90.5000000       375.402100    
   90.7500000       377.044708    
   91.0000000       380.015045    
   91.2500000       384.049103    
   91.5000000       389.091614    
   91.7500000       395.139587    
   92.0000000       402.190033    
   92.2500000       410.272461    
   92.5000000       419.546722    
   92.7500000       430.205109    
   93.0000000       442.440033    
   93.2500000       456.394196    
   93.5000000       472.011749    
   93.7500000       489.187195    
   94.0000000       507.815033    
   94.2500000       527.780762    
   94.5000000       548.933960    
   94.7500000       571.115112    
   95.0000000       594.165039    
   95.2500000       617.931030    
   95.5000000       642.289307    
   95.7500000       667.123047    
   96.0000000       692.315063    
   96.2500000       717.765137    
   96.5000000       743.439331    
   96.7500000       769.320190    
   97.0000000       795.390015    
   97.2500000       821.651978    
   97.5000000       848.190186    
   97.7500000       875.109619    
   98.0000000       902.515015    
   98.2500000       930.413330    
   98.5000000       958.421143    
   98.7500000       986.057129    
   99.0000000       1012.83997    
   99.2500000       1038.26782    
   99.5000000       1061.75574    
   99.7500000       1082.69836    
   100.000000       1100.49011    
   100.250000       1114.63062    
   100.500000       1125.03992    
   100.750000       1131.74304    
   101.000000       1134.76501    
   101.250000       1134.18713    
   101.500000       1130.31555    
   101.750000       1123.51245    
   102.000000       1114.14001    
   102.250000       1102.53552    
   102.500000       1088.93494    
   102.750000       1073.54944    
   103.000000       1056.59009    
   103.250000       1038.29565    
   103.500000       1019.01636    
   103.750000       999.130249    
   104.000000       979.015015    
   104.250000       959.045166    
   104.500000       939.580322    
   104.750000       920.976563    
   105.000000       903.590088    
   105.250000       887.691406    
   105.500000       873.208862    
   105.750000       859.985718    
   106.000000       847.864990    
   106.250000       836.691528    
   106.500000       826.318237    
   106.750000       816.599487    
   107.000000       807.390015    
   107.250000       798.589600    
   107.500000       790.277344    
   107.750000       782.577637    
   108.000000       775.614990    
   108.250000       769.489624    
   108.500000       764.206543    
   108.750000       759.746338    
   109.000000       756.089966    
   109.250000       753.151123    
   109.500000       750.574097    
   109.750000       747.936401    
   110.000000       744.815063    
   110.250000       740.839600    
   110.500000       735.849365    
   110.750000       729.735718    
   111.000000       722.390015    
   111.250000       713.785889    
   111.500000       704.224731    
   111.750000       694.089966    
   112.000000       683.765015    
   112.250000       673.610962    
   112.500000       663.898315    
   112.750000       654.875244    
   113.000000       646.790039    
   113.250000       639.782471    
   113.500000       633.559814    
   113.750000       627.720947    
   114.000000       621.865112    
   114.250000       615.612793    
   114.500000       608.671631    
   114.750000       600.770996    
   115.000000       591.640015    
   115.250000       581.115845    
   115.500000       569.465942    
   115.750000       557.065613    

 "IV theory
   72.2500000       1035.01367    
   72.5000000       1043.47864    
   72.7500000       1050.77783    
   73.0000000       1057.31799    
   73.2500000       1063.50024    
   73.5000000       1069.70166    
   73.7500000       1076.29395    
   74.0000000       1083.64929    
   74.2500000       1092.10059    
   74.5000000       1101.83105    
   74.7500000       1112.98560    
   75.0000000       1125.70886    
   75.2500000       1140.08887    
   75.5000000       1155.98438    
   75.7500000       1173.19751    
   76.0000000       1191.52979    
   76.2500000       1210.76147    
   76.5000000       1230.58630    
   76.7500000       1250.67688    
   77.0000000       1270.70532    
   77.2500000       1290.34778    
   77.5000000       1309.29370    
   77.7500000       1327.23657    
   78.0000000       1343.86951    
   78.2500000       1358.90332    
   78.5000000       1372.11926    
   78.7500000       1383.31506    
   79.0000000       1392.28931    
   79.2500000       1398.86743    
   79.5000000       1402.98303    
   79.7500000       1404.59644    
   80.0000000       1403.66833    
   80.2500000       1400.16895    
   80.5000000       1394.10693    
   80.7500000       1385.50061    
   81.0000000       1374.36877    
   81.2500000       1360.72974    
   81.5000000       1344.60352    
   81.7500000       1326.01025    
   82.0000000       1304.97034    
   82.2500000       1281.51587    
   82.5000000       1255.72925    
   82.7500000       1227.70410    
   83.0000000       1197.53467    
   83.2500000       1165.33337    
   83.5000000       1131.28308    
   83.7500000       1095.58582    
   84.0000000       1058.44238    
   84.2500000       1020.06158    
   84.5000000       980.679382    
   84.7500000       940.538696    
   85.0000000       899.882690    
   85.2500000       858.952820    
   85.5000000       817.984131    
   85.7500000       777.210327    
   86.0000000       736.864807    
   86.2500000       697.170654    
   86.5000000       658.308960    
   86.7500000       620.449707    
   87.0000000       583.763550    
   87.2500000       548.404724    
   87.5000000       514.463562    
   87.7500000       482.014465    
   88.0000000       451.131592    
   88.2500000       421.883575    
   88.5000000       394.315826    
   88.7500000       368.467957    
   89.0000000       344.379639    
   89.2500000       322.090454    
   89.5000000       301.640198    
   89.7500000       283.068604    
   90.0000000       266.415375    
   90.2500000       251.715164    
   90.5000000       238.981934    
   90.7500000       228.224487    
   91.0000000       219.451691    
   91.2500000       212.664856    
   91.5000000       207.835327    
   91.7500000       204.927032    
   92.0000000       203.903824    
   92.2500000       204.726913    
   92.5000000       207.346848    
   92.7500000       211.711426    
   93.0000000       217.768494    
   93.2500000       225.465652    
   93.5000000       234.749649    
   93.7500000       245.566925    
   94.0000000       257.863922    
   94.2500000       271.582092    
   94.5000000       286.642792    
   94.7500000       302.962280    
   95.0000000       320.456909    
   95.2500000       339.035522    
   95.5000000       358.577850    
   95.7500000       378.956055    
   96.0000000       400.042480    
   96.2500000       421.706512    
   96.5000000       443.806030    
   96.7500000       466.196167    
   97.0000000       488.732117    
   97.2500000       511.269653    
   97.5000000       533.667358    
   97.7500000       555.784485    
   98.0000000       577.480469    
   98.2500000       598.619385    
   98.5000000       619.084656    
   98.7500000       638.764587    
   99.0000000       657.547363    
   99.2500000       675.328857    
   99.5000000       692.033936    
   99.7500000       707.595459    
   100.000000       721.945984    
   100.250000       735.020447    
   100.500000       746.764099    
   100.750000       757.124268    
   101.000000       766.048462    
   101.250000       773.484924    
   101.500000       779.384460    
   101.750000       783.698486    
   102.000000       786.378357    
   102.250000       787.384949    
   102.500000       786.716736    
   102.750000       784.381470    
   103.000000       780.386963    
   103.250000       774.754944    
   103.500000       767.562439    
   103.750000       758.900574    
   104.000000       748.860046    
   104.250000       737.537231    
   104.500000       725.049622    
   104.750000       711.519592    
   105.000000       697.069763    
   105.250000       681.822021    
   105.500000       665.894348    
   105.750000       649.403748    
   106.000000       632.467529    
   106.250000       615.197754    
   106.500000       597.686462    
   106.750000       580.021240    
   107.000000       562.289124    
   107.250000       544.569824    
   107.500000       526.912476    
   107.750000       509.358521    
   108.000000       491.949524    
   108.250000       474.724121    
   108.500000       457.709930    
   108.750000       440.931732    
   109.000000       424.414398    
   109.250000       408.182770    
   109.500000       392.262390    
   109.750000       376.678833    
   110.000000       361.457672    
   110.250000       346.623413    
   110.500000       332.195953    
   110.750000       318.194031    
   111.000000       304.636475    
   111.250000       291.540466    
   111.500000       278.916718    
   111.750000       266.774414    
   112.000000       255.122604    
   112.250000       243.969955    
   112.500000       233.322906    
   112.750000       223.187317    
   113.000000       213.569153    
   113.250000       204.474075    
   113.500000       195.907028    
   113.750000       187.872742    
   114.000000       180.375931    
   114.250000       173.418686    
   114.500000       166.992462    
   114.750000       161.086029    
   115.000000       155.688232    
   115.250000       150.783920    
   115.500000       146.342392    
   115.750000       142.329025    

