TitleText: Ni(001)-(5x5)-Li     Beam (2/5,0)              Rfac10=0.1780
 "IV exp
   21.2500000       235.972534    
   21.5000000       255.603912    
   21.7500000       277.235107    
   22.0000000       301.866028    
   22.2500000       330.247467    
   22.5000000       362.133698    
   22.7500000       397.029816    
   23.0000000       434.441040    
   23.2500000       474.231476    
   23.5000000       517.701355    
   23.7500000       566.509766    
   24.0000000       622.316040    
   24.2500000       686.416626    
   24.5000000       758.657288    
   24.7500000       838.521057    
   25.0000000       925.490967    
   25.2500000       1018.51849    
   25.5000000       1114.42822    
   25.7500000       1209.51306    
   26.0000000       1300.06604    
   26.2500000       1383.18909    
   26.5000000       1459.21997    
   26.7500000       1529.30505    
   27.0000000       1594.59106    
   27.2500000       1656.51611    
   27.5000000       1717.68518    
   27.7500000       1780.99463    
   28.0000000       1849.34106    
   28.2500000       1924.28979    
   28.5000000       2002.08252    
   28.7500000       2077.62939    
   29.0000000       2145.84106    
   29.2500000       2201.75732    
   29.5000000       2240.93433    
   29.7500000       2259.05859    
   30.0000000       2251.81592    
   30.2500000       2216.22412    
   30.5000000       2154.62939    
   30.7500000       2070.70898    
   31.0000000       1968.14111    
   31.2500000       1850.89478    
   31.5000000       1724.10388    
   31.7500000       1593.19421    
   32.0000000       1463.59106    
   32.2500000       1340.23340    
   32.5000000       1226.11401    
   32.7500000       1123.73950    
   33.0000000       1035.61609    
   33.2500000       963.473633    
   33.5000000       905.936279    
   33.7500000       860.851257    
   34.0000000       826.066040    
   34.2500000       799.383057    
   34.5000000       778.424561    
   34.7500000       760.768127    
   35.0000000       743.990967    
   35.2500000       726.144653    
   35.5000000       707.177063    
   35.7500000       687.510254    
   36.0000000       667.565979    
   36.2500000       647.827087    
   36.5000000       629.019104    
   36.7500000       611.928284    
   37.0000000       597.341003    
   37.2500000       585.780396    
   37.5000000       576.717468    
   37.7500000       569.360046    
   38.0000000       562.916016    
   38.2500000       556.646606    
   38.5000000       550.026001    
   38.7500000       542.581604    
   39.0000000       533.841064    
   39.2500000       523.432495    
   39.5000000       511.387390    
   39.7500000       497.837860    
   40.0000000       482.916046    
   40.2500000       466.690369    
   40.5000000       448.973907    
   40.7500000       429.516022    
   41.0000000       408.066071    
   41.2500000       384.507477    
   41.5000000       359.260193    
   41.7500000       332.878357    
   42.0000000       305.916046    
   42.2500000       278.932007    
   42.5000000       252.503510    
   42.7500000       227.212555    
   43.0000000       203.641052    
   43.2500000       182.350693    
   43.5000000       163.822052    
   43.7500000       148.515411    
   44.0000000       136.891037    
   44.2500000       129.321655    
   44.5000000       125.829536    
   44.7500000       126.349426    
   45.0000000       130.816040    
   45.2500000       139.227722    
   45.5000000       151.837280    
   45.7500000       168.961243    
   46.0000000       190.916046    
   46.2500000       217.984833    
   46.5000000       250.317535    
   46.7500000       288.030731    
   47.0000000       331.241028    
   47.2500000       379.772522    
   47.5000000       432.279419    
   47.7500000       487.123352    
   48.0000000       542.666016    
   48.2500000       597.406006    
   48.5000000       650.389099    
   48.7500000       700.798279    
   49.0000000       747.815979    
   49.2500000       790.728088    
   49.5000000       829.231873    
   49.7500000       863.127686    
   50.0000000       892.216003    
   50.2500000       916.355469    
   50.5000000       935.638794    
   50.7500000       950.216919    
   51.0000000       960.240967    
   51.2500000       965.901428    
   51.5000000       967.546509    
   51.7500000       965.563782    
   52.0000000       960.341003    
   52.2500000       952.247925    
   52.5000000       941.583679    
   52.7500000       928.629272    
   53.0000000       913.666016    
   53.2500000       897.010986    
   53.5000000       879.124329    
   53.7500000       860.502258    
   54.0000000       841.640991    
   54.2500000       822.977722    
   54.5000000       804.715027    
   54.7500000       786.996582    
   55.0000000       769.966064    
   55.2500000       753.727600    
   55.5000000       738.227234    
   55.7500000       723.371277    
   56.0000000       709.065979    
   56.2500000       695.186768    
   56.5000000       681.484619    
   56.7500000       667.679382    
   57.0000000       653.491028    
   57.2500000       638.699829    
   57.5000000       623.327271    
   57.7500000       607.455383    
   58.0000000       591.166016    
   58.2500000       574.528931    
   58.5000000       557.564941    
   58.7500000       540.282715    
   59.0000000       522.691040    
   59.2500000       504.797150    
   59.5000000       486.602966    
   59.7500000       468.109070    
   60.0000000       449.316040    
   60.2500000       430.278717    
   60.5000000       411.269409    
   60.7500000       392.614685    
   61.0000000       374.641052    
   61.2500000       357.615417    
   61.5000000       341.565613    
   61.7500000       326.459778    
   62.0000000       312.266052    
   62.2500000       298.940674    
   62.5000000       286.392517    
   62.7500000       274.518616    
   63.0000000       263.216034    
   63.2500000       252.451813    
   63.5000000       242.473114    
   63.7500000       233.597137    
   64.0000000       226.141037    
   64.2500000       220.351028    
   64.5000000       216.189362    
   64.7500000       213.547272    
   65.0000000       212.316040    
   65.2500000       212.343384    
   65.5000000       213.303131    
   65.7500000       214.825577    
   66.0000000       216.541046    
   66.2500000       218.174774    
   66.5000000       219.831833    
   66.7500000       221.712250    
   67.0000000       224.016052    
   67.2500000       226.940125    
   67.5000000       230.668915    
   67.7500000       235.383789    
   68.0000000       241.266052    
   68.2500000       248.446991    
   68.5000000       256.857544    
   68.7500000       266.378601    
   69.0000000       276.891052    
   69.2500000       288.367065    
   69.5000000       301.144073    
   69.7500000       315.650848    
   70.0000000       332.316040    
   70.2500000       351.549408    
   70.5000000       373.684296    
   70.7500000       399.035065    
   71.0000000       427.916046    
   71.2500000       460.490204    
   71.5000000       496.315002    
   71.7500000       534.796570    
   72.0000000       575.341003    
   72.2500000       617.380127    
   72.5000000       660.448792    
   72.7500000       704.107239    
   73.0000000       747.916016    
   73.2500000       791.448853    
   73.5000000       834.332886    
   73.7500000       876.208496    
   74.0000000       916.716064    
   74.2500000       955.522095    
   74.5000000       992.397156    
   74.7500000       1027.13794    
   75.0000000       1059.54102    
   75.2500000       1089.43921    
   75.5000000       1116.80920    
   75.7500000       1141.66382    
   76.0000000       1164.01599    
   76.2500000       1183.75195    
   76.5000000       1200.25281    
   76.7500000       1212.77271    
   77.0000000       1220.56592    
   77.2500000       1222.96216    
   77.5000000       1219.59106    
   77.7500000       1210.15735    
   78.0000000       1194.36609    
   78.2500000       1172.08435    
   78.5000000       1143.82910    
   78.7500000       1110.27991    
   79.0000000       1072.11609    
   79.2500000       1029.99170    
   79.5000000       984.457886    
   79.7500000       936.040710    
   80.0000000       885.265991    
   80.2500000       832.667358    
   80.5000000       778.810547    
   80.7500000       724.268982    
   81.0000000       669.616028    
   81.2500000       615.408325    
   81.5000000       562.133545    
   81.7500000       510.262543    
   82.0000000       460.266052    
   82.2500000       412.665222    
   82.5000000       368.182800    
   82.7500000       327.592041    
   83.0000000       291.666046    
   83.2500000       261.152893    
   83.5000000       236.700195    
   83.7500000       218.930420    
   84.0000000       208.466034    
   84.2500000       205.926483    
   84.5000000       211.918900    
   84.7500000       227.047394    
   85.0000000       251.916046    
   85.2500000       287.033478    
   85.5000000       332.526672    
   85.7500000       388.427063    
   86.0000000       454.766052    
   86.2500000       531.424438    
   86.5000000       617.679993    
   86.7500000       712.659912    
   87.0000000       815.491028    
   87.2500000       925.399353    
   87.5000000       1042.00574    
   87.7500000       1165.02979    
   88.0000000       1294.19092    
   88.2500000       1429.08972    
   88.5000000       1568.84912    
   88.7500000       1712.47339    
   89.0000000       1858.96594    
   89.2500000       2007.20776    
   89.5000000       2155.58667    
   89.7500000       2302.36792    
   90.0000000       2445.81592    
   90.2500000       2584.52930    
   90.5000000       2718.44043    
   90.7500000       2847.81421    
   91.0000000       2972.91602    
   91.2500000       3094.05713    
   91.5000000       3211.72900    
   91.7500000       3326.46948    
   92.0000000       3438.81592    
   92.2500000       3549.04395    
   92.5000000       3656.38599    
   92.7500000       3759.81152    
   93.0000000       3858.29102    
   93.2500000       3950.91382    
   93.5000000       4037.24487    
   93.7500000       4116.96777    
   94.0000000       4189.76611    
   94.2500000       4255.33789    
   94.5000000       4313.44189    
   94.7500000       4363.85205    
   95.0000000       4406.34082    
   95.2500000       4440.75391    
   95.5000000       4467.22266    
   95.7500000       4485.95068    
   96.0000000       4497.14111    
   96.2500000       4501.03564    
   96.5000000       4498.02441    
   96.7500000       4488.53369    
   97.0000000       4472.99121    
   97.2500000       4451.66309    
   97.5000000       4424.16943    
   97.7500000       4389.96729    
   98.0000000       4348.51611    
   98.2500000       4299.39746    
   98.5000000       4242.68750    
   98.7500000       4178.58545    
   99.0000000       4107.29150    
   99.2500000       4029.27246    
   99.5000000       3946.06689    
   99.7500000       3859.47925    
   100.000000       3771.31592    
   100.250000       3683.20654    
   100.500000       3596.08252    
   100.750000       3510.70020    
   101.000000       3427.81616    
   101.250000       3347.96167    
   101.500000       3270.77051    
   101.750000       3195.65259    
   102.000000       3122.01611    
   102.250000       3049.34399    
   102.500000       2977.40991    
   102.750000       2906.06006    
   103.000000       2835.14111    
   103.250000       2764.54395    
   103.500000       2694.33643    
   103.750000       2624.63135    
   104.000000       2555.54102    
   104.250000       2487.20605    
   104.500000       2419.88110    
   104.750000       2353.84863    
   105.000000       2289.39111    
   105.250000       2226.76294    
   105.500000       2166.10449    
   105.750000       2107.52661    
   106.000000       2051.14111    
   106.250000       1997.05627    
   106.500000       1945.36682    
   106.750000       1896.16455    
   107.000000       1849.54102    
   107.250000       1805.66589    
   107.500000       1765.02148    
   107.750000       1728.16809    
   108.000000       1695.66602    
   108.250000       1668.01697    
   108.500000       1645.48718    
   108.750000       1628.28430    
   109.000000       1616.61597    
   109.250000       1610.38074    
   109.500000       1608.24146    
   109.750000       1608.55200    
   110.000000       1609.66602    
   110.250000       1610.24695    
   110.500000       1610.19604    
   110.750000       1609.72388    

 "IV theory
   21.2500000       1324.45374    
   21.5000000       1409.45251    
   21.7500000       1495.79700    
   22.0000000       1583.19092    
   22.2500000       1671.33960    
   22.5000000       1759.95227    
   22.7500000       1848.73901    
   23.0000000       1937.41101    
   23.2500000       2025.68079    
   23.5000000       2113.27197    
   23.7500000       2199.90991    
   24.0000000       2285.32129    
   24.2500000       2369.23145    
   24.5000000       2451.36914    
   24.7500000       2531.46289    
   25.0000000       2609.24072    
   25.2500000       2684.43311    
   25.5000000       2756.77588    
   25.7500000       2826.00708    
   26.0000000       2891.86426    
   26.2500000       2954.10229    
   26.5000000       3012.54370    
   26.7500000       3067.02832    
   27.0000000       3117.39648    
   27.2500000       3163.51245    
   27.5000000       3205.34326    
   27.7500000       3242.88013    
   28.0000000       3276.11523    
   28.2500000       3305.04883    
   28.5000000       3329.71997    
   28.7500000       3350.17725    
   29.0000000       3366.46826    
   29.2500000       3378.64063    
   29.5000000       3386.73779    
   29.7500000       3390.80200    
   30.0000000       3390.87598    
   30.2500000       3387.00073    
   30.5000000       3379.21118    
   30.7500000       3367.54077    
   31.0000000       3352.02222    
   31.2500000       3332.68701    
   31.5000000       3309.55640    
   31.7500000       3282.64868    
   32.0000000       3251.98340    
   32.2500000       3217.57764    
   32.5000000       3179.44189    
   32.7500000       3137.58569    
   33.0000000       3092.01904    
   33.2500000       3042.75293    
   33.5000000       2989.81152    
   33.7500000       2933.21997    
   34.0000000       2873.00366    
   34.2500000       2809.21753    
   34.5000000       2742.02905    
   34.7500000       2671.63452    
   35.0000000       2598.23047    
   35.2500000       2522.05542    
   35.5000000       2443.51538    
   35.7500000       2363.05859    
   36.0000000       2281.13330    
   36.2500000       2198.20483    
   36.5000000       2114.80518    
   36.7500000       2031.48291    
   37.0000000       1948.78711    
   37.2500000       1867.26062    
   37.5000000       1787.42407    
   37.7500000       1709.79199    
   38.0000000       1634.87952    
   38.2500000       1563.15527    
   38.5000000       1494.90515    
   38.7500000       1430.36890    
   39.0000000       1369.78625    
   39.2500000       1313.32837    
   39.5000000       1260.89197    
   39.7500000       1212.30469    
   40.0000000       1167.39429    
   40.2500000       1125.96265    
   40.5000000       1087.70703    
   40.7500000       1052.29858    
   41.0000000       1019.40863    
   41.2500000       988.712769    
   41.5000000       959.906250    
   41.7500000       932.688599    
   42.0000000       906.759399    
   42.2500000       881.845642    
   42.5000000       857.782532    
   42.7500000       834.432861    
   43.0000000       811.659058    
   43.2500000       789.364746    
   43.5000000       767.618713    
   43.7500000       746.530518    
   44.0000000       726.209900    
   44.2500000       706.782654    
   44.5000000       688.438232    
   44.7500000       671.382080    
   45.0000000       655.819763    
   45.2500000       641.952454    
   45.5000000       629.965088    
   45.7500000       620.038269    
   46.0000000       612.352600    
   46.2500000       607.058777    
   46.5000000       604.187195    
   46.7500000       603.738281    
   47.0000000       605.712280    
   47.2500000       610.064514    
   47.5000000       616.569763    
   47.7500000       624.957703    
   48.0000000       634.957886    
   48.2500000       646.282532    
   48.5000000       658.574280    
   48.7500000       671.458252    
   49.0000000       684.559509    
   49.2500000       697.507324    
   49.5000000       709.947693    
   49.7500000       721.530334    
   50.0000000       731.905151    
   50.2500000       740.750610    
   50.5000000       747.858765    
   50.7500000       753.049927    
   51.0000000       756.144592    
   51.2500000       757.006226    
   51.5000000       755.670105    
   51.7500000       752.214600    
   52.0000000       746.717957    
   52.2500000       739.274597    
   52.5000000       730.042480    
   52.7500000       719.195862    
   53.0000000       706.908813    
   53.2500000       693.353699    
   53.5000000       678.696350    
   53.7500000       663.101013    
   54.0000000       646.731934    
   54.2500000       629.750305    
   54.5000000       612.306152    
   54.7500000       594.546631    
   55.0000000       576.618774    
   55.2500000       558.664673    
   55.5000000       540.806458    
   55.7500000       523.161377    
   56.0000000       505.846436    
   56.2500000       488.977448    
   56.5000000       472.664276    
   56.7500000       457.015320    
   57.0000000       442.138916    
   57.2500000       428.142578    
   57.5000000       415.129120    
   57.7500000       403.200562    
   58.0000000       392.458801    
   58.2500000       382.992706    
   58.5000000       374.838654    
   58.7500000       368.019836    
   59.0000000       362.559692    
   59.2500000       358.462097    
   59.5000000       355.653564    
   59.7500000       354.041199    
   60.0000000       353.532257    
   60.2500000       354.026398    
   60.5000000       355.393341    
   60.7500000       357.495331    
   61.0000000       360.194702    
   61.2500000       363.355316    
   61.5000000       366.848053    
   61.7500000       370.545380    
   62.0000000       374.319641    
   62.2500000       378.054871    
   62.5000000       381.680328    
   62.7500000       385.136871    
   63.0000000       388.365082    
   63.2500000       391.323090    
   63.5000000       394.037872    
   63.7500000       396.553864    
   64.0000000       398.915375    
   64.2500000       401.173065    
   64.5000000       403.402710    
   64.7500000       405.686554    
   65.0000000       408.106628    
   65.2500000       410.744904    
   65.5000000       413.682159    
   65.7500000       416.999023    
   66.0000000       420.776093    
   66.2500000       425.097168    
   66.5000000       430.059082    
   66.7500000       435.761902    
   67.0000000       442.305573    
   67.2500000       449.794678    
   67.5000000       458.350922    
   67.7500000       468.100555    
   68.0000000       479.169769    
   68.2500000       491.687103    
   68.5000000       505.790222    
   68.7500000       521.619019    
   69.0000000       539.313477    
   69.2500000       559.010986    
   69.5000000       580.838989    
   69.7500000       604.922058    
   70.0000000       631.384949    
   70.2500000       660.327209    
   70.5000000       691.747192    
   70.7500000       725.617920    
   71.0000000       761.912476    
   71.2500000       800.566223    
   71.5000000       841.363770    
   71.7500000       884.052185    
   72.0000000       928.378357    
   72.2500000       974.075134    
   72.5000000       1020.81885    
   72.7500000       1068.27148    
   73.0000000       1116.09546    
   73.2500000       1163.95459    
   73.5000000       1211.52014    
   73.7500000       1258.46460    
   74.0000000       1304.46106    
   74.2500000       1349.18811    
   74.5000000       1392.34717    
   74.7500000       1433.64526    
   75.0000000       1472.78943    
   75.2500000       1509.49646    
   75.5000000       1543.52063    
   75.7500000       1574.62634    
   76.0000000       1602.57751    
   76.2500000       1627.14026    
   76.5000000       1648.09009    
   76.7500000       1665.20361    
   77.0000000       1678.25867    
   77.2500000       1687.03687    
   77.5000000       1691.33704    
   77.7500000       1690.96277    
   78.0000000       1685.71753    
   78.2500000       1675.45398    
   78.5000000       1660.22290    
   78.7500000       1640.12427    
   79.0000000       1615.25806    
   79.2500000       1585.79761    
   79.5000000       1552.20850    
   79.7500000       1515.02954    
   80.0000000       1474.79968    
   80.2500000       1432.08594    
   80.5000000       1387.56885    
   80.7500000       1341.95703    
   81.0000000       1295.95886    
   81.2500000       1250.27661    
   81.5000000       1205.58594    
   81.7500000       1162.55579    
   82.0000000       1121.85510    
   82.2500000       1084.10815    
   82.5000000       1049.75928    
   82.7500000       1019.20764    
   83.0000000       992.853027    
   83.2500000       971.026672    
   83.5000000       953.787720    
   83.7500000       941.127258    
   84.0000000       933.036316    
   84.2500000       929.481079    
   84.5000000       930.327148    
   84.7500000       935.415527    
   85.0000000       944.587097    
   85.2500000       957.684265    
   85.5000000       974.556885    
   85.7500000       995.056274    
   86.0000000       1019.03394    
   86.2500000       1046.33704    
   86.5000000       1076.79541    
   86.7500000       1110.23462    
   87.0000000       1146.48071    
   87.2500000       1185.35352    
   87.5000000       1226.65210    
   87.7500000       1270.16968    
   88.0000000       1315.69971    
   88.2500000       1363.03320    
   88.5000000       1411.95313    
   88.7500000       1462.23950    
   89.0000000       1513.67322    
   89.2500000       1566.03467    
   89.5000000       1619.10681    
   89.7500000       1672.67212    
   90.0000000       1726.51318    
   90.2500000       1780.41528    
   90.5000000       1834.17090    
   90.7500000       1887.57495    
   91.0000000       1940.42249    
   91.2500000       1992.51123    
   91.5000000       2043.65210    
   91.7500000       2093.65918    
   92.0000000       2142.34644    
   92.2500000       2189.52881    
   92.5000000       2235.02466    
   92.7500000       2278.65234    
   93.0000000       2320.23145    
   93.2500000       2359.58203    
   93.5000000       2396.52856    
   93.7500000       2430.89771    
   94.0000000       2462.51563    
   94.2500000       2491.22241    
   94.5000000       2516.91260    
   94.7500000       2539.49414    
   95.0000000       2558.87695    
   95.2500000       2574.98926    
   95.5000000       2587.84180    
   95.7500000       2597.46606    
   96.0000000       2603.89380    
   96.2500000       2607.16309    
   96.5000000       2607.34277    
   96.7500000       2604.50879    
   97.0000000       2598.73755    
   97.2500000       2590.10400    
   97.5000000       2578.68457    
   97.7500000       2564.55444    
   98.0000000       2547.78931    
   98.2500000       2528.47070    
   98.5000000       2506.70557    
   98.7500000       2482.60693    
   99.0000000       2456.28784    
   99.2500000       2427.87061    
   99.5000000       2397.51270    
   99.7500000       2365.38159    
   100.000000       2331.64404    
   100.250000       2296.47070    
   100.500000       2260.04492    
   100.750000       2222.55518    
   101.000000       2184.18872    
   101.250000       2145.13232    
   101.500000       2105.57104    
   101.750000       2065.68970    
   102.000000       2025.67200    
   102.250000       1985.70068    
   102.500000       1945.94824    
   102.750000       1906.58521    
   103.000000       1867.78223    
   103.250000       1829.70593    
   103.500000       1792.50830    
   103.750000       1756.33716    
   104.000000       1721.34094    
   104.250000       1687.66675    
   104.500000       1655.45776    
   104.750000       1624.85706    
   105.000000       1596.00659    
   105.250000       1569.04797    
   105.500000       1544.11548    
   105.750000       1521.34277    
   106.000000       1500.86328    
   106.250000       1482.79260    
   106.500000       1467.17700    
   106.750000       1454.04456    
   107.000000       1443.42432    
   107.250000       1435.31860    
   107.500000       1429.62585    
   107.750000       1426.21899    
   108.000000       1424.97046    
   108.250000       1425.74316    
   108.500000       1428.36182    
   108.750000       1432.64111    
   109.000000       1438.39612    
   109.250000       1445.44226    
   109.500000       1453.59827    
   109.750000       1462.68372    
   110.000000       1472.51807    
   110.250000       1482.92004    
   110.500000       1493.70544    
   110.750000       1504.68884    

