TitleText: Ni(001)-(5x5)-Li     Beam (3/5,1/5)            Rfac10=0.3374
 "IV exp
   40.2500000       270.659882    
   40.5000000       271.348358    
   40.7500000       271.985504    
   41.0000000       272.545685    
   41.2500000       273.003815    
   41.5000000       273.337646    
   41.7500000       273.525482    
   42.0000000       273.545685    
   42.2500000       273.386017    
   42.5000000       273.072021    
   42.7500000       272.638641    
   43.0000000       272.120697    
   43.2500000       271.564026    
   43.5000000       271.057709    
   43.7500000       270.701630    
   44.0000000       270.595703    
   44.2500000       270.815216    
   44.5000000       271.336945    
   44.7500000       272.113037    
   45.0000000       273.095703    
   45.2500000       274.250092    
   45.5000000       275.593719    
   45.7500000       277.157104    
   46.0000000       278.970703    
   46.2500000       281.079285    
   46.5000000       283.584229    
   46.7500000       286.601166    
   47.0000000       290.245697    
   47.2500000       294.602356    
   47.5000000       299.631073    
   47.7500000       305.260895    
   48.0000000       311.420685    
   48.2500000       318.045349    
   48.5000000       325.093689    
   48.7500000       332.530548    
   49.0000000       340.320679    
   49.2500000       348.448975    
   49.5000000       356.980682    
   49.7500000       366.001099    
   50.0000000       375.595673    
   50.2500000       385.834412    
   50.5000000       396.726471    
   50.7500000       408.265594    
   51.0000000       420.445679    
   51.2500000       433.225616    
   51.5000000       446.425049    
   51.7500000       459.828522    
   52.0000000       473.220703    
   52.2500000       486.390228    
   52.5000000       499.141296    
   52.7500000       511.282074    
   53.0000000       522.620667    
   53.2500000       532.980591    
   53.5000000       542.246460    
   53.7500000       550.318237    
   54.0000000       557.095703    
   54.2500000       562.507263    
   54.5000000       566.593933    
   54.7500000       569.425293    
   55.0000000       571.070679    
   55.2500000       571.602112    
   55.5000000       571.101868    
   55.7500000       569.654785    
   56.0000000       567.345642    
   56.2500000       564.247375    
   56.5000000       560.385071    
   56.7500000       555.771790    
   57.0000000       550.420654    
   57.2500000       544.346252    
   57.5000000       537.569275    
   57.7500000       530.111633    
   58.0000000       521.995667    
   58.2500000       513.244995    
   58.5000000       503.890076    
   58.7500000       493.962982    
   59.0000000       483.495697    
   59.2500000       472.532532    
   59.5000000       461.166351    
   59.7500000       449.502380    
   60.0000000       437.645691    
   60.2500000       425.709625    
   60.5000000       413.840454    
   60.7500000       402.192627    
   61.0000000       390.920685    
   61.2500000       380.172638    
   61.5000000       370.070984    
   61.7500000       360.731628    
   62.0000000       352.270691    
   62.2500000       344.747345    
   62.5000000       337.993591    
   62.7500000       331.784637    
   63.0000000       325.895691    
   63.2500000       320.152344    
   63.5000000       314.581940    
   63.7500000       309.262146    
   64.0000000       304.270691    
   64.2500000       299.663483    
   64.5000000       295.409088    
   64.7500000       291.454254    
   65.0000000       287.745697    
   65.2500000       284.229553    
   65.5000000       280.849579    
   65.7500000       277.548920    
   66.0000000       274.270691    
   66.2500000       271.026031    
   66.5000000       268.097961    
   66.7500000       265.837494    
   67.0000000       264.595673    
   67.2500000       264.618195    
   67.5000000       265.729553    
   67.7500000       267.648987    
   68.0000000       270.095673    
   68.2500000       272.820190    
   68.5000000       275.698517    
   68.7500000       278.637878    
   69.0000000       281.545685    
   69.2500000       284.375092    
   69.5000000       287.263000    
   69.7500000       290.392242    
   70.0000000       293.945679    
   70.2500000       298.055908    
   70.5000000       302.654846    
   70.7500000       307.624176    
   71.0000000       312.845673    
   71.2500000       318.215607    
   71.5000000       323.688660    
   71.7500000       329.233948    
   72.0000000       334.820679    
   72.2500000       340.397430    
   72.5000000       345.830261    
   72.7500000       350.964569    
   73.0000000       355.645691    
   73.2500000       359.745667    
   73.5000000       363.242523    
   73.7500000       366.140991    
   74.0000000       368.445679    
   74.2500000       370.172974    
   74.5000000       371.386200    
   74.7500000       372.160400    
   75.0000000       372.570679    
   75.2500000       372.636536    
   75.5000000       372.155487    
   75.7500000       370.869568    
   76.0000000       368.520691    
   76.2500000       364.929565    
   76.5000000       360.231537    
   76.7500000       354.640594    
   77.0000000       348.370697    
   77.2500000       341.644318    
   77.5000000       334.717468    
   77.7500000       327.854736    
   78.0000000       321.320679    
   78.2500000       315.317047    
   78.5000000       309.794647    
   78.7500000       304.641541    
   79.0000000       299.745697    
   79.2500000       295.022583    
   79.5000000       290.496887    
   79.7500000       286.220581    
   80.0000000       282.245697    
   80.2500000       278.615234    
   80.5000000       275.335815    
   80.7500000       272.405090    
   81.0000000       269.820679    
   81.2500000       267.579376    
   81.5000000       265.674683    
   81.7500000       264.099243    
   82.0000000       262.845703    
   82.2500000       261.893311    
   82.5000000       261.167725    
   82.7500000       260.581085    
   83.0000000       260.045685    
   83.2500000       259.496094    
   83.5000000       258.956696    
   83.7500000       258.474304    
   84.0000000       258.095673    
   84.2500000       257.870605    
   84.5000000       257.860809    
   84.7500000       258.130951    
   85.0000000       258.745697    
   85.2500000       259.721710    
   85.5000000       260.883575    
   85.7500000       262.007721    
   86.0000000       262.870697    
   86.2500000       263.302185    
   86.5000000       263.344696    
   86.7500000       263.093964    
   87.0000000       262.645691    
   87.2500000       262.105804    
   87.5000000       261.621155    
   87.7500000       261.348755    
   88.0000000       261.445679    
   88.2500000       262.042450    
   88.5000000       263.163544    
   88.7500000       264.806976    
   89.0000000       266.970673    
   89.2500000       269.651978    
   89.5000000       272.845581    
   89.7500000       276.545502    
   90.0000000       280.745697    
   90.2500000       285.444733    
   90.5000000       290.659424    
   90.7500000       296.410950    
   91.0000000       302.720703    
   91.2500000       309.599426    
   91.5000000       317.015991    
   91.7500000       324.928650    
   92.0000000       333.295715    
   92.2500000       342.034821    
   92.5000000       350.900879    
   92.7500000       359.608124    
   93.0000000       367.870697    
   93.2500000       375.424530    
   93.5000000       382.092163    
   93.7500000       387.717804    
   94.0000000       392.145691    
   94.2500000       395.280670    
   94.5000000       397.270233    
   94.7500000       398.322540    
   95.0000000       398.645691    
   95.2500000       398.395660    
   95.5000000       397.519775    
   95.7500000       395.913116    
   96.0000000       393.470703    
   96.2500000       390.119385    
   96.5000000       385.912323    
   96.7500000       380.934448    
   97.0000000       375.270691    
   97.2500000       369.094818    
   97.5000000       362.936371    
   97.7500000       357.413849    
   98.0000000       353.145691    
   98.2500000       350.565399    
   98.5000000       349.366333    
   98.7500000       349.056976    
   99.0000000       349.145691    
   99.2500000       349.168182    
   99.5000000       348.769287    
   99.7500000       347.621094    
   100.000000       345.395691    
   100.250000       341.891479    
   100.500000       337.411896    
   100.750000       332.386749    
   101.000000       327.245697    
   101.250000       322.335388    
   101.500000       317.669708    
   101.750000       313.179535    
   102.000000       308.795685    
   102.250000       304.425598    
   102.500000       299.883423    
   102.750000       294.959869    
   103.000000       289.445709    
   103.250000       283.175446    
   103.500000       276.158295    
   103.750000       268.447388    
   104.000000       260.095703    
   104.250000       251.215668    
   104.500000       242.157532    
   104.750000       233.330994    
   105.000000       225.145691    
   105.250000       217.962616    
   105.500000       211.948151    
   105.750000       207.219940    
   106.000000       203.895691    
   106.250000       202.040375    
   106.500000       201.508331    
   106.750000       202.101227    
   107.000000       203.620697    
   107.250000       205.835571    
   107.500000       208.383270    
   107.750000       210.868439    
   108.000000       212.895691    
   108.250000       214.134491    
   108.500000       214.513916    
   108.750000       214.027985    
   109.000000       212.670685    
   109.250000       210.545959    
   109.500000       208.197693    
   109.750000       206.279663    
   110.000000       205.445679    
   110.250000       206.197510    
   110.500000       208.428772    
   110.750000       211.880981    
   111.000000       216.295685    
   111.250000       221.285248    
   111.500000       225.945587    
   111.750000       229.243500    
   112.000000       230.145691    
   112.250000       227.916016    
   112.500000       223.006653    
   112.750000       216.166809    
   113.000000       208.145691    
   113.250000       199.686066    
   113.500000       191.504974    
   113.750000       184.312988    
   114.000000       178.820679    
   114.250000       175.490753    
   114.500000       173.794403    
   114.750000       172.954926    
   115.000000       172.195679    
   115.250000       170.882050    
   115.500000       168.947784    
   115.750000       166.468719    
   116.000000       163.520691    
   116.250000       160.275848    
   116.500000       157.291687    
   116.750000       155.222015    
   117.000000       154.720673    
   117.250000       156.306641    
   117.500000       159.959564    
   117.750000       165.524292    
   118.000000       172.845673    
   118.250000       181.659973    
   118.500000       191.269135    
   118.750000       200.866577    
   119.000000       209.645691    
   119.250000       216.932281    
   119.500000       222.581757    
   119.750000       226.581940    
   120.000000       228.920685    
   120.250000       229.627991    
   120.500000       228.902924    
   120.750000       226.986755    
   121.000000       224.120697    
   121.250000       220.629059    
   121.500000       217.168121    
   121.750000       214.477203    
   122.000000       213.295685    
   122.250000       214.365479    
   122.500000       218.439331    
   122.750000       226.272583    
   123.000000       238.620667    
   123.250000       255.881958    
   123.500000       277.026764    
   123.750000       300.668579    
   124.000000       325.420715    
   124.250000       350.009003    
   124.500000       373.608948    
   124.750000       395.508575    
   125.000000       414.995697    
   125.250000       431.652344    
   125.500000       446.236542    
   125.750000       459.800293    
   126.000000       473.395691    
   126.250000       487.917511    
   126.500000       503.631500    
   126.750000       520.646362    
   127.000000       539.070679    
   127.250000       558.947510    
   127.500000       580.058411    
   127.750000       602.119141    
   128.000000       624.845642    
   128.250000       647.969788    
   128.500000       671.287048    
   128.750000       694.608521    
   129.000000       717.745667    
   129.250000       740.538452    
   129.500000       762.942322    
   129.750000       784.941589    
   130.000000       806.520630    
   130.250000       827.683899    
   130.500000       848.517456    
   130.750000       869.127625    
   131.000000       889.620667    
   131.250000       909.984436    
   131.500000       929.733521    
   131.750000       948.263611    
   132.000000       964.970703    
   132.250000       979.349426    
   132.500000       991.288391    
   132.750000       1000.77472    
   133.000000       1007.79572    
   133.250000       1012.35266    
   133.500000       1014.50299    
   133.750000       1014.31836    
   134.000000       1011.87067    
   134.250000       1007.26746    
   134.500000       1000.76135    
   134.750000       992.641235    
   135.000000       983.195679    
   135.250000       972.692200    
   135.500000       961.312927    
   135.750000       949.218811    
   136.000000       936.570679    
   136.250000       923.434692    
   136.500000       909.498352    
   136.750000       894.354431    
   137.000000       877.595642    
   137.250000       859.014526    
   137.500000       839.202026    
   137.750000       818.948914    
   138.000000       799.045654    
   138.250000       780.160400    
   138.500000       762.470459    
   138.750000       746.030701    
   139.000000       730.895691    
   139.250000       717.066223    
   139.500000       704.327454    
   139.750000       692.410278    
   140.000000       681.045715    
   140.250000       670.058411    
   140.500000       659.647034    
   140.750000       650.103699    
   141.000000       641.720703    
   141.250000       634.681030    
   141.500000       628.730652    
   141.750000       623.506592    

 "IV theory
   40.2500000       42.2180481    
   40.5000000       39.4995728    
   40.7500000       36.9691124    
   41.0000000       34.6275444    
   41.2500000       32.4757004    
   41.5000000       30.5141563    
   41.7500000       28.7434292    
   42.0000000       27.1640415    
   42.2500000       25.7758160    
   42.5000000       24.5758018    
   42.7500000       23.5603619    
   43.0000000       22.7258530    
   43.2500000       22.0675545    
   43.5000000       21.5764217    
   43.7500000       21.2423382    
   44.0000000       21.0551777    
   44.2500000       21.0043926    
   44.5000000       21.0777016    
   44.7500000       21.2623959    
   45.0000000       21.5457726    
   45.2500000       21.9151917    
   45.5000000       22.3583012    
   45.7500000       22.8628216    
   46.0000000       23.4164734    
   46.2500000       24.0074806    
   46.5000000       24.6260757    
   46.7500000       25.2629967    
   47.0000000       25.9089851    
   47.2500000       26.5555763    
   47.5000000       27.1975250    
   47.7500000       27.8303909    
   48.0000000       28.4497280    
   48.2500000       29.0513878    
   48.5000000       29.6324291    
   48.7500000       30.1901951    
   49.0000000       30.7220440    
   49.2500000       31.2253437    
   49.5000000       31.6975441    
   49.7500000       32.1361160    
   50.0000000       32.5385284    
   50.2500000       32.9027901    
   50.5000000       33.2290764    
   50.7500000       33.5181007    
   51.0000000       33.7705688    
   51.2500000       33.9880257    
   51.5000000       34.1753082    
   51.7500000       34.3380852    
   52.0000000       34.4820175    
   52.2500000       34.6131172    
   52.5000000       34.7387428    
   52.7500000       34.8665962    
   53.0000000       35.0043678    
   53.2500000       35.1596832    
   53.5000000       35.3398209    
   53.7500000       35.5519867    
   54.0000000       35.8033867    
   54.2500000       36.1004829    
   54.5000000       36.4467812    
   54.7500000       36.8450584    
   55.0000000       37.2980843    
   55.2500000       37.8074608    
   55.5000000       38.3701668    
   55.7500000       38.9820175    
   56.0000000       39.6388130    
   56.2500000       40.3359070    
   56.5000000       41.0668182    
   56.7500000       41.8245926    
   57.0000000       42.6022797    
   57.2500000       43.3930016    
   57.5000000       44.1901474    
   57.7500000       44.9871864    
   58.0000000       45.7775764    
   58.2500000       46.5552330    
   58.5000000       47.3158379    
   58.7500000       48.0555229    
   59.0000000       48.7704163    
   59.2500000       49.4573708    
   59.5000000       50.1160660    
   59.7500000       50.7469025    
   60.0000000       51.3502693    
   60.2500000       51.9268341    
   60.5000000       52.4783592    
   60.7500000       53.0068512    
   61.0000000       53.5143433    
   61.2500000       54.0028458    
   61.5000000       54.4743576    
   61.7500000       54.9308624    
   62.0000000       55.3743591    
   62.2500000       55.8070374    
   62.5000000       56.2318306    
   62.7500000       56.6518822    
   63.0000000       57.0703430    
   63.2500000       57.4906273    
   63.5000000       57.9173241    
   63.7500000       58.3553085    
   64.0000000       58.8094330    
   64.2500000       59.2846947    
   64.5000000       59.7865334    
   64.7500000       60.3204994    
   65.0000000       60.8921585    
   65.2500000       61.5070610    
   65.5000000       62.1706772    
   65.7500000       62.8884697    
   66.0000000       63.6659203    
   66.2500000       64.5084076    
   66.5000000       65.4210434    
   66.7500000       66.4088821    
   67.0000000       67.4769287    
   67.2500000       68.6300964    
   67.5000000       69.8727493    
   67.7500000       71.2090988    
   68.0000000       72.6433945    
   68.2500000       74.1798325    
   68.5000000       75.8226700    
   68.7500000       77.5761490    
   69.0000000       79.4445114    
   69.2500000       81.4318008    
   69.5000000       83.5412827    
   69.7500000       85.7760544    
   70.0000000       88.1391830    
   70.2500000       90.6312332    
   70.5000000       93.2427521    
   70.7500000       95.9617691    
   71.0000000       98.7763138    
   71.2500000       101.670540    
   71.5000000       104.613113    
   71.7500000       107.568810    
   72.0000000       110.502434    
   72.2500000       113.377151    
   72.5000000       116.149742    
   72.7500000       118.775314    
   73.0000000       121.209038    
   73.2500000       123.406525    
   73.5000000       125.325272    
   73.7500000       126.923225    
   74.0000000       128.158356    
   74.2500000       128.993118    
   74.5000000       129.407913    
   74.7500000       129.387665    
   75.0000000       128.917282    
   75.2500000       127.988708    
   75.5000000       126.622093    
   75.7500000       124.844627    
   76.0000000       122.683472    
   76.2500000       120.168587    
   76.5000000       117.341003    
   76.7500000       114.244492    
   77.0000000       110.922867    
   77.2500000       107.419594    
   77.5000000       103.776871    
   77.7500000       100.036575    
   78.0000000       96.2406082    
   78.2500000       92.4294128    
   78.5000000       88.6376877    
   78.7500000       84.8987045    
   79.0000000       81.2457123    
   79.2500000       77.7096329    
   79.5000000       74.3119431    
   79.7500000       71.0718002    
   80.0000000       68.0083160    
   80.2500000       65.1397781    
   80.5000000       62.4810448    
   80.7500000       60.0461082    
   81.0000000       57.8489799    
   81.2500000       55.9035454    
   81.5000000       54.2232056    
   81.7500000       52.8212662    
   82.0000000       51.7110023    
   82.2500000       50.9033928    
   82.5000000       50.4000778    
   82.7500000       50.2003860    
   83.0000000       50.3036385    
   83.2500000       50.7055740    
   83.5000000       51.3876305    
   83.7500000       52.3276558    
   84.0000000       53.5035133    
   84.2500000       54.8916054    
   84.5000000       56.4625015    
   84.7500000       58.1853333    
   85.0000000       60.0292397    
   85.2500000       61.9636497    
   85.5000000       63.9592819    
   85.7500000       65.9871597    
   86.0000000       68.0183105    
   86.2500000       70.0264893    
   86.5000000       71.9961777    
   86.7500000       73.9146118    
   87.0000000       75.7690125    
   87.2500000       77.5508194    
   87.5000000       79.2684402    
   87.7500000       80.9344559    
   88.0000000       82.5614853    
   88.2500000       84.1638718    
   88.5000000       85.7627563    
   88.7500000       87.3810349    
   89.0000000       89.0415497    
   89.2500000       90.7668228    
   89.5000000       92.5779114    
   89.7500000       94.4955139    
   90.0000000       96.5403061    
   90.2500000       98.7299423    
   90.5000000       101.069824    
   90.7500000       103.562363    
   91.0000000       106.209892    
   91.2500000       109.010002    
   91.5000000       111.941101    
   91.7500000       114.976799    
   92.0000000       118.090668    
   92.2500000       121.254417    
   92.5000000       124.431984    
   92.7500000       127.585388    
   93.0000000       130.676651    
   93.2500000       133.668182    
   93.5000000       136.523972    
   93.7500000       139.208389    
   94.0000000       141.685791    
   94.2500000       143.923767    
   94.5000000       145.902740    
   94.7500000       147.606247    
   95.0000000       149.017944    
   95.2500000       150.126450    
   95.5000000       150.940674    
   95.7500000       151.474411    
   96.0000000       151.741623    
   96.2500000       151.758163    
   96.5000000       151.547958    
   96.7500000       151.136856    
   97.0000000       150.550751    
   97.2500000       149.815277    
   97.5000000       148.954803    
   97.7500000       147.993530    
   98.0000000       146.955551    
   98.2500000       145.863144    
   98.5000000       144.731186    
   98.7500000       143.572662    
   99.0000000       142.400604    
   99.2500000       141.225006    
   99.5000000       140.044144    
   99.7500000       138.853287    
   100.000000       137.647736    
   100.250000       136.421585    
   100.500000       135.164276    
   100.750000       133.863998    
   101.000000       132.509003    
   101.250000       131.087723    
   101.500000       129.589447    
   101.750000       128.003616    
   102.000000       126.319725    
   102.250000       124.528793    
   102.500000       122.628036    
   102.750000       120.616257    
   103.000000       118.492226    
   103.250000       116.257164    
   103.500000       113.922089    
   103.750000       111.500488    
   104.000000       109.005798    
   104.250000       106.452484    
   104.500000       103.858910    
   104.750000       101.244423    
   105.000000       98.6283646    
   105.250000       96.0298843    
   105.500000       93.4674377    
   105.750000       90.9592743    
   106.000000       88.5236435    
   106.250000       86.1774216    
   106.500000       83.9318314    
   106.750000       81.7967453    
   107.000000       79.7819977    
   107.250000       77.8952255    
   107.500000       76.1352158    
   107.750000       74.4985275    
   108.000000       72.9817276    
   108.250000       71.5805130    
   108.500000       70.2870865    
   108.750000       69.0927811    
   109.000000       67.9889145    
   109.250000       66.9669342    
   109.500000       66.0187683    
   109.750000       65.1364517    
   110.000000       64.3120270    
   110.250000       63.5382385    
   110.500000       62.8106194    
   110.750000       62.1254044    
   111.000000       61.4788284    
   111.250000       60.8682518    
   111.500000       60.2955132    
   111.750000       59.7635689    
   112.000000       59.2753983    
   112.250000       58.8343773    
   112.500000       58.4456253    
   112.750000       58.1146774    
   113.000000       57.8470993    
   113.250000       57.6483917    
   113.500000       57.5240059    
   113.750000       57.4793472    
   114.000000       57.5198479    
   114.250000       57.6510353    
   114.500000       57.8790207    
   114.750000       58.2100182    
   115.000000       58.6502495    
   115.250000       59.2061157    
   115.500000       59.8848190    
   115.750000       60.6937141    
   116.000000       61.6401787    
   116.250000       62.7316628    
   116.500000       63.9759636    
   116.750000       65.3809433    
   117.000000       66.9544449    
   117.250000       68.7043152    
   117.500000       70.6382904    
   117.750000       72.7640839    
   118.000000       75.0894089    
   118.250000       77.6217117    
   118.500000       80.3674240    
   118.750000       83.3327332    
   119.000000       86.5238190    
   119.250000       89.9464569    
   119.500000       93.6048965    
   119.750000       97.5029678    
   120.000000       101.644508    
   120.250000       106.033180    
   120.500000       110.671913    
   120.750000       115.563431    
   121.000000       120.710487    
   121.250000       126.115936    
   121.500000       131.783157    
   121.750000       137.715668    
   122.000000       143.916946    
   122.250000       150.392014    
   122.500000       157.151794    
   122.750000       164.208725    
   123.000000       171.575272    
   123.250000       179.266129    
   123.500000       187.305206    
   123.750000       195.718643    
   124.000000       204.532623    
   124.250000       213.774323    
   124.500000       223.474915    
   124.750000       233.666565    
   125.000000       244.381454    
   125.250000       255.651291    
   125.500000       267.505920    
   125.750000       279.974731    
   126.000000       293.087128    
   126.250000       306.867462    
   126.500000       321.320190    
   126.750000       336.444550    
   127.000000       352.240051    
   127.250000       368.698181    
   127.500000       385.779205    
   127.750000       403.435425    
   128.000000       421.619354    
   128.250000       440.280304    
   128.500000       459.355408    
   128.750000       478.778931    
   129.000000       498.485016    
   129.250000       518.408081    
   129.500000       538.483276    
   129.750000       558.645813    
   130.000000       578.831116    
   130.250000       598.973938    
   130.500000       619.007202    
   130.750000       638.863281    
   131.000000       658.474731    
   131.250000       677.773254    
   131.500000       696.688354    
   131.750000       715.148743    
   132.000000       733.083191    
   132.250000       750.420227    
   132.500000       767.086731    
   132.750000       783.009277    
   133.000000       798.114197    
   133.250000       812.328735    
   133.500000       825.581970    
   133.750000       837.803345    
   134.000000       848.922607    
   134.250000       858.875488    
   134.500000       867.622314    
   134.750000       875.129944    
   135.000000       881.364990    
   135.250000       886.303650    
   135.500000       889.960754    
   135.750000       892.360962    
   136.000000       893.528625    
   136.250000       893.492065    
   136.500000       892.294373    
   136.750000       889.982605    
   137.000000       886.603882    
   137.250000       882.204651    
   137.500000       876.830566    
   137.750000       870.527161    
   138.000000       863.339539    
   138.250000       855.313232    
   138.500000       846.493774    
   138.750000       836.926697    
   139.000000       826.657593    
   139.250000       815.731995    
   139.500000       804.195007    
   139.750000       792.091858    
   140.000000       779.467590    
   140.250000       766.367432    
   140.500000       752.836487    
   140.750000       738.920166    
   141.000000       724.663696    
   141.250000       710.112244    
   141.500000       695.310120    
   141.750000       680.301636    

