TitleText: Ni(001)-(5x5)-Li     Beam (4/5,3/5)            Rfac10=0.7787
 "IV exp
   68.2500000       52.1924019    
   68.5000000       59.4554939    
   68.7500000       66.5011292    
   69.0000000       73.2205811    
   69.2500000       79.5154114    
   69.5000000       85.3283539    
   69.7500000       90.6124039    
   70.0000000       95.3205719    
   70.2500000       99.3932343    
   70.5000000       102.720192    
   70.7500000       105.178589    
   71.0000000       106.645584    
   71.2500000       107.042526    
   71.5000000       106.467491    
   71.7500000       105.062752    
   72.0000000       102.970581    
   72.2500000       100.336342    
   72.5000000       97.3177261    
   72.7500000       94.0755463    
   73.0000000       90.7705841    
   73.2500000       87.5180359    
   73.5000000       84.2507172    
   73.7500000       80.8558273    
   74.0000000       77.2205734    
   74.2500000       73.2669296    
   74.5000000       69.0559921    
   74.7500000       64.6835938    
   75.0000000       60.2455788    
   75.2500000       55.8513412    
   75.5000000       51.6643944    
   75.7500000       47.8617973    
   76.0000000       44.6205826    
   76.2500000       42.0535126    
   76.5000000       40.0161514    
   76.7500000       38.2997513    
   77.0000000       36.6955833    
   77.2500000       35.0233307    
   77.5000000       33.2163773    
   77.7500000       31.2365265    
   78.0000000       29.0455818    
   78.2500000       26.6418896    
   78.5000000       24.1699600    
   78.7500000       21.8108425    
   79.0000000       19.7455826    
   79.2500000       18.1208820    
   79.5000000       16.9460258    
   79.7500000       16.1959476    
   80.0000000       15.8455811    
   80.2500000       15.8594017    
   80.5000000       16.1600533    
   80.7500000       16.6597195    
   81.0000000       17.2705822    
   81.2500000       17.9083576    
   81.5000000       18.5028744    
   81.7500000       18.9874954    
   82.0000000       19.2955818    
   82.2500000       19.3814392    
   82.5000000       19.2831860    
   82.7500000       19.0598793    
   83.0000000       18.7705822    
   83.2500000       18.4784336    
   83.5000000       18.2628727    
   83.7500000       18.2074165    
   84.0000000       18.3955822    
   84.2500000       18.8970680    
   84.5000000       19.7263145    
   84.7500000       20.8839455    
   85.0000000       22.3705826    
   85.2500000       24.1829605    
   85.5000000       26.3022385    
   85.7500000       28.7056885    
   86.0000000       31.3705826    
   86.2500000       34.2555237    
   86.5000000       37.2444763    
   86.7500000       40.2027321    
   87.0000000       42.9955826    
   87.2500000       45.5207787    
   87.5000000       47.8058510    
   87.7500000       49.9107857    
   88.0000000       51.8955803    
   88.2500000       53.8290024    
   88.5000000       55.8149910    
   88.7500000       57.9662743    
   89.0000000       60.3955803    
   89.2500000       63.1706848    
   89.5000000       66.1795502    
   89.7500000       69.2651749    
   90.0000000       72.2705765    
   90.2500000       75.0644684    
   90.5000000       77.6184158    
   90.7500000       79.9296951    
   91.0000000       81.9955750    
   91.2500000       83.8288803    
   91.5000000       85.5046082    
   91.7500000       87.1133270    
   92.0000000       88.7455750    
   92.2500000       90.4895554    
   92.5000000       92.4240875    
   92.7500000       94.6256104    
   93.0000000       97.1705780    
   93.2500000       100.110550    
   93.5000000       103.397499    
   93.7500000       106.958488    
   94.0000000       110.720581    
   94.2500000       114.603035    
   94.5000000       118.493782    
   94.7500000       122.272926    
   95.0000000       125.820580    
   95.2500000       129.035172    
   95.5000000       131.888367    
   95.7500000       134.370163    
   96.0000000       136.470566    
   96.2500000       138.180923    
   96.5000000       139.498077    
   96.7500000       140.420242    
   97.0000000       140.945572    
   97.2500000       141.115707    
   97.5000000       141.145859    
   97.7500000       141.294601    
   98.0000000       141.820572    
   98.2500000       142.909744    
   98.5000000       144.457565    
   98.7500000       146.286880    
   99.0000000       148.220566    
   99.2500000       150.069534    
   99.5000000       151.597305    
   99.7500000       152.555450    
   100.000000       152.695572    
   100.250000       151.826111    
   100.500000       149.982864    
   100.750000       147.258484    
   101.000000       143.745575    
   101.250000       139.529114    
   101.500000       134.663406    
   101.750000       129.195023    
   102.000000       123.170578    
   102.250000       116.655457    
   102.500000       109.790108    
   102.750000       102.733742    
   103.000000       95.6455765    
   103.250000       88.6521912    
   103.500000       81.7496338    
   103.750000       74.9012985    
   104.000000       68.0705795    
   104.250000       61.2271957    
   104.500000       54.3660660    
   104.750000       47.4884453    
   105.000000       40.5955811    
   105.250000       33.6890831    
   105.500000       26.7720871    
   105.750000       19.8480835    

 "IV theory
   68.2500000       9.69725323    
   68.5000000       9.47432709    
   68.7500000       9.25840473    
   69.0000000       9.04996300    
   69.2500000       8.84947205    
   69.5000000       8.65735531    
   69.7500000       8.47402191    
   70.0000000       8.29988575    
   70.2500000       8.13527870    
   70.5000000       7.98022127    
   70.7500000       7.83465481    
   71.0000000       7.69851828    
   71.2500000       7.57163048    
   71.5000000       7.45331287    
   71.7500000       7.34276247    
   72.0000000       7.23917818    
   72.2500000       7.14170599    
   72.5000000       7.04929256    
   72.7500000       6.96083307    
   73.0000000       6.87522364    
   73.2500000       6.79137087    
   73.5000000       6.70823145    
   73.7500000       6.62477446    
   74.0000000       6.53996801    
   74.2500000       6.45288992    
   74.5000000       6.36305237    
   74.7500000       6.27007914    
   75.0000000       6.17359114    
   75.2500000       6.07338190    
   75.5000000       5.96992779    
   75.7500000       5.86387777    
   76.0000000       5.75587749    
   76.2500000       5.64664459    
   76.5000000       5.53716660    
   76.7500000       5.42850065    
   77.0000000       5.32170248    
   77.2500000       5.21781778    
   77.5000000       5.11784554    
   77.7500000       5.02277470    
   78.0000000       4.93359375    
   78.2500000       4.85120773    
   78.5000000       4.77619648    
   78.7500000       4.70905638    
   79.0000000       4.65028429    
   79.2500000       4.60024643    
   79.5000000       4.55879402    
   79.7500000       4.52564764    
   80.0000000       4.50052643    
   80.2500000       4.48309994    
   80.5000000       4.47282743    
   80.7500000       4.46911621    
   81.0000000       4.47137356    
   81.2500000       4.47901821    
   81.5000000       4.49151373    
   81.7500000       4.50833416    
   82.0000000       4.52895355    
   82.2500000       4.55294180    
   82.5000000       4.58024645    
   82.7500000       4.61091232    
   83.0000000       4.64498138    
   83.2500000       4.68264627    
   83.5000000       4.72469091    
   83.7500000       4.77204895    
   84.0000000       4.82565165    
   84.2500000       4.88649416    
   84.5000000       4.95581722    
   84.7500000       5.03492308    
   85.0000000       5.12511349    
   85.2500000       5.22767162    
   85.5000000       5.34380579    
   85.7500000       5.47470522    
   86.0000000       5.62155867    
   86.2500000       5.78537178    
   86.5000000       5.96641588    
   86.7500000       6.16477585    
   87.0000000       6.38053799    
   87.2500000       6.61350298    
   87.5000000       6.86231852    
   87.7500000       7.12534904    
   88.0000000       7.40095568    
   88.2500000       7.68738556    
   88.5000000       7.98242569    
   88.7500000       8.28374672    
   89.0000000       8.58901787    
   89.2500000       8.89593410    
   89.5000000       9.20227242    
   89.7500000       9.50583076    
   90.0000000       9.80440521    
   90.2500000       10.0959587    
   90.5000000       10.3790998    
   90.7500000       10.6526031    
   91.0000000       10.9152384    
   91.2500000       11.1660376    
   91.5000000       11.4050570    
   91.7500000       11.6326113    
   92.0000000       11.8490133    
   92.2500000       12.0546799    
   92.5000000       12.2504244    
   92.7500000       12.4371643    
   93.0000000       12.6158123    
   93.2500000       12.7872763    
   93.5000000       12.9524240    
   93.7500000       13.1121130    
   94.0000000       13.2672014    
   94.2500000       13.4185200    
   94.5000000       13.5667877    
   94.7500000       13.7127018    
   95.0000000       13.8569489    
   95.2500000       14.0001764    
   95.5000000       14.1428442    
   95.7500000       14.2853651    
   96.0000000       14.4281483    
   96.2500000       14.5715885    
   96.5000000       14.7160130    
   96.7500000       14.8617287    
   97.0000000       15.0090456    
   97.2500000       15.1582708    
   97.5000000       15.3097048    
   97.7500000       15.4636545    
   98.0000000       15.6204185    
   98.2500000       15.7802696    
   98.5000000       15.9433641    
   98.7500000       16.1098156    
   99.0000000       16.2797489    
   99.2500000       16.4532433    
   99.5000000       16.6301899    
   99.7500000       16.8104401    
   100.000000       16.9938450    
   100.250000       17.1802330    
   100.500000       17.3693504    
   100.750000       17.5609226    
   101.000000       17.7546692    
   101.250000       17.9503326    
   101.500000       18.1477013    
   101.750000       18.3465786    
   102.000000       18.5467625    
   102.250000       18.7482128    
   102.500000       18.9514751    
   102.750000       19.1572495    
   103.000000       19.3662357    
   103.250000       19.5793667    
   103.500000       19.7984886    
   103.750000       20.0256805    
   104.000000       20.2630291    
   104.250000       20.5127106    
   104.500000       20.7773075    
   104.750000       21.0594978    
   105.000000       21.3619633    
   105.250000       21.6873474    
   105.500000       22.0380974    
   105.750000       22.4166298    

