TitleText: Ni(001)-(5x5)-Li     Beam (1,4/5)              Rfac10=0.1712
 "IV exp
   72.2500000       681.727173    
   72.5000000       678.999512    
   72.7500000       676.342163    
   73.0000000       673.790039    
   73.2500000       671.432373    
   73.5000000       669.574097    
   73.7500000       668.573730    
   74.0000000       668.790039    
   74.2500000       670.574585    
   74.5000000       674.250488    
   74.7500000       680.133667    
   75.0000000       688.540039    
   75.2500000       699.693359    
   75.5000000       713.448608    
   75.7500000       729.568237    
   76.0000000       747.815063    
   76.2500000       767.943359    
   76.5000000       789.673828    
   76.7500000       812.718628    
   77.0000000       836.790039    
   77.2500000       861.569702    
   77.5000000       886.618164    
   77.7500000       911.464844    
   78.0000000       935.640015    
   78.2500000       958.671875    
   78.5000000       980.084229    
   78.7500000       999.399414    
   79.0000000       1016.14001    
   79.2500000       1029.92993    
   79.5000000       1040.80042    
   79.7500000       1048.88452    
   80.0000000       1054.31506    
   80.2500000       1057.21643    
   80.5000000       1057.67896    
   80.7500000       1055.78455    
   81.0000000       1051.61511    
   81.2500000       1045.16858    
   81.5000000       1036.10840    
   81.7500000       1024.01404    
   82.0000000       1008.46509    
   82.2500000       989.357910    
   82.5000000       967.856079    
   82.7500000       945.440063    
   83.0000000       923.590088    
   83.2500000       903.508667    
   83.5000000       885.285767    
   83.7500000       868.733887    
   84.0000000       853.665039    
   84.2500000       839.581299    
   84.5000000       824.744263    
   84.7500000       807.104980    
   85.0000000       784.615112    
   85.2500000       755.933838    
   85.5000000       722.552856    
   85.7500000       686.671631    
   86.0000000       650.489990    
   86.2500000       615.950684    
   86.5000000       583.969360    
   86.7500000       555.204468    
   87.0000000       530.315063    
   87.2500000       509.642151    
   87.5000000       492.257050    
   87.7500000       476.913422    
   88.0000000       462.365051    
   88.2500000       447.674042    
   88.5000000       433.136536    
   88.7500000       419.356995    
   89.0000000       406.940033    
   89.2500000       396.402313    
   89.5000000       387.909027    
   89.7500000       381.537476    
   90.0000000       377.365051    
   90.2500000       375.403473    
   90.5000000       375.402100    
   90.7500000       377.044708    
   91.0000000       380.015045    
   91.2500000       384.049103    
   91.5000000       389.091614    
   91.7500000       395.139587    
   92.0000000       402.190033    
   92.2500000       410.272461    
   92.5000000       419.546722    
   92.7500000       430.205109    
   93.0000000       442.440033    
   93.2500000       456.394196    
   93.5000000       472.011749    
   93.7500000       489.187195    
   94.0000000       507.815033    
   94.2500000       527.780762    
   94.5000000       548.933960    
   94.7500000       571.115112    
   95.0000000       594.165039    
   95.2500000       617.931030    
   95.5000000       642.289307    
   95.7500000       667.123047    
   96.0000000       692.315063    
   96.2500000       717.765137    
   96.5000000       743.439331    
   96.7500000       769.320190    
   97.0000000       795.390015    
   97.2500000       821.651978    
   97.5000000       848.190186    
   97.7500000       875.109619    
   98.0000000       902.515015    
   98.2500000       930.413330    
   98.5000000       958.421143    
   98.7500000       986.057129    
   99.0000000       1012.83997    
   99.2500000       1038.26782    
   99.5000000       1061.75574    
   99.7500000       1082.69836    
   100.000000       1100.49011    
   100.250000       1114.63062    
   100.500000       1125.03992    
   100.750000       1131.74304    
   101.000000       1134.76501    
   101.250000       1134.18713    
   101.500000       1130.31555    
   101.750000       1123.51245    
   102.000000       1114.14001    
   102.250000       1102.53552    
   102.500000       1088.93494    
   102.750000       1073.54944    
   103.000000       1056.59009    
   103.250000       1038.29565    
   103.500000       1019.01636    
   103.750000       999.130249    
   104.000000       979.015015    
   104.250000       959.045166    
   104.500000       939.580322    
   104.750000       920.976562    
   105.000000       903.590088    
   105.250000       887.691406    
   105.500000       873.208862    
   105.750000       859.985718    
   106.000000       847.864990    
   106.250000       836.691528    
   106.500000       826.318237    
   106.750000       816.599487    
   107.000000       807.390015    
   107.250000       798.589600    
   107.500000       790.277344    
   107.750000       782.577637    
   108.000000       775.614990    
   108.250000       769.489624    
   108.500000       764.206543    
   108.750000       759.746338    
   109.000000       756.089966    
   109.250000       753.151123    
   109.500000       750.574097    
   109.750000       747.936401    
   110.000000       744.815063    
   110.250000       740.839600    
   110.500000       735.849365    
   110.750000       729.735718    
   111.000000       722.390015    
   111.250000       713.785889    
   111.500000       704.224731    
   111.750000       694.089966    
   112.000000       683.765015    
   112.250000       673.610962    
   112.500000       663.898315    
   112.750000       654.875244    
   113.000000       646.790039    
   113.250000       639.782471    
   113.500000       633.559814    
   113.750000       627.720947    
   114.000000       621.865112    
   114.250000       615.612793    
   114.500000       608.671631    
   114.750000       600.770996    
   115.000000       591.640015    
   115.250000       581.115845    
   115.500000       569.465942    
   115.750000       557.065613    

 "IV theory
   72.2500000       1085.62976    
   72.5000000       1091.86951    
   72.7500000       1096.78479    
   73.0000000       1100.80664    
   73.2500000       1104.36096    
   73.5000000       1107.85254    
   73.7500000       1111.68054    
   74.0000000       1116.24524    
   74.2500000       1121.90808    
   74.5000000       1128.87708    
   74.7500000       1137.32349    
   75.0000000       1147.41711    
   75.2500000       1159.26807    
   75.5000000       1172.74463    
   75.7500000       1187.65430    
   76.0000000       1203.80444    
   76.2500000       1220.97900    
   76.5000000       1238.86658    
   76.7500000       1257.13147    
   77.0000000       1275.43835    
   77.2500000       1293.45496    
   77.5000000       1310.86194    
   77.7500000       1327.34290    
   78.0000000       1342.58154    
   78.2500000       1356.27954    
   78.5000000       1368.21155    
   78.7500000       1378.17017    
   79.0000000       1385.94788    
   79.2500000       1391.36670    
   79.5000000       1394.36523    
   79.7500000       1394.91138    
   80.0000000       1392.97302    
   80.2500000       1388.52917    
   80.5000000       1381.60315    
   80.7500000       1372.22961    
   81.0000000       1360.44226    
   81.2500000       1346.27588    
   81.5000000       1329.76428    
   81.7500000       1310.94165    
   82.0000000       1289.84192    
   82.2500000       1266.50879    
   82.5000000       1241.02515    
   82.7500000       1213.48352    
   83.0000000       1183.97656    
   83.2500000       1152.61121    
   83.5000000       1119.55396    
   83.7500000       1084.98596    
   84.0000000       1049.08777    
   84.2500000       1012.04663    
   84.5000000       974.073059    
   84.7500000       935.384155    
   85.0000000       896.196594    
   85.2500000       856.725952    
   85.5000000       817.183594    
   85.7500000       777.779297    
   86.0000000       738.723206    
   86.2500000       700.216736    
   86.5000000       662.426453    
   86.7500000       625.510559    
   87.0000000       589.627258    
   87.2500000       554.920410    
   87.5000000       521.479797    
   87.7500000       489.380737    
   88.0000000       458.698761    
   88.2500000       429.504333    
   88.5000000       401.846771    
   88.7500000       375.770355    
   89.0000000       351.319153    
   89.2500000       328.537445    
   89.5000000       307.469635    
   89.7500000       288.160156    
   90.0000000       270.653473    
   90.2500000       254.989670    
   90.5000000       241.191635    
   90.7500000       229.277954    
   91.0000000       219.267151    
   91.2500000       211.171188    
   91.5000000       204.975723    
   91.7500000       200.659775    
   92.0000000       198.202454    
   92.2500000       197.580261    
   92.5000000       198.760056    
   92.7500000       201.706223    
   93.0000000       206.383102    
   93.2500000       212.754791    
   93.5000000       220.784180    
   93.7500000       230.433914    
   94.0000000       241.666672    
   94.2500000       254.438980    
   94.5000000       268.683319    
   94.7500000       284.326019    
   95.0000000       301.293427    
   95.2500000       319.502655    
   95.5000000       338.833618    
   95.7500000       359.156738    
   96.0000000       380.342743    
   96.2500000       402.258423    
   96.5000000       424.755737    
   96.7500000       447.683014    
   97.0000000       470.888306    
   97.2500000       494.220642    
   97.5000000       517.531189    
   97.7500000       540.671997    
   98.0000000       563.494995    
   98.2500000       585.856384    
   98.5000000       607.629578    
   98.7500000       628.692505    
   99.0000000       648.922791    
   99.2500000       668.205200    
   99.5000000       686.452148    
   99.7500000       703.582703    
   100.000000       719.516479    
   100.250000       734.174927    
   100.500000       747.489807    
   100.750000       759.394958    
   101.000000       769.824341    
   101.250000       778.712585    
   101.500000       785.997009    
   101.750000       791.615417    
   102.000000       795.505554    
   102.250000       797.616272    
   102.500000       797.938660    
   102.750000       796.474976    
   103.000000       793.226990    
   103.250000       788.213501    
   103.500000       781.518982    
   103.750000       773.244812    
   104.000000       763.492126    
   104.250000       752.368713    
   104.500000       740.008667    
   104.750000       726.552673    
   105.000000       712.141357    
   105.250000       696.914490    
   105.500000       681.007690    
   105.750000       664.556030    
   106.000000       647.694275    
   106.250000       630.551270    
   106.500000       613.231140    
   106.750000       595.832031    
   107.000000       578.451965    
   107.250000       561.179321    
   107.500000       544.063171    
   107.750000       527.142761    
   108.000000       510.457581    
   108.250000       494.043060    
   108.500000       477.919891    
   108.750000       462.104614    
   109.000000       446.614105    
   109.250000       431.465332    
   109.500000       416.675812    
   109.750000       402.263580    
   110.000000       388.246338    
   110.250000       374.640686    
   110.500000       361.458282    
   110.750000       348.709534    
   111.000000       336.404755    
   111.250000       324.552612    
   111.500000       313.154388    
   111.750000       302.209625    
   112.000000       291.717834    
   112.250000       281.677917    
   112.500000       272.085846    
   112.750000       262.937195    
   113.000000       254.227234    
   113.250000       245.951431    
   113.500000       238.104782    
   113.750000       230.682404    
   114.000000       223.679199    
   114.250000       217.088715    
   114.500000       210.898285    
   114.750000       205.093674    
   115.000000       199.660721    
   115.250000       194.582809    
   115.500000       189.834015    
   115.750000       185.386047    

