TitleText: Ni(001)-(5x5)-Li     Beam (2/5,2/5)            Rfac10=0.5429
 "IV exp
   40.2500000       93.0688248    
   40.5000000       88.1054688    
   40.7500000       83.3765869    
   41.0000000       78.9993973    
   41.2500000       75.0660858    
   41.5000000       71.5686646    
   41.7500000       68.4741211    
   42.0000000       65.7494049    
   42.2500000       63.3628426    
   42.5000000       61.2881317    
   42.7500000       59.5003014    
   43.0000000       57.9743996    
   43.2500000       56.6891060    
   43.5000000       55.6377182    
   43.7500000       54.8171692    
   44.0000000       54.2244034    
   44.2500000       53.8415871    
   44.5000000       53.5917892    
   44.7500000       53.3832970    
   45.0000000       53.1244011    
   45.2500000       52.7741547    
   45.5000000       52.4946594    
   45.7500000       52.4987869    
   46.0000000       52.9994011    
   46.2500000       54.1929665    
   46.5000000       56.2103462    
   46.7500000       59.1660042    
   47.0000000       63.1744003    
   47.2500000       68.2902298    
   47.5000000       74.3291016    
   47.7500000       81.0468826    
   48.0000000       88.1994019    
   48.2500000       95.5698776    
   48.5000000       103.050888    
   48.7500000       110.562408    
   49.0000000       118.024399    
   49.2500000       125.368881    
   49.5000000       132.576248    
   49.7500000       139.638916    
   50.0000000       146.549408    
   50.2500000       153.297119    
   50.5000000       159.859329    
   50.7500000       166.210327    
   51.0000000       172.324402    
   51.2500000       178.168030    
   51.5000000       183.676651    
   51.7500000       188.777878    
   52.0000000       193.399399    
   52.2500000       197.473663    
   52.5000000       200.952423    
   52.7500000       203.792130    
   53.0000000       205.949402    
   53.2500000       207.419220    
   53.5000000       208.350769    
   53.7500000       208.931610    
   54.0000000       209.349411    
   54.2500000       209.762238    
   54.5000000       210.209763    
   54.7500000       210.702103    
   55.0000000       211.249405    
   55.2500000       211.850174    
   55.5000000       212.456650    
   55.7500000       213.009506    
   56.0000000       213.449402    
   56.2500000       213.721390    
   56.5000000       213.788162    
   56.7500000       213.616806    
   57.0000000       213.174408    
   57.2500000       212.432175    
   57.5000000       211.377747    
   57.7500000       210.002899    
   58.0000000       208.299408    
   58.2500000       206.297928    
   58.5000000       204.184784    
   58.7500000       202.185211    
   59.0000000       200.524399    
   59.2500000       199.363556    
   59.5000000       198.607635    
   59.7500000       198.097610    
   60.0000000       197.674408    
   60.2500000       197.170471    
   60.5000000       196.384216    
   60.7500000       195.105545    
   61.0000000       193.124405    
   61.2500000       190.329941    
   61.5000000       187.008224    
   61.7500000       183.544601    
   62.0000000       180.324402    
   62.2500000       177.665970    
   62.5000000       175.619934    
   62.7500000       174.169876    
   63.0000000       173.299408    
   63.2500000       172.954514    
   63.5000000       172.930359    
   63.7500000       172.984497    
   64.0000000       172.874420    
   64.2500000       172.419098    
   64.5000000       171.683228    
   64.7500000       170.792953    
   65.0000000       169.874420    
   65.2500000       169.025787    
   65.5000000       168.233261    
   65.7500000       167.455048    
   66.0000000       166.649414    
   66.2500000       165.739899    
   66.5000000       164.511490    
   66.7500000       162.714539    
   67.0000000       160.099411    
   67.2500000       156.477921    
   67.5000000       151.907898    
   67.7500000       146.508621    
   68.0000000       140.399414    
   68.2500000       133.735886    
   68.5000000       126.819023    
   68.7500000       119.986099    
   69.0000000       113.574409    
   69.2500000       107.842537    
   69.5000000       102.734329    
   69.7500000       98.1149139    
   70.0000000       93.8494034    
   70.2500000       89.8290558    
   70.5000000       86.0494690    
   70.7500000       82.5323410    
   71.0000000       79.2994003    
   71.2500000       76.3274994    
   71.5000000       73.4142151    
   71.7500000       70.3122711    
   72.0000000       66.7744064    
   72.2500000       62.6042252    
   72.5000000       57.8088493    
   72.7500000       52.4462471    
   73.0000000       46.5743980    
   73.2500000       40.3570709    
   73.5000000       34.3811722    
   73.7500000       29.3393841    
   74.0000000       25.9244022    
   74.2500000       24.6275539    
   74.5000000       25.1347427    
   74.7500000       26.9305115    
   75.0000000       29.4994030    
   75.2500000       32.3416214    
   75.5000000       35.0200195    
   75.7500000       37.1131096    
   76.0000000       38.1994019    
   76.2500000       37.9797134    
   76.5000000       36.6440887    
   76.7500000       34.5048676    
   77.0000000       31.8744011    
   77.2500000       29.0437412    
   77.5000000       26.2187824    
   77.7500000       23.5841331    
   78.0000000       21.3244019    
   78.2500000       19.6011066    
   78.5000000       18.4834404    
   78.7500000       18.0175037    
   79.0000000       18.2494011    
   79.2500000       19.1748009    
   79.5000000       20.5876179    
   79.7500000       22.2313251    
   80.0000000       23.8494015    
   80.2500000       25.2292995    
   80.5000000       26.3343773    
   80.7500000       27.1719666    
   81.0000000       27.7494030    
   81.2500000       28.1063652    
   81.5000000       28.4119129    
   81.7500000       28.8674564    
   82.0000000       29.6744022    
   82.2500000       30.9815006    
   82.5000000       32.7268829    
   82.7500000       34.7960243    
   83.0000000       37.0744019    
   83.2500000       39.4378738    
   83.5000000       41.7238426    
   83.7500000       43.7600899    
   84.0000000       45.3743973    
   84.2500000       46.4419250    
   84.5000000       47.0272751    
   84.7500000       47.2424393    
   85.0000000       47.1994019    
   85.2500000       46.9771614    
   85.5000000       46.5228310    
   85.7500000       45.7505341    
   86.0000000       44.5743980    
   86.2500000       42.9317703    
   86.5000000       40.8528099    
   86.7500000       38.3908958    
   87.0000000       35.5993996    
   87.2500000       32.5730133    
   87.5000000       29.5716972    
   87.7500000       26.8967323    
   88.0000000       24.8494015    
   88.2500000       23.6382084    
   88.5000000       23.1005573    
   88.7500000       22.9810791    
   89.0000000       23.0244026    
   89.2500000       23.0111923    
   89.5000000       22.8662395    
   89.7500000       22.5503674    
   90.0000000       22.0244007    
   90.2500000       21.3282814    
   90.5000000       20.8184032    
   90.7500000       20.9302731    
   91.0000000       22.0994015    
   91.2500000       24.6220932    
   91.5000000       28.2378120    
   91.7500000       32.5468292    
   92.0000000       37.1493988    
   92.2500000       41.7129593    
   92.5000000       46.1736298    
   92.7500000       50.5346832    
   93.0000000       54.7994003    
   93.2500000       59.0857391    
   93.5000000       63.9703255    
   93.7500000       70.1444473    
   94.0000000       78.2994003    
   94.2500000       88.9217300    
   94.5000000       101.678978    
   94.7500000       116.033936    
   95.0000000       131.449402    
   95.2500000       147.440140    
   95.5000000       163.728912    
   95.7500000       180.090424    
   96.0000000       196.299408    
   96.2500000       212.153168    
   96.5000000       227.539307    
   96.7500000       242.367996    
   97.0000000       256.549408    
   97.2500000       269.977966    
   97.5000000       282.485291    
   97.7500000       293.887177    
   98.0000000       303.999420    
   98.2500000       312.647736    
   98.5000000       319.697235    
   98.7500000       325.022827    
   99.0000000       328.499420    
   99.2500000       330.052551    
   99.5000000       329.809784    
   99.7500000       327.949341    
   100.000000       324.649414    
   100.250000       320.168304    
   100.500000       315.085144    
   100.750000       310.059113    
   101.000000       305.749420    
   101.250000       302.632385    
   101.500000       300.452423    
   101.750000       298.770905    
   102.000000       297.149414    
   102.250000       295.218994    
   102.500000       292.889252    
   102.750000       290.139618    
   103.000000       286.949402    
   103.250000       283.324554    
   103.500000       279.377625    
   103.750000       275.247833    
   104.000000       271.074402    
   104.250000       266.957397    
   104.500000       262.840454    
   104.750000       258.627960    
   105.000000       254.224411    
   105.250000       249.584839    
   105.500000       244.866455    
   105.750000       240.277054    
   106.000000       236.024414    
   106.250000       232.266525    
   106.500000       228.962097    
   106.750000       226.020081    
   107.000000       223.349411    
   107.250000       220.866684    
   107.500000       218.519135    
   107.750000       216.261734    

 "IV theory
   40.2500000       110.010887    
   40.5000000       108.066872    
   40.7500000       106.282463    
   41.0000000       104.663361    
   41.2500000       103.215256    
   41.5000000       101.943642    
   41.7500000       100.853935    
   42.0000000       99.9515839    
   42.2500000       99.2412415    
   42.5000000       98.7244644    
   42.7500000       98.4020157    
   43.0000000       98.2746964    
   43.2500000       98.3420715    
   43.5000000       98.5989914    
   43.7500000       99.0390701    
   44.0000000       99.6559525    
   44.2500000       100.442757    
   44.5000000       101.390610    
   44.7500000       102.490135    
   45.0000000       103.731949    
   45.2500000       105.106827    
   45.5000000       106.606285    
   45.7500000       108.221970    
   46.0000000       109.945572    
   46.2500000       111.770538    
   46.5000000       113.697502    
   46.7500000       115.728905    
   47.0000000       117.867126    
   47.2500000       120.117416    
   47.5000000       122.496056    
   47.7500000       125.022194    
   48.0000000       127.714928    
   48.2500000       130.594513    
   48.5000000       133.685913    
   48.7500000       137.015228    
   49.0000000       140.608566    
   49.2500000       144.491653    
   49.5000000       148.688644    
   49.7500000       153.223312    
   50.0000000       158.119385    
   50.2500000       163.396805    
   50.5000000       169.059753    
   50.7500000       175.108673    
   51.0000000       181.543900    
   51.2500000       188.359695    
   51.5000000       195.525879    
   51.7500000       203.006165    
   52.0000000       210.764297    
   52.2500000       218.761566    
   52.5000000       226.949677    
   52.7500000       235.277939    
   53.0000000       243.695618    
   53.2500000       252.152328    
   53.5000000       260.598755    
   53.7500000       268.985962    
   54.0000000       277.264954    
   54.2500000       285.388000    
   54.5000000       293.313110    
   54.7500000       300.999359    
   55.0000000       308.406036    
   55.2500000       315.494537    
   55.5000000       322.235229    
   55.7500000       328.600708    
   56.0000000       334.563660    
   56.2500000       340.097412    
   56.5000000       345.178619    
   56.7500000       349.784851    
   57.0000000       353.893524    
   57.2500000       357.482208    
   57.5000000       360.528992    
   57.7500000       363.011902    
   58.0000000       364.909088    
   58.2500000       366.200684    
   58.5000000       366.875214    
   58.7500000       366.923309    
   59.0000000       366.335480    
   59.2500000       365.105591    
   59.5000000       363.240265    
   59.7500000       360.749451    
   60.0000000       357.643188    
   60.2500000       353.932556    
   60.5000000       349.633514    
   60.7500000       344.763367    
   61.0000000       339.339111    
   61.2500000       333.378174    
   61.5000000       326.898132    
   61.7500000       319.916748    
   62.0000000       312.451630    
   62.2500000       304.522919    
   62.5000000       296.159637    
   62.7500000       287.393311    
   63.0000000       278.255402    
   63.2500000       268.780762    
   63.5000000       259.018311    
   63.7500000       249.020462    
   64.0000000       238.839539    
   64.2500000       228.529419    
   64.5000000       218.149734    
   64.7500000       207.761642    
   65.0000000       197.426285    
   65.2500000       187.204346    
   65.5000000       177.154678    
   65.7500000       167.335693    
   66.0000000       157.805847    
   66.2500000       148.619110    
   66.5000000       139.811844    
   66.7500000       131.415924    
   67.0000000       123.463303    
   67.2500000       115.978958    
   67.5000000       108.960175    
   67.7500000       102.397301    
   68.0000000       96.2807007    
   68.2500000       90.5980072    
   68.5000000       85.3260269    
   68.7500000       80.4388275    
   69.0000000       75.9105225    
   69.2500000       71.7154617    
   69.5000000       67.8290939    
   69.7500000       64.2271500    
   70.0000000       60.8853302    
   70.2500000       57.7802849    
   70.5000000       54.8923569    
   70.7500000       52.2027893    
   71.0000000       49.6928291    
   71.2500000       47.3452721    
   71.5000000       45.1490326    
   71.7500000       43.0945854    
   72.0000000       41.1723824    
   72.2500000       39.3734665    
   72.5000000       37.6912003    
   72.7500000       36.1195412    
   73.0000000       34.6524315    
   73.2500000       33.2837982    
   73.5000000       32.0075035    
   73.7500000       30.8173847    
   74.0000000       29.7072792    
   74.2500000       28.6713467    
   74.5000000       27.7049885    
   74.7500000       26.8039284    
   75.0000000       25.9638824    
   75.2500000       25.1810417    
   75.5000000       24.4534492    
   75.7500000       23.7796211    
   76.0000000       23.1580753    
   76.2500000       22.5875149    
   76.5000000       22.0673962    
   76.7500000       21.5973740    
   77.0000000       21.1770973    
   77.2500000       20.8061771    
   77.5000000       20.4840927    
   77.7500000       20.2102852    
   78.0000000       19.9841881    
   78.2500000       19.8049736    
   78.5000000       19.6707211    
   78.7500000       19.5792427    
   79.0000000       19.5283508    
   79.2500000       19.5154305    
   79.5000000       19.5361652    
   79.7500000       19.5858231    
   80.0000000       19.6596622    
   80.2500000       19.7527733    
   80.5000000       19.8595085    
   80.7500000       19.9740562    
   81.0000000       20.0905933    
   81.2500000       20.2033710    
   81.5000000       20.3069153    
   81.7500000       20.3958206    
   82.0000000       20.4646835    
   82.2500000       20.5088215    
   82.5000000       20.5264359    
   82.7500000       20.5164509    
   83.0000000       20.4777870    
   83.2500000       20.4104977    
   83.5000000       20.3191071    
   83.7500000       20.2092705    
   84.0000000       20.0866470    
   84.2500000       19.9573460    
   84.5000000       19.8293304    
   84.7500000       19.7110252    
   85.0000000       19.6108494    
   85.2500000       19.5371094    
   85.5000000       19.4975986    
   85.7500000       19.4999943    
   86.0000000       19.5519733    
   86.2500000       19.6600513    
   86.5000000       19.8260651    
   86.7500000       20.0506992    
   87.0000000       20.3346348    
   87.2500000       20.6767273    
   87.5000000       21.0685444    
   87.7500000       21.4998283    
   88.0000000       21.9603310    
   88.2500000       22.4390526    
   88.5000000       22.9220467    
   88.7500000       23.3946152    
   89.0000000       23.8420734    
   89.2500000       24.2498932    
   89.5000000       24.6042194    
   89.7500000       24.8913517    
   90.0000000       25.0975990    
   90.2500000       25.2107010    
   90.5000000       25.2241364    
   90.7500000       25.1328030    
   91.0000000       24.9316158    
   91.2500000       24.6177330    
   91.5000000       24.1973362    
   91.7500000       23.6788483    
   92.0000000       23.0706978    
   92.2500000       22.3822060    
   92.5000000       21.6262760    
   92.7500000       20.8167000    
   93.0000000       19.9672699    
   93.2500000       19.0916443    
   93.5000000       18.2029400    
   93.7500000       17.3141327    
   94.0000000       16.4382038    
   94.2500000       15.5872383    
   94.5000000       14.7697363    
   94.7500000       13.9933043    
   95.0000000       13.2655478    
   95.2500000       12.5926523    
   95.5000000       11.9750957    
   95.7500000       11.4119377    
   96.0000000       10.9022369    
   96.2500000       10.4444952    
   96.5000000       10.0349779    
   96.7500000       9.66939735    
   97.0000000       9.34346485    
   97.2500000       9.05295563    
   97.5000000       8.79389858    
   97.7500000       8.56238842    
   98.0000000       8.35451794    
   98.2500000       8.16667175    
   98.5000000       7.99639845    
   98.7500000       7.84153557    
   99.0000000       7.69992161    
   99.2500000       7.56986904    
   99.5000000       7.45158815    
   99.7500000       7.34576273    
   100.000000       7.25307798    
   100.250000       7.17439508    
   100.500000       7.11128950    
   100.750000       7.06551409    
   101.000000       7.03882122    
   101.250000       7.03296804    
   101.500000       7.04972172    
   101.750000       7.09085274    
   102.000000       7.15813208    
   102.250000       7.25353813    
   102.500000       7.37988567    
   102.750000       7.54019690    
   103.000000       7.73749447    
   103.250000       7.97511387    
   103.500000       8.25764370    
   103.750000       8.58998585    
   104.000000       8.97704124    
   104.250000       9.42385006    
   104.500000       9.93601227    
   104.750000       10.5192604    
   105.000000       11.1793346    
   105.250000       11.9219007    
   105.500000       12.7523489    
   105.750000       13.6760044    
   106.000000       14.6981897    
   106.250000       15.8234749    
   106.500000       17.0534286    
   106.750000       18.3888702    
   107.000000       19.8306160    
   107.250000       21.3783150    
   107.500000       23.0269089    
   107.750000       24.7701797    

