TitleText: Ni(001)-(5x5)-Li     Beam (3/5,3/5)            Rfac10=0.1855
 "IV exp
   66.2500000       56.2602005    
   66.5000000       56.6372299    
   66.7500000       57.1115532    
   67.0000000       57.7318115    
   67.2500000       58.5581627    
   67.5000000       59.6968079    
   67.7500000       61.2654572    
   68.0000000       63.3818130    
   68.2500000       66.1034927    
   68.5000000       69.2476654    
   68.7500000       72.5714111    
   69.0000000       75.8318100    
   69.2500000       78.8152313    
   69.5000000       81.4252777    
   69.7500000       83.5948410    
   70.0000000       85.2568130    
   70.2500000       86.3760529    
   70.5000000       87.0452194    
   70.7500000       87.3889389    
   71.0000000       87.5318146    
   71.2500000       87.5819855    
   71.5000000       87.5816040    
   71.7500000       87.5563278    
   72.0000000       87.5318146    
   72.2500000       87.5404053    
   72.5000000       87.6411285    
   72.7500000       87.8996964    
   73.0000000       88.3818130    
   73.2500000       89.1297073    
   73.5000000       90.0916367    
   73.7500000       91.1924133    
   74.0000000       92.3568115    
   74.2500000       93.5066605    
   74.5000000       94.5519409    
   74.7500000       95.3996429    
   75.0000000       95.9568100    
   75.2500000       96.1618652    
   75.5000000       96.0789871    
   75.7500000       95.8037720    
   76.0000000       95.4318161    
   76.2500000       95.0390778    
   76.5000000       94.6229858    
   76.7500000       94.1613083    
   77.0000000       93.6318130    
   77.2500000       92.9750366    
   77.5000000       91.9824524    
   77.7500000       90.4083023    
   78.0000000       88.0068130    
   78.2500000       84.6137772    
   78.5000000       80.3911972    
   78.7500000       75.5826874    
   79.0000000       70.4318085    
   79.2500000       65.1744385    
   79.5000000       60.0154991    
   79.7500000       55.1522179    
   80.0000000       50.7818108    
   80.2500000       47.0383415    
   80.5000000       43.8032990    
   80.7500000       40.8950081    
   81.0000000       38.1318130    
   81.2500000       35.3712616    
   81.5000000       32.6278038    
   81.7500000       29.9550991    
   82.0000000       27.4068127    
   82.2500000       25.0303688    
   82.5000000       22.8482361    
   82.7500000       20.8766422    
   83.0000000       19.1318130    
   83.2500000       17.6235237    
   83.5000000       16.3357506    
   83.7500000       15.2460060    
   84.0000000       14.3318138    
   84.2500000       13.5753918    
   84.5000000       12.9777660    
   84.7500000       12.5446644    
   85.0000000       12.2818127    
   85.2500000       12.1935225    
   85.5000000       12.2784386    
   85.7500000       12.5337925    
   86.0000000       12.9568119    
   86.2500000       13.5417862    
   86.5000000       14.2712288    
   86.7500000       15.1247139    
   87.0000000       16.0818138    
   87.2500000       17.1153679    
   87.5000000       18.1712742    
   87.7500000       19.1886997    
   88.0000000       20.1068134    
   88.2500000       20.8852825    
   88.5000000       21.5658054    
   88.7500000       22.2105827    
   89.0000000       22.8818150    
   89.2500000       23.6347752    
   89.5000000       24.4970150    
   89.7500000       25.4891529    
   90.0000000       26.6318130    
   90.2500000       27.9469700    
   90.5000000       29.4620247    
   90.7500000       31.2057209    
   91.0000000       33.2068100    
   91.2500000       35.4877472    
   91.5000000       38.0457649    
   91.7500000       40.8718071    
   92.0000000       43.9568100    
   92.2500000       47.2843132    
   92.5000000       50.8082771    
   92.7500000       54.4752579    
   93.0000000       58.2318115    
   93.2500000       62.0287514    
   93.5000000       65.8338699    
   93.7500000       69.6192093    
   94.0000000       73.3568115    
   94.2500000       77.0060043    
   94.5000000       80.4752502    
   94.7500000       83.6602631    
   95.0000000       86.4568100    
   95.2500000       88.8099670    
   95.5000000       90.8622742    
   95.7500000       92.8055954    
   96.0000000       94.8318176    
   96.2500000       97.0906906    
   96.5000000       99.5634232    
   96.7500000       102.189110    
   97.0000000       104.906815    
   97.2500000       107.627937    
   97.5000000       110.153053    
   97.7500000       112.255051    
   98.0000000       113.706818    
   98.2500000       114.360344    
   98.5000000       114.384018    
   98.7500000       114.025345    
   99.0000000       113.531807    
   99.2500000       113.102829    
   99.5000000       112.745483    
   99.7500000       112.418808    
   100.000000       112.081810    
   100.250000       111.693436    
   100.500000       111.212387    
   100.750000       110.597298    
   101.000000       109.806808    
   101.250000       108.832649    
   101.500000       107.798943    
   101.750000       106.862923    
   102.000000       106.181808    
   102.250000       105.882843    
   102.500000       105.973328    
   102.750000       106.430550    
   103.000000       107.231812    
   103.250000       108.355728    
   103.500000       109.786110    
   103.750000       111.508095    
   104.000000       113.506805    
   104.250000       115.758934    
   104.500000       118.207458    
   104.750000       120.786896    

 "IV theory
   66.2500000       45.3314400    
   66.5000000       48.0269356    
   66.7500000       50.8121529    
   67.0000000       53.6793098    
   67.2500000       56.6190033    
   67.5000000       59.6152725    
   67.7500000       62.6505165    
   68.0000000       65.7071533    
   68.2500000       68.7668915    
   68.5000000       71.8087769    
   68.7500000       74.8111725    
   69.0000000       77.7523880    
   69.2500000       80.6110153    
   69.5000000       83.3662643    
   69.7500000       85.9975586    
   70.0000000       88.4843292    
   70.2500000       90.8076324    
   70.5000000       92.9550629    
   70.7500000       94.9158707    
   71.0000000       96.6792755    
   71.2500000       98.2370911    
   71.5000000       99.5914001    
   71.7500000       100.746841    
   72.0000000       101.708076    
   72.2500000       102.480766    
   72.5000000       103.074615    
   72.7500000       103.500305    
   73.0000000       103.768578    
   73.2500000       103.889999    
   73.5000000       103.874702    
   73.7500000       103.732681    
   74.0000000       103.473907    
   74.2500000       103.107826    
   74.5000000       102.641541    
   74.7500000       102.081581    
   75.0000000       101.434494    
   75.2500000       100.705887    
   75.5000000       99.8976364    
   75.7500000       99.0107117    
   76.0000000       98.0460739    
   76.2500000       97.0043106    
   76.5000000       95.8845139    
   76.7500000       94.6854477    
   77.0000000       93.4058304    
   77.2500000       92.0444794    
   77.5000000       90.6004639    
   77.7500000       89.0729523    
   78.0000000       87.4610901    
   78.2500000       85.7645569    
   78.5000000       83.9852219    
   78.7500000       82.1254349    
   79.0000000       80.1876068    
   79.2500000       78.1749496    
   79.5000000       76.0941238    
   79.7500000       73.9526138    
   80.0000000       71.7579117    
   80.2500000       69.5178223    
   80.5000000       67.2415161    
   80.7500000       64.9384460    
   81.0000000       62.6181107    
   81.2500000       60.2899361    
   81.5000000       57.9632950    
   81.7500000       55.6474762    
   82.0000000       53.3518295    
   82.2500000       51.0856361    
   82.5000000       48.8581619    
   82.7500000       46.6786308    
   83.0000000       44.5562744    
   83.2500000       42.5002823    
   83.5000000       40.5196991    
   83.7500000       38.6235085    
   84.0000000       36.8206978    
   84.2500000       35.1202736    
   84.5000000       33.5312309    
   84.7500000       32.0625725    
   85.0000000       30.7233028    
   85.2500000       29.5223694    
   85.5000000       28.4684849    
   85.7500000       27.5703125    
   86.0000000       26.8365097    
   86.2500000       26.2750072    
   86.5000000       25.8908386    
   86.7500000       25.6883106    
   87.0000000       25.6717300    
   87.2500000       25.8442612    
   87.5000000       26.2045288    
   87.7500000       26.7500095    
   88.0000000       27.4781818    
   88.2500000       28.3861065    
   88.5000000       29.4691563    
   88.7500000       30.7222672    
   89.0000000       32.1403885    
   89.2500000       33.7184258    
   89.5000000       35.4511261    
   89.7500000       37.3332024    
   90.0000000       39.3593636    
   90.2500000       41.5234108    
   90.5000000       43.8154678    
   90.7500000       46.2247887    
   91.0000000       48.7405815    
   91.2500000       51.3506851    
   91.5000000       54.0373688    
   91.7500000       56.7814827    
   92.0000000       59.5638962    
   92.2500000       62.3648796    
   92.5000000       65.1623688    
   92.7500000       67.9337234    
   93.0000000       70.6562881    
   93.2500000       73.3076019    
   93.5000000       75.8659668    
   93.7500000       78.3098450    
   94.0000000       80.6177292    
   94.2500000       82.7699585    
   94.5000000       84.7542877    
   94.7500000       86.5603485    
   95.0000000       88.1777420    
   95.2500000       89.5990067    
   95.5000000       90.8282928    
   95.7500000       91.8726807    
   96.0000000       92.7392426    
   96.2500000       93.4361954    
   96.5000000       93.9763184    
   96.7500000       94.3735428    
   97.0000000       94.6418152    
   97.2500000       94.7949219    
   97.5000000       94.8461304    
   97.7500000       94.8085938    
   98.0000000       94.6954575    
   98.2500000       94.5192413    
   98.5000000       94.2900925    
   98.7500000       94.0175171    
   99.0000000       93.7110367    
   99.2500000       93.3792038    
   99.5000000       93.0265884    
   99.7500000       92.6568527    
   100.000000       92.2736130    
   100.250000       91.8801041    
   100.500000       91.4780807    
   100.750000       91.0689621    
   101.000000       90.6541443    
   101.250000       90.2350159    
   101.500000       89.8129807    
   101.750000       89.3894272    
   102.000000       88.9657364    
   102.250000       88.5429764    
   102.500000       88.1207886    
   102.750000       87.6984634    
   103.000000       87.2752762    
   103.250000       86.8500061    
   103.500000       86.4193192    
   103.750000       85.9793167    
   104.000000       85.5261078    
   104.250000       85.0556183    
   104.500000       84.5628510    
   104.750000       84.0426331    

