TitleText: Ni(001)-(5x5)-Li     Beam (1,0)                Rfac10=0.1918
 "IV exp
   46.2500000       2389.33960    
   46.5000000       2529.45239    
   46.7500000       2668.43970    
   47.0000000       2805.73950    
   47.2500000       2939.96289    
   47.5000000       3066.41650    
   47.7500000       3179.58179    
   48.0000000       3273.93945    
   48.2500000       3345.12915    
   48.5000000       3393.42725    
   48.7500000       3420.26880    
   49.0000000       3427.08960    
   49.2500000       3415.53687    
   49.5000000       3388.10864    
   49.7500000       3347.51440    
   50.0000000       3296.46436    
   50.2500000       3237.25708    
   50.5000000       3170.54688    
   50.7500000       3096.57666    
   51.0000000       3015.58936    
   51.2500000       2928.05591    
   51.5000000       2835.36157    
   51.7500000       2739.11841    
   52.0000000       2640.93945    
   52.2500000       2542.34253    
   52.5000000       2444.46533    
   52.7500000       2348.35010    
   53.0000000       2255.03955    
   53.2500000       2165.44360    
   53.5000000       2079.94238    
   53.7500000       1998.78345    
   54.0000000       1922.21436    
   54.2500000       1850.37817    
   54.5000000       1782.99878    
   54.7500000       1719.69604    
   55.0000000       1660.08960    
   55.2500000       1603.77222    
   55.5000000       1550.23071    
   55.7500000       1498.92480    
   56.0000000       1449.31445    
   56.2500000       1400.93579    
   56.5000000       1353.62842    
   56.7500000       1307.30762    
   57.0000000       1261.88940    
   57.2500000       1217.53467    
   57.5000000       1175.38660    
   57.7500000       1136.83374    
   58.0000000       1103.26453    
   58.2500000       1076.02417    
   58.5000000       1056.28394    
   58.7500000       1045.17139    
   59.0000000       1043.81445    
   59.2500000       1053.30835    
   59.5000000       1074.61804    
   59.7500000       1108.67578    
   60.0000000       1156.41455    
   60.2500000       1218.63477    
   60.5000000       1295.61230    
   60.7500000       1387.49084    
   61.0000000       1494.41455    
   61.2500000       1616.44604    
   61.5000000       1753.32300    
   61.7500000       1904.70215    
   62.0000000       2070.23950    
   62.2500000       2249.44971    
   62.5000000       2441.27661    
   62.7500000       2644.52271    
   63.0000000       2857.98950    
   63.2500000       3080.24951    
   63.5000000       3308.95435    
   63.7500000       3541.52686    
   64.0000000       3775.38940    
   64.2500000       4008.32959    
   64.5000000       4239.59863    
   64.7500000       4468.81299    
   65.0000000       4695.58936    
   65.2500000       4919.41309    
   65.5000000       5139.24316    
   65.7500000       5353.90967    
   66.0000000       5562.23926    
   66.2500000       5763.05225    
   66.5000000       5955.13477    
   66.7500000       6137.26318    
   67.0000000       6308.21387    
   67.2500000       6466.77441    
   67.5000000       6611.76807    
   67.7500000       6742.02881    
   68.0000000       6856.38916    
   68.2500000       6953.72607    
   68.5000000       7033.08740    
   68.7500000       7093.56104    
   69.0000000       7134.23926    
   69.2500000       7154.67432    
   69.5000000       7156.27490    
   69.7500000       7140.91455    
   70.0000000       7110.46436    
   70.2500000       7066.97949    
   70.5000000       7013.24512    
   70.7500000       6952.22705    
   71.0000000       6886.88965    
   71.2500000       6820.39697    
   71.5000000       6756.68994    
   71.7500000       6699.90771    
   72.0000000       6654.18945    
   72.2500000       6623.20215    
   72.5000000       6608.73535    
   72.7500000       6612.10840    
   73.0000000       6634.63965    
   73.2500000       6677.23047    
   73.5000000       6739.10645    
   73.7500000       6819.07422    
   74.0000000       6915.93994    
   74.2500000       7028.53320    
   74.5000000       7155.76611    
   74.7500000       7296.57373    
   75.0000000       7449.88965    
   75.2500000       7614.29883    
   75.5000000       7786.98096    
   75.7500000       7964.76758    
   76.0000000       8144.48926    
   76.2500000       8323.20605    
   76.5000000       8498.89941    
   76.7500000       8669.78223    
   77.0000000       8834.06445    
   77.2500000       8990.05176    
   77.5000000       9136.41699    
   77.7500000       9271.92480    
   78.0000000       9395.33984    
   78.2500000       9505.22363    
   78.5000000       9599.31934    
   78.7500000       9675.16895    
   79.0000000       9730.31445    
   79.2500000       9762.83301    
   79.5000000       9772.95996    
   79.7500000       9761.47168    
   80.0000000       9729.13965    
   80.2500000       9676.38867    
   80.5000000       9602.23438    
   80.7500000       9505.34570    
   81.0000000       9384.38867    
   81.2500000       9237.89746    
   81.5000000       9063.87793    
   81.7500000       8860.20020    
   82.0000000       8624.73926    
   82.2500000       8356.06250    
   82.5000000       8055.52148    
   82.7500000       7725.16455    
   83.0000000       7367.03955    
   83.2500000       6983.83105    
   83.5000000       6580.76758    
   83.7500000       6163.71533    
   84.0000000       5738.53955    
   84.2500000       5311.20117    
   84.5000000       4888.03955    
   84.7500000       4475.49072    
   85.0000000       4079.98926    
   85.2500000       3706.94385    
   85.5000000       3357.65210    
   85.7500000       3032.38525    
   86.0000000       2731.41455    
   86.2500000       2455.01196    
   86.5000000       2203.45728    
   86.7500000       1977.03125    
   87.0000000       1776.01440    
   87.2500000       1600.61694    
   87.5000000       1450.76196    
   87.7500000       1326.30212    
   88.0000000       1227.08960    
   88.2500000       1152.61206    
   88.5000000       1100.90039    
   88.7500000       1069.62061    
   89.0000000       1056.43945    
   89.2500000       1059.13025    
   89.5000000       1075.89551    
   89.7500000       1105.04541    
   90.0000000       1144.88953    
   90.2500000       1193.79858    
   90.5000000       1250.38550    
   90.7500000       1313.32446    
   91.0000000       1381.28955    
   91.2500000       1453.12964    
   91.5000000       1528.39612    
   91.7500000       1606.81567    
   92.0000000       1688.11450    
   92.2500000       1771.94849    
   92.5000000       1857.68896    
   92.7500000       1944.63574    
   93.0000000       2032.08936    
   93.2500000       2119.34058    
   93.5000000       2205.64136    
   93.7500000       2290.23511    
   94.0000000       2372.36450    
   94.2500000       2451.14502    
   94.5000000       2525.17944    
   94.7500000       2592.94434    
   95.0000000       2652.91455    
   95.2500000       2703.73706    
   95.5000000       2744.74072    
   95.7500000       2775.42505    
   96.0000000       2795.28955    
   96.2500000       2804.19287    
   96.5000000       2803.42944    
   96.7500000       2794.65210    
   97.0000000       2779.51440    
   97.2500000       2759.57837    
   97.5000000       2736.04395    
   97.7500000       2710.01953    
   98.0000000       2682.61426    
   98.2500000       2654.86353    
   98.5000000       2627.50684    
   98.7500000       2601.20996    
   99.0000000       2576.63940    
   99.2500000       2554.41357    
   99.5000000       2534.96265    
   99.7500000       2518.66870    
   100.000000       2505.91455    
   100.250000       2496.86841    
   100.500000       2490.84204    
   100.750000       2486.93359    
   101.000000       2484.23950    
   101.250000       2481.90088    
   101.500000       2479.22754    
   101.750000       2475.57275    
   102.000000       2470.28955    
   102.250000       2462.83398    
   102.500000       2453.07812    
   102.750000       2440.99658    
   103.000000       2426.56445    
   103.250000       2409.79150    
   103.500000       2390.82495    
   103.750000       2369.84692    
   104.000000       2347.03955    
   104.250000       2322.60815    
   104.500000       2296.85278    
   104.750000       2270.09717    
   105.000000       2242.66455    
   105.250000       2214.83984    
   105.500000       2186.75391    
   105.750000       2158.49805    
   106.000000       2130.16455    
   106.250000       2101.90625    
   106.500000       2074.11914    
   106.750000       2047.26099    
   107.000000       2021.78955    
   107.250000       1998.15039    
   107.500000       1976.74463    
   107.750000       1957.96118    
   108.000000       1942.18945    
   108.250000       1929.82471    
   108.500000       1921.28369    
   108.750000       1916.98950    
   109.000000       1917.36450    
   109.250000       1922.73560    
   109.500000       1933.04785    
   109.750000       1948.14917    
   110.000000       1967.88940    
   110.250000       1991.97583    
   110.500000       2019.55273    
   110.750000       2049.62305    
   111.000000       2081.18945    
   111.250000       2113.34839    
   111.500000       2145.56860    
   111.750000       2177.41162    
   112.000000       2208.43945    
   112.250000       2238.20386    
   112.500000       2266.21606    
   112.750000       2291.97754    
   113.000000       2314.98950    
   113.250000       2334.77686    
   113.500000       2350.95972    
   113.750000       2363.18262    
   114.000000       2371.08936    
   114.250000       2374.38501    
   114.500000       2373.01831    
   114.750000       2367.00000    
   115.000000       2356.33960    
   115.250000       2341.11108    
   115.500000       2321.64355    
   115.750000       2298.33032    
   116.000000       2271.56445    
   116.250000       2241.76221    
   116.500000       2209.43457    
   116.750000       2175.11572    
   117.000000       2139.33960    
   117.250000       2102.56421    
   117.500000       2064.94238    
   117.750000       2026.55029    
   118.000000       1987.46460    
   118.250000       1947.85303    
   118.500000       1908.25171    
   118.750000       1869.28809    
   119.000000       1831.58960    
   119.250000       1795.69458    
   119.500000       1761.78491    
   119.750000       1729.95239    
   120.000000       1700.28955    
   120.250000       1672.90698    
   120.500000       1647.98975    
   120.750000       1625.74121    
   121.000000       1606.36450    
   121.250000       1590.13428    
   121.500000       1577.61133    
   121.750000       1569.42749    
   122.000000       1566.21460    
   122.250000       1568.46753    
   122.500000       1576.13306    
   122.750000       1589.02051    
   123.000000       1606.93945    
   123.250000       1629.81689    
   123.500000       1658.04980    
   123.750000       1692.15234    
   124.000000       1732.63940    
   124.250000       1779.95215    
   124.500000       1834.23901    
   124.750000       1895.57642    
   125.000000       1964.03955    
   125.250000       2039.70386    
   125.500000       2122.64307    
   125.750000       2212.93066    
   126.000000       2310.63965    
   126.250000       2415.79712    
   126.500000       2528.24463    
   126.750000       2647.77686    
   127.000000       2774.18945    
   127.250000       2907.27710    
   127.500000       3046.83496    
   127.750000       3192.65747    
   128.000000       3344.53955    
   128.250000       3502.37598    
   128.500000       3666.45923    
   128.750000       3837.18286    
   129.000000       4014.93945    
   129.250000       4200.29053    
   129.500000       4394.47119    
   129.750000       4598.88623    
   130.000000       4814.93945    
   130.250000       5043.74316    
   130.500000       5285.24023    
   130.750000       5539.08008    
   131.000000       5804.91406    
   131.250000       6081.76758    
   131.500000       6366.16992    
   131.750000       6654.02539    
   132.000000       6941.23926    
   132.250000       7224.43848    
   132.500000       7503.14600    
   132.750000       7777.60645    
   133.000000       8048.06445    
   133.250000       8314.91602    
   133.500000       8579.16016    
   133.750000       8841.94238    
   134.000000       9104.41406    
   134.250000       9367.20801    
   134.500000       9628.89844    
   134.750000       9887.54688    
   135.000000       10141.2139    
   135.250000       10388.2803    
   135.500000       10628.4102    
   135.750000       10861.5850    
   136.000000       11087.7891    
   136.250000       11307.1885    
   136.500000       11520.6768    
   136.750000       11729.3281    
   137.000000       11934.2148    
   137.250000       12136.2129    
   137.500000       12335.3838    
   137.750000       12531.5879    
   138.000000       12724.6895    
   138.250000       12914.5322    
   138.500000       13100.9023    
   138.750000       13283.5732    
   139.000000       13462.3145    
   139.250000       13637.4453    
   139.500000       13811.4766    
   139.750000       13987.4648    
   140.000000       14168.4648    
   140.250000       14356.0107    
   140.500000       14545.5303    
   140.750000       14730.9297    
   141.000000       14906.1143    
   141.250000       15065.9678    
   141.500000       15209.3086    
   141.750000       15335.9336    
   142.000000       15445.6396    
   142.250000       15540.8262    
   142.500000       15634.2900    
   142.750000       15741.4287    
   143.000000       15877.6387    
   143.250000       16055.7842    
   143.500000       16278.5938    
   143.750000       16546.2637    
   144.000000       16858.9902    
   144.250000       17214.3828    
   144.500000       17599.7285    
   144.750000       17999.7227    
   145.000000       18399.0645    
   145.250000       18785.7285    
   145.500000       19160.7988    
   145.750000       19528.6348    
   146.000000       19893.5898    
   146.250000       20260.8301    
   146.500000       20638.7363    
   146.750000       21036.4922    
   147.000000       21463.2891    
   147.250000       21923.4043    
   147.500000       22401.5078    
   147.750000       22877.3555    
   148.000000       23330.7129    
   148.250000       23744.4824    
   148.500000       24114.1348    
   148.750000       24438.2832    
   149.000000       24715.5410    
   149.250000       24946.5117    
   149.500000       25139.7637    
   149.750000       25305.8613    
   150.000000       25455.3652    
   150.250000       25596.9199    
   150.500000       25731.4902    
   150.750000       25858.1230    
   151.000000       25975.8633    
   151.250000       26085.1387    
   151.500000       26191.8789    
   151.750000       26303.3848    
   152.000000       26426.9648    
   152.250000       26568.1758    
   152.500000       26725.5977    
   152.750000       26896.0508    
   153.000000       27076.3652    
   153.250000       27262.2539    
   153.500000       27444.9473    
   153.750000       27614.5605    
   154.000000       27761.2148    
   154.250000       27877.0020    
   154.500000       27961.9277    
   154.750000       28017.9863    
   155.000000       28047.1641    
   155.250000       28052.6562    
   155.500000       28042.4883    
   155.750000       28025.8887    
   156.000000       28012.0898    
   156.250000       28009.0879    
   156.500000       28019.9336    
   156.750000       28046.4453    
   157.000000       28090.4395    
   157.250000       28151.3457    
   157.500000       28219.0625    
   157.750000       28281.0996    
   158.000000       28324.9648    
   158.250000       28339.9277    
   158.500000       28322.2695    
   158.750000       28270.0312    
   159.000000       28181.2637    
   159.250000       28055.6016    
   159.500000       27899.0996    
   159.750000       27719.4121    
   160.000000       27524.1895    
   160.250000       27319.5527    
   160.500000       27105.4629    
   160.750000       26880.3477    
   161.000000       26642.6387    
   161.250000       26390.6250    
   161.500000       26122.0742    
   161.750000       25834.6133    
   162.000000       25525.8652    
   162.250000       25193.9922    
   162.500000       24839.2305    
   162.750000       24462.3555    
   163.000000       24064.1387    
   163.250000       23647.1699    
   163.500000       23221.3496    
   163.750000       22798.3984    
   164.000000       22390.0410    
   164.250000       22005.6660    
   164.500000       21645.3242    
   164.750000       21306.7344    
   165.000000       20987.6152    
   165.250000       20683.9590    
   165.500000       20384.8555    
   165.750000       20077.6680    
   166.000000       19749.7637    
   166.250000       19391.4316    
   166.500000       19004.6660    
   166.750000       18594.3867    
   167.000000       18165.5137    
   167.250000       17722.8418    
   167.500000       17270.6777    
   167.750000       16813.1992    
   168.000000       16354.5898    
   168.250000       15898.5879    
   168.500000       15447.1572    
   168.750000       15001.8252    
   169.000000       14564.1143    
   169.250000       14135.8809    
   169.500000       13720.3145    
   169.750000       13320.9346    
   170.000000       12941.2637    
   170.250000       12583.8516    
   170.500000       12247.3594    
   170.750000       11929.4746    
   171.000000       11627.8887    
   171.250000       11340.2646    
   171.500000       11064.1699    
   171.750000       10797.1475    
   172.000000       10536.7393    
   172.250000       10281.0967    
   172.500000       10030.8076    
   172.750000       9787.06543    
   173.000000       9551.06445    
   173.250000       9324.08691    
   173.500000       9107.75488    
   173.750000       8903.77734    
   174.000000       8713.86523    
   174.250000       8539.59570    
   174.500000       8382.03125    
   174.750000       8242.10156    
   175.000000       8120.73975    
   175.250000       8017.93457    
   175.500000       7929.91406    
   175.750000       7851.96191    
   176.000000       7779.36426    
   176.250000       7707.94043    
   176.500000       7635.65283    
   176.750000       7560.99512    
   177.000000       7482.46484    
   177.250000       7399.36230    
   177.500000       7314.21533    
   177.750000       7230.35498    
   178.000000       7151.11426    
   178.250000       7078.86035    
   178.500000       7012.10156    
   178.750000       6948.37988    
   179.000000       6885.23975    
   179.250000       6820.33984    
   179.500000       6751.81201    
   179.750000       6677.90381    
   180.000000       6596.86426    
   180.250000       6507.45947    
   180.500000       6410.53369    
   180.750000       6307.44824    
   181.000000       6199.56445    
   181.250000       6088.09863    
   181.500000       5973.68018    
   181.750000       5856.79150    
   182.000000       5737.91455    
   182.250000       5617.36426    
   182.500000       5494.77637    
   182.750000       5369.62012    
   183.000000       5241.36426    
   183.250000       5109.66113    
   183.500000       4974.89893    
   183.750000       4837.65088    
   184.000000       4698.48926    
   184.250000       4558.41553    
   184.500000       4420.14258    
   184.750000       4286.81201    
   185.000000       4161.56445    
   185.250000       4046.82324    
   185.500000       3942.13599    
   185.750000       3846.33154    
   186.000000       3758.23926    
   186.250000       3676.60571    
   186.500000       3599.84692    
   186.750000       3526.29712    
   187.000000       3454.28955    
   187.250000       3382.60571    
   187.500000       3311.81299    
   187.750000       3242.92749    
   188.000000       3176.96436    
   188.250000       3114.62061    
   188.500000       3055.32202    
   188.750000       2998.17578    
   189.000000       2942.28955    
   189.250000       2886.96484    
   189.500000       2832.27954    
   189.750000       2778.50562    
   190.000000       2725.91455    
   190.250000       2674.78589    
   190.500000       2625.42798    
   190.750000       2578.15723    
   191.000000       2533.28955    
   191.250000       2491.02954    
   191.500000       2451.13623    
   191.750000       2413.25708    
   192.000000       2377.03955    
   192.250000       2342.26099    
   192.500000       2309.21777    
   192.750000       2278.33496    
   193.000000       2250.03955    
   193.250000       2224.74512    
   193.500000       2202.82129    
   193.750000       2184.62524    
   194.000000       2170.51465    
   194.250000       2160.71704    
   194.500000       2154.94067    
   194.750000       2152.76392    
   195.000000       2153.76440    
   195.250000       2157.52148    
   195.500000       2163.61523    
   195.750000       2171.62769    
   196.000000       2181.13940    
   196.250000       2191.86963    
   196.500000       2204.08789    
   196.750000       2218.20068    
   197.000000       2234.61450    
   197.250000       2253.63379    
   197.500000       2275.14844    
   197.750000       2298.94629    
   198.000000       2324.81445    
   198.250000       2352.51465    
   198.500000       2381.70557    
   198.750000       2412.01953    
   199.000000       2443.08960    
   199.250000       2474.59326    
   199.500000       2506.38843    
   199.750000       2538.37793    

 "IV theory
   46.2500000       2825.15161    
   46.5000000       2788.24121    
   46.7500000       2747.97241    
   47.0000000       2704.46924    
   47.2500000       2657.87915    
   47.5000000       2608.44043    
   47.7500000       2556.41406    
   48.0000000       2502.06104    
   48.2500000       2445.65234    
   48.5000000       2387.49536    
   48.7500000       2327.90820    
   49.0000000       2267.20776    
   49.2500000       2205.70996    
   49.5000000       2143.72119    
   49.7500000       2081.54639    
   50.0000000       2019.48840    
   50.2500000       1957.83350    
   50.5000000       1896.78931    
   50.7500000       1836.54456    
   51.0000000       1777.28760    
   51.2500000       1719.17749    
   51.5000000       1662.25171    
   51.7500000       1606.51807    
   52.0000000       1551.98413    
   52.2500000       1498.64502    
   52.5000000       1446.44727    
   52.7500000       1395.32495    
   53.0000000       1345.21191    
   53.2500000       1296.04541    
   53.5000000       1247.77344    
   53.7500000       1200.34692    
   54.0000000       1153.71729    
   54.2500000       1107.86011    
   54.5000000       1062.85071    
   54.7500000       1018.78931    
   55.0000000       975.776245    
   55.2500000       933.950439    
   55.5000000       893.606812    
   55.7500000       855.078918    
   56.0000000       818.700500    
   56.2500000       784.821167    
   56.5000000       753.853638    
   56.7500000       726.226379    
   57.0000000       702.367981    
   57.2500000       682.703430    
   57.5000000       667.642944    
   57.7500000       657.593384    
   58.0000000       652.961548    
   58.2500000       654.122681    
   58.5000000       661.326721    
   58.7500000       674.791931    
   59.0000000       694.736755    
   59.2500000       721.329895    
   59.5000000       754.541504    
   59.7500000       794.291748    
   60.0000000       840.501160    
   60.2500000       893.071228    
   60.5000000       951.828918    
   60.7500000       1016.58209    
   61.0000000       1087.13904    
   61.2500000       1163.30713    
   61.5000000       1244.89136    
   61.7500000       1331.69653    
   62.0000000       1423.52722    
   62.2500000       1520.16272    
   62.5000000       1621.28101    
   62.7500000       1726.53503    
   63.0000000       1835.57727    
   63.2500000       1948.02222    
   63.5000000       2063.33057    
   63.7500000       2180.92456    
   64.0000000       2300.22607    
   64.2500000       2420.64160    
   64.5000000       2541.51318    
   64.7500000       2662.16699    
   65.0000000       2781.92871    
   65.2500000       2900.12964    
   65.5000000       3016.11890    
   65.7500000       3129.25171    
   66.0000000       3238.88135    
   66.2500000       3344.40820    
   66.5000000       3445.41089    
   66.7500000       3541.51514    
   67.0000000       3632.34448    
   67.2500000       3717.59521    
   67.5000000       3797.24561    
   67.7500000       3871.34546    
   68.0000000       3939.94312    
   68.2500000       4003.11597    
   68.5000000       4061.05054    
   68.7500000       4113.96143    
   69.0000000       4162.06104    
   69.2500000       4205.56201    
   69.5000000       4244.66943    
   69.7500000       4279.58789    
   70.0000000       4310.52002    
   70.2500000       4337.67383    
   70.5000000       4361.27295    
   70.7500000       4381.54688    
   71.0000000       4398.72363    
   71.2500000       4413.03711    
   71.5000000       4424.74170    
   71.7500000       4434.09619    
   72.0000000       4441.35986    
   72.2500000       4446.79590    
   72.5000000       4450.67920    
   72.7500000       4453.28955    
   73.0000000       4454.90527    
   73.2500000       4455.80176    
   73.5000000       4456.23486    
   73.7500000       4456.45654    
   74.0000000       4456.71973    
   74.2500000       4457.22168    
   74.5000000       4457.93994    
   74.7500000       4458.79883    
   75.0000000       4459.72119    
   75.2500000       4460.54639    
   75.5000000       4460.77441    
   75.7500000       4459.81934    
   76.0000000       4457.09717    
   76.2500000       4451.98730    
   76.5000000       4443.72998    
   76.7500000       4431.53125    
   77.0000000       4414.59668    
   77.2500000       4392.14111    
   77.5000000       4363.41650    
   77.7500000       4327.68457    
   78.0000000       4284.20654    
   78.2500000       4232.32959    
   78.5000000       4171.74609    
   78.7500000       4102.23389    
   79.0000000       4023.57007    
   79.2500000       3935.66919    
   79.5000000       3838.98511    
   79.7500000       3734.10693    
   80.0000000       3621.62500    
   80.2500000       3502.18164    
   80.5000000       3376.63037    
   80.7500000       3245.87891    
   81.0000000       3110.83423    
   81.2500000       2972.39722    
   81.5000000       2831.45044    
   81.7500000       2688.86743    
   82.0000000       2545.52490    
   82.2500000       2402.28125    
   82.5000000       2259.92871    
   82.7500000       2119.24243    
   83.0000000       1980.99780    
   83.2500000       1845.94165    
   83.5000000       1714.70679    
   83.7500000       1587.89807    
   84.0000000       1466.12012    
   84.2500000       1349.96814    
   84.5000000       1239.99988    
   84.7500000       1136.76404    
   85.0000000       1040.80872    
   85.2500000       952.677734    
   85.5000000       872.896362    
   85.7500000       801.985046    
   86.0000000       740.464233    
   86.2500000       688.786011    
   86.5000000       647.129089    
   86.7500000       615.603516    
   87.0000000       594.319641    
   87.2500000       583.281555    
   87.5000000       582.069336    
   87.7500000       590.156982    
   88.0000000       607.018738    
   88.2500000       632.086548    
   88.5000000       664.625061    
   88.7500000       703.856873    
   89.0000000       749.004456    
   89.2500000       799.295898    
   89.5000000       853.980103    
   89.7500000       912.311401    
   90.0000000       973.544312    
   90.2500000       1036.96082    
   90.5000000       1101.95459    
   90.7500000       1167.94727    
   91.0000000       1234.35974    
   91.2500000       1300.65881    
   91.5000000       1366.49146    
   91.7500000       1431.54944    
   92.0000000       1495.52454    
   92.2500000       1558.12549    
   92.5000000       1619.12878    
   92.7500000       1678.32654    
   93.0000000       1735.51257    
   93.2500000       1790.47974    
   93.5000000       1843.02515    
   93.7500000       1892.94592    
   94.0000000       1940.03931    
   94.2500000       1984.12854    
   94.5000000       2025.13782    
   94.7500000       2063.01709    
   95.0000000       2097.71631    
   95.2500000       2129.22437    
   95.5000000       2157.68555    
   95.7500000       2183.28271    
   96.0000000       2206.19971    
   96.2500000       2226.63501    
   96.5000000       2244.85010    
   96.7500000       2261.12183    
   97.0000000       2275.72705    
   97.2500000       2288.94019    
   97.5000000       2301.02441    
   97.7500000       2312.24097    
   98.0000000       2322.85083    
   98.2500000       2333.09497    
   98.5000000       2343.13696    
   98.7500000       2353.12109    
   99.0000000       2363.19019    
   99.2500000       2373.45825    
   99.5000000       2383.91431    
   99.7500000       2394.51758    
   100.000000       2405.22705    
   100.250000       2415.98901    
   100.500000       2426.70117    
   100.750000       2437.24878    
   101.000000       2447.51660    
   101.250000       2457.39209    
   101.500000       2466.77100    
   101.750000       2475.55127    
   102.000000       2483.63013    
   102.250000       2490.92139    
   102.500000       2497.39990    
   102.750000       2503.05542    
   103.000000       2507.87842    
   103.250000       2511.88354    
   103.500000       2515.18311    
   103.750000       2517.91211    
   104.000000       2520.20703    
   104.250000       2522.21387    
   104.500000       2524.11841    
   104.750000       2526.11621    
   105.000000       2528.40234    
   105.250000       2531.17065    
   105.500000       2534.60327    
   105.750000       2538.88062    
   106.000000       2544.18311    
   106.250000       2550.66675    
   106.500000       2558.39429    
   106.750000       2567.40430    
   107.000000       2577.73535    
   107.250000       2589.38916    
   107.500000       2602.22021    
   107.750000       2616.04370    
   108.000000       2630.67700    
   108.250000       2645.92236    
   108.500000       2661.52319    
   108.750000       2677.20801    
   109.000000       2692.70557    
   109.250000       2707.74707    
   109.500000       2722.07104    
   109.750000       2735.41895    
   110.000000       2747.53198    
   110.250000       2758.16284    
   110.500000       2767.11475    
   110.750000       2774.20190    
   111.000000       2779.23853    
   111.250000       2782.05957    
   111.500000       2782.57788    
   111.750000       2780.72607    
   112.000000       2776.43823    
   112.250000       2769.65381    
   112.500000       2760.34253    
   112.750000       2748.48071    
   113.000000       2734.04590    
   113.250000       2717.01489    
   113.500000       2697.36743    
   113.750000       2675.08447    
   114.000000       2650.14673    
   114.250000       2622.54907    
   114.500000       2592.34766    
   114.750000       2559.61353    
   115.000000       2524.41626    
   115.250000       2486.85010    
   115.500000       2447.10181    
   115.750000       2405.37988    
   116.000000       2361.89429    
   116.250000       2316.86377    
   116.500000       2270.54248    
   116.750000       2223.19409    
   117.000000       2175.08228    
   117.250000       2126.46948    
   117.500000       2077.61621    
   117.750000       2028.78271    
   118.000000       1980.22839    
   118.250000       1932.21350    
   118.500000       1885.00134    
   118.750000       1838.85474    
   119.000000       1794.03723    
   119.250000       1750.81262    
   119.500000       1709.44702    
   119.750000       1670.20728    
   120.000000       1633.36023    
   120.250000       1599.17297    
   120.500000       1567.91382    
   120.750000       1539.85156    
   121.000000       1515.25464    
   121.250000       1494.39185    
   121.500000       1477.53040    
   121.750000       1464.93726    
   122.000000       1456.87952    
   122.250000       1453.62048    
   122.500000       1455.41101    
   122.750000       1462.49780    
   123.000000       1475.12854    
   123.250000       1493.54456    
   123.500000       1517.96704    
   123.750000       1548.61133    
   124.000000       1585.69373    
   124.250000       1629.42737    
   124.500000       1680.01892    
   124.750000       1737.67322    
   125.000000       1802.59497    
   125.250000       1874.98804    
   125.500000       1955.05408    
   125.750000       2042.99402    
   126.000000       2139.00928    
   126.250000       2243.29053    
   126.500000       2355.99219    
   126.750000       2477.25806    
   127.000000       2607.23218    
   127.250000       2746.04419    
   127.500000       2893.76318    
   127.750000       3050.44434    
   128.000000       3216.14111    
   128.250000       3390.90430    
   128.500000       3574.76172    
   128.750000       3767.73877    
   129.000000       3969.85815    
   129.250000       4181.14209    
   129.500000       4401.60400    
   129.750000       4631.25586    
   130.000000       4870.10840    
   130.250000       5118.14307    
   130.500000       5375.21533    
   130.750000       5641.15137    
   131.000000       5915.77490    
   131.250000       6198.86426    
   131.500000       6490.00293    
   131.750000       6788.72705    
   132.000000       7094.57324    
   132.250000       7407.05811    
   132.500000       7725.62451    
   132.750000       8049.69238    
   133.000000       8378.68262    
   133.250000       8712.02246    
   133.500000       9049.14551    
   133.750000       9389.48633    
   134.000000       9732.48340    
   134.250000       10077.5879    
   134.500000       10424.3057    
   134.750000       10772.1572    
   135.000000       11120.6650    
   135.250000       11469.3691    
   135.500000       11817.9053    
   135.750000       12165.9277    
   136.000000       12513.0957    
   136.250000       12859.0713    
   136.500000       13203.5527    
   136.750000       13546.2393    
   137.000000       13886.8398    
   137.250000       14225.0566    
   137.500000       14560.6084    
   137.750000       14893.2129    
   138.000000       15222.5918    
   138.250000       15548.5039    
   138.500000       15870.8809    
   138.750000       16189.6914    
   139.000000       16504.9082    
   139.250000       16816.5625    
   139.500000       17124.9531    
   139.750000       17430.4316    
   140.000000       17733.3652    
   140.250000       18034.1328    
   140.500000       18333.2246    
   140.750000       18631.1543    
   141.000000       18928.4395    
   141.250000       19225.5898    
   141.500000       19523.0957    
   141.750000       19821.4316    
   142.000000       20121.0918    
   142.250000       20422.5117    
   142.500000       20725.9531    
   142.750000       21031.6504    
   143.000000       21339.8184    
   143.250000       21650.6152    
   143.500000       21963.9277    
   143.750000       22279.5684    
   144.000000       22597.3398    
   144.250000       22917.0352    
   144.500000       23238.3379    
   144.750000       23560.9082    
   145.000000       23884.4043    
   145.250000       24208.4863    
   145.500000       24532.8008    
   145.750000       24856.9980    
   146.000000       25180.7305    
   146.250000       25503.5938    
   146.500000       25825.0156    
   146.750000       26144.3672    
   147.000000       26461.0176    
   147.250000       26774.2773    
   147.500000       27083.1641    
   147.750000       27386.6348    
   148.000000       27683.6426    
   148.250000       27973.1133    
   148.500000       28253.8516    
   148.750000       28524.6406    
   149.000000       28784.2578    
   149.250000       29031.4902    
   149.500000       29265.1582    
   149.750000       29484.0918    
   150.000000       29687.1250    
   150.250000       29873.1680    
   150.500000       30041.4648    
   150.750000       30191.3438    
   151.000000       30322.1348    
   151.250000       30433.2852    
   151.500000       30524.7773    
   151.750000       30596.7188    
   152.000000       30649.2090    
   152.250000       30682.4082    
   152.500000       30696.6777    
   152.750000       30692.4160    
   153.000000       30670.0332    
   153.250000       30629.9375    
   153.500000       30572.5195    
   153.750000       30498.1699    
   154.000000       30407.2832    
   154.250000       30300.2617    
   154.500000       30177.5566    
   154.750000       30039.6504    
   155.000000       29887.0059    
   155.250000       29720.1094    
   155.500000       29539.5254    
   155.750000       29345.8359    
   156.000000       29139.6289    
   156.250000       28921.4824    
   156.500000       28692.0293    
   156.750000       28451.8906    
   157.000000       28201.6934    
   157.250000       27942.0703    
   157.500000       27673.6387    
   157.750000       27397.0117    
   158.000000       27112.8086    
   158.250000       26821.6250    
   158.500000       26523.9902    
   158.750000       26220.4102    
   159.000000       25911.3906    
   159.250000       25597.4082    
   159.500000       25278.8320    
   159.750000       24955.9922    
   160.000000       24629.2266    
   160.250000       24298.8594    
   160.500000       23965.1660    
   160.750000       23628.4180    
   161.000000       23288.8789    
   161.250000       22946.8203    
   161.500000       22602.5156    
   161.750000       22256.2422    
   162.000000       21908.2773    
   162.250000       21558.9102    
   162.500000       21208.4727    
   162.750000       20857.3027    
   163.000000       20505.7422    
   163.250000       20154.1523    
   163.500000       19802.9551    
   163.750000       19452.6016    
   164.000000       19103.5234    
   164.250000       18756.1797    
   164.500000       18411.0469    
   164.750000       18068.6113    
   165.000000       17729.3613    
   165.250000       17393.7793    
   165.500000       17062.3340    
   165.750000       16735.4961    
   166.000000       16413.7305    
   166.250000       16097.4668    
   166.500000       15786.9844    
   166.750000       15482.5322    
   167.000000       15184.3506    
   167.250000       14892.6309    
   167.500000       14607.3311    
   167.750000       14328.3506    
   168.000000       14055.5879    
   168.250000       13788.9268    
   168.500000       13528.1455    
   168.750000       13273.0059    
   169.000000       13023.2646    
   169.250000       12778.6904    
   169.500000       12539.0703    
   169.750000       12304.2012    
   170.000000       12073.8789    
   170.250000       11847.9512    
   170.500000       11626.4854    
   170.750000       11409.5977    
   171.000000       11197.4102    
   171.250000       10990.1279    
   171.500000       10788.2891    
   171.750000       10592.5186    
   172.000000       10403.4414    
   172.250000       10221.7158    
   172.500000       10048.1455    
   172.750000       9883.57227    
   173.000000       9728.83203    
   173.250000       9584.75293    
   173.500000       9452.10156    
   173.750000       9331.63477    
   174.000000       9224.11133    
   174.250000       9130.13672    
   174.500000       9049.73828    
   174.750000       8982.79883    
   175.000000       8929.20020    
   175.250000       8888.59668    
   175.500000       8859.73242    
   175.750000       8841.12988    
   176.000000       8831.30762    
   176.250000       8828.69141    
   176.500000       8831.34180    
   176.750000       8837.22754    
   177.000000       8844.31641    
   177.250000       8850.59668    
   177.500000       8854.13086    
   177.750000       8853.01172    
   178.000000       8845.31836    
   178.250000       8829.30273    
   178.500000       8803.87012    
   178.750000       8768.08984    
   179.000000       8721.03027    
   179.250000       8662.01855    
   179.500000       8591.41797    
   179.750000       8509.84570    
   180.000000       8417.92090    
   180.250000       8316.36523    
   180.500000       8206.30469    
   180.750000       8088.96924    
   181.000000       7965.58447    
   181.250000       7837.36914    
   181.500000       7705.48926    
   181.750000       7571.10010    
   182.000000       7435.35693    
   182.250000       7299.35254    
   182.500000       7163.93701    
   182.750000       7029.89893    
   183.000000       6898.02686    
   183.250000       6769.01025    
   183.500000       6643.14404    
   183.750000       6520.62402    
   184.000000       6401.64453    
   184.250000       6286.36377    
   184.500000       6174.78955    
   184.750000       6066.88721    
   185.000000       5962.62793    
   185.250000       5861.98096    
   185.500000       5764.92480    
   185.750000       5671.43896    
   186.000000       5581.50391    
   186.250000       5495.08838    
   186.500000       5412.11816    
   186.750000       5332.50781    
   187.000000       5256.17188    
   187.250000       5183.01074    
   187.500000       5112.86035    
   187.750000       5045.54492    
   188.000000       4980.88672    
   188.250000       4918.70166    
   188.500000       4858.77734    
   188.750000       4800.89502    
   189.000000       4744.83643    
   189.250000       4690.38574    
   189.500000       4637.34082    
   189.750000       4585.50146    
   190.000000       4534.66943    
   190.250000       4484.68018    
   190.500000       4435.51025    
   190.750000       4387.17139    
   191.000000       4339.67529    
   191.250000       4293.08838    
   191.500000       4247.69531    
   191.750000       4203.83545    
   192.000000       4161.85010    
   192.250000       4122.09912    
   192.500000       4085.03516    
   192.750000       4051.13135    
   193.000000       4020.86108    
   193.250000       3994.69360    
   193.500000       3973.07397    
   193.750000       3956.44360    
   194.000000       3945.24243    
   194.250000       3939.86206    
   194.500000       3940.49512    
   194.750000       3947.28540    
   195.000000       3960.37573    
   195.250000       3979.83228    
   195.500000       4005.40869    
   195.750000       4036.78174    
   196.000000       4073.62964    
   196.250000       4115.59619    
   196.500000       4162.20459    
   196.750000       4212.94775    
   197.000000       4267.31689    
   197.250000       4324.80811    
   197.500000       4384.93506    
   197.750000       4447.21680    
   198.000000       4511.16992    
   198.250000       4576.33984    
   198.500000       4642.37842    
   198.750000       4708.96582    
   199.000000       4775.77979    
   199.250000       4842.54297    
   199.500000       4909.14795    
   199.750000       4975.52881    

