TitleText: Ni(001)-(5x5)-Li     Beam (1,1/5)              Rfac10=0.1537
 "IV exp
   54.2500000       312.288849    
   54.5000000       321.879669    
   54.7500000       332.366028    
   55.0000000       344.195709    
   55.2500000       357.788940    
   55.5000000       373.456299    
   55.7500000       391.480896    
   56.0000000       412.145721    
   56.2500000       435.673431    
   56.5000000       462.044373    
   56.7500000       491.178528    
   57.0000000       522.995728    
   57.2500000       557.290588    
   57.5000000       593.356201    
   57.7500000       630.360291    
   58.0000000       667.470764    
   58.2500000       703.946533    
   58.5000000       739.411621    
   58.7500000       773.581360    
   59.0000000       806.170776    
   59.2500000       836.899719    
   59.5000000       865.506165    
   59.7500000       891.732361    
   60.0000000       915.320740    
   60.2500000       936.010620    
   60.5000000       953.528870    
   60.7500000       967.599365    
   61.0000000       977.945740    
   61.2500000       984.401672    
   61.5000000       987.240173    
   61.7500000       986.843994    
   62.0000000       983.595764    
   62.2500000       977.866028    
   62.5000000       969.975403    
   62.7500000       960.232483    
   63.0000000       948.945740    
   63.2500000       936.385071    
   63.5000000       922.666992    
   63.7500000       907.869507    
   64.0000000       892.070740    
   64.2500000       875.361572    
   64.5000000       857.884277    
   64.7500000       839.794006    
   65.0000000       821.245789    
   65.2500000       802.389648    
   65.5000000       783.354858    
   65.7500000       764.265503    
   66.0000000       745.245667    
   66.2500000       726.364502    
   66.5000000       707.470764    
   66.7500000       688.358215    
   67.0000000       668.820740    
   67.2500000       648.684448    
   67.5000000       627.905212    
   67.7500000       606.471191    
   68.0000000       584.370728    
   68.2500000       561.666260    
   68.5000000       538.717346    
   68.7500000       515.957581    
   69.0000000       493.820709    
   69.2500000       472.688446    
   69.5000000       452.734253    
   69.7500000       434.079498    
   70.0000000       416.845703    
   70.2500000       401.107727    
   70.5000000       386.754395    
   70.7500000       373.627960    
   71.0000000       361.570709    
   71.2500000       350.458374    
   71.5000000       340.300568    
   71.7500000       331.140350    
   72.0000000       323.020721    
   72.2500000       315.969727    
   72.5000000       309.955109    
   72.7500000       304.929535    
   73.0000000       300.845703    
   73.2500000       297.635376    
   73.5000000       295.146973    
   73.7500000       293.207916    
   74.0000000       291.645721    
   74.2500000       290.313293    
   74.5000000       289.165558    
   74.7500000       288.182922    
   75.0000000       287.345703    
   75.2500000       286.647766    
   75.5000000       286.136871    
   75.7500000       285.874146    
   76.0000000       285.920715    
   76.2500000       286.313202    
   76.5000000       286.989349    
   76.7500000       287.862457    
   77.0000000       288.845703    
   77.2500000       289.858948    
   77.5000000       290.848755    
   77.7500000       291.768280    
   78.0000000       292.570709    
   78.2500000       293.231903    
   78.5000000       293.818054    
   78.7500000       294.417999    
   79.0000000       295.120697    
   79.2500000       295.976807    
   79.5000000       296.884583    
   79.7500000       297.704163    
   80.0000000       298.295715    
   80.2500000       298.550812    
   80.5000000       298.486694    
   80.7500000       298.152100    
   81.0000000       297.595734    
   81.2500000       296.881012    
   81.5000000       296.130432    
   81.7500000       295.481262    
   82.0000000       295.070709    
   82.2500000       294.990906    
   82.5000000       295.153381    
   82.7500000       295.424530    
   83.0000000       295.670685    
   83.2500000       295.780365    
   83.5000000       295.730194    
   83.7500000       295.519043    
   84.0000000       295.145721    
   84.2500000       294.617798    
   84.5000000       293.978149    
   84.7500000       293.278534    
   85.0000000       292.570709    
   85.2500000       291.900970    
   85.5000000       291.294067    
   85.7500000       290.769165    
   86.0000000       290.345703    
   86.2500000       290.031860    
   86.5000000       289.791840    
   86.7500000       289.578735    
   87.0000000       289.345703    
   87.2500000       289.049683    
   87.5000000       288.662903    
   87.7500000       288.161224    
   88.0000000       287.520721    
   88.2500000       286.731506    
   88.5000000       285.840302    
   88.7500000       284.908081    
   89.0000000       283.995697    
   89.2500000       283.161896    
   89.5000000       282.456451    
   89.7500000       281.926880    
   90.0000000       281.620728    
   90.2500000       281.565460    
   90.5000000       281.708160    
   90.7500000       281.975922    
   91.0000000       282.295715    
   91.2500000       282.595123    
   91.5000000       282.803894    
   91.7500000       282.852325    
   92.0000000       282.670715    
   92.2500000       282.211212    
   92.5000000       281.513062    
   92.7500000       280.637512    
   93.0000000       279.645721    
   93.2500000       278.593811    
   93.5000000       277.518127    
   93.7500000       276.450012    
   94.0000000       275.420715    
   94.2500000       274.454620    
   94.5000000       273.548035    
   94.7500000       272.690308    
   95.0000000       271.870697    
   95.2500000       271.089722    
   95.5000000       270.392120    
   95.7500000       269.833801    
   96.0000000       269.470703    
   96.2500000       269.348267    
   96.5000000       269.470245    
   96.7500000       269.829926    
   97.0000000       270.420715    
   97.2500000       271.223145    
   97.5000000       272.166840    
   97.7500000       273.168732    
   98.0000000       274.145721    
   98.2500000       275.031555    
   98.5000000       275.827332    
   98.7500000       276.551056    
   99.0000000       277.220703    
   99.2500000       277.843719    
   99.5000000       278.385620    
   99.7500000       278.801331    
   100.000000       279.045715    
   100.250000       279.086121    
   100.500000       278.938812    
   100.750000       278.632477    
   101.000000       278.195709    
   101.250000       277.653687    
   101.500000       277.017761    
   101.750000       276.295807    
   102.000000       275.495728    
   102.250000       274.628876    
   102.500000       273.720642    
   102.750000       272.799957    
   103.000000       271.895721    
   103.250000       271.039520    
   103.500000       270.273926    
   103.750000       269.644226    
   104.000000       269.195709    
   104.250000       268.954590    
   104.500000       268.870483    
   104.750000       268.873993    
   105.000000       268.895721    
   105.250000       268.889160    
   105.500000       268.899719    
   105.750000       268.995789    
   106.000000       269.245728    
   106.250000       269.711548    
   106.500000       270.429901    
   106.750000       271.431183    
   107.000000       272.745697    
   107.250000       274.402283    
   107.500000       276.423645    
   107.750000       278.831024    
   108.000000       281.645721    
   108.250000       284.907928    
   108.500000       288.734192    
   108.750000       293.259918    
   109.000000       298.620697    
   109.250000       304.945312    
   109.500000       312.335815    
   109.750000       320.887512    
   110.000000       330.695709    
   110.250000       341.831512    
   110.500000       354.268738    
   110.750000       367.956909    
   111.000000       382.845703    
   111.250000       398.872467    
   111.500000       415.926056    
   111.750000       433.883240    
   112.000000       452.620697    
   112.250000       472.028625    
   112.500000       492.051239    
   112.750000       512.646118    
   113.000000       533.770752    
   113.250000       555.386047    
   113.500000       577.465210    
   113.750000       599.984619    
   114.000000       622.920715    
   114.250000       646.202393    
   114.500000       669.568726    
   114.750000       692.711060    
   115.000000       715.320740    
   115.250000       737.142151    
   115.500000       758.131104    
   115.750000       778.296143    
   116.000000       797.645752    
   116.250000       816.247742    
   116.500000       834.406311    
   116.750000       852.484497    
   117.000000       870.845764    
   117.250000       889.807373    
   117.500000       909.502808    
   117.750000       930.019714    
   118.000000       951.445740    
   118.250000       973.843506    
   118.500000       997.175842    
   118.750000       1021.38068    
   119.000000       1046.39575    
   119.250000       1072.21484    
   119.500000       1099.05566    
   119.750000       1127.19141    
   120.000000       1156.89563    
   120.250000       1188.39868    
   120.500000       1221.75977    
   120.750000       1256.99500    
   121.000000       1294.12073    
   121.250000       1333.03699    
   121.500000       1373.17932    
   121.750000       1413.86731    
   122.000000       1454.42065    
   122.250000       1494.28906    
   122.500000       1533.44385    
   122.750000       1571.98706    
   123.000000       1610.02063    
   123.250000       1647.72131    
   123.500000       1685.56592    
   123.750000       1724.10681    
   124.000000       1763.89563    
   124.250000       1805.33252    
   124.500000       1848.20984    
   124.750000       1892.16748    
   125.000000       1936.84570    
   125.250000       1981.85120    
   125.500000       2026.65637    
   125.750000       2070.69995    
   126.000000       2113.42065    
   126.250000       2154.33716    
   126.500000       2193.28857    
   126.750000       2230.19360    
   127.000000       2264.97070    
   127.250000       2297.52808    
   127.500000       2327.72900    
   127.750000       2355.42578    
   128.000000       2380.47070    
   128.250000       2402.78418    
   128.500000       2422.55737    
   128.750000       2440.04980    
   129.000000       2455.52100    
   129.250000       2469.15454    
   129.500000       2480.83228    
   129.750000       2490.36060    
   130.000000       2497.54565    
   130.250000       2502.20532    
   130.500000       2504.20386    
   130.750000       2503.41699    
   131.000000       2499.72070    
   131.250000       2493.10547    
   131.500000       2484.02051    
   131.750000       2473.02930    
   132.000000       2460.69580    
   132.250000       2447.43579    
   132.500000       2433.07324    
   132.750000       2417.28491    
   133.000000       2399.74585    
   133.250000       2380.19189    
   133.500000       2358.59497    
   133.750000       2334.98584    
   134.000000       2309.39600    
   134.250000       2281.84448    
   134.500000       2252.30347    
   134.750000       2220.73364    
   135.000000       2187.09595    
   135.250000       2151.36353    
   135.500000       2113.56104    
   135.750000       2073.72583    
   136.000000       2031.89575    
   136.250000       1988.21863    
   136.500000       1943.28687    
   136.750000       1897.80322    
   137.000000       1852.47070    
   137.250000       1807.80310    
   137.500000       1763.55652    
   137.750000       1719.29834    
   138.000000       1674.59558    
   138.250000       1629.07788    
   138.500000       1582.62634    
   138.750000       1535.18433    
   139.000000       1486.69568    
   139.250000       1437.22217    
   139.500000       1387.29932    
   139.750000       1337.58105    
   140.000000       1288.72070    
   140.250000       1241.34937    
   140.500000       1196.00635    
   140.750000       1153.20801    
   141.000000       1113.47070    
   141.250000       1077.02344    
   141.500000       1042.94617    
   141.750000       1010.03101    
   142.000000       977.070740    
   142.250000       943.014587    
   142.500000       907.439758    
   142.750000       870.080383    
   143.000000       830.670715    
   143.250000       789.329651    
   143.500000       747.716187    
   143.750000       707.873657    
   144.000000       671.845764    
   144.250000       641.071350    
   144.500000       614.570007    
   144.750000       590.756531    
   145.000000       568.045715    
   145.250000       545.031189    
   145.500000       521.021912    
   145.750000       495.505798    
   146.000000       467.970703    
   146.250000       438.287231    
   146.500000       407.857178    
   146.750000       378.465179    
   147.000000       351.895721    
   147.250000       329.494904    
   147.500000       310.854797    
   147.750000       295.128876    
   148.000000       281.470734    
   148.250000       269.133972    
   148.500000       257.772919    
   148.750000       247.142014    
   149.000000       236.995712    
   149.250000       227.202530    
   149.500000       218.087234    
   149.750000       210.088669    
   150.000000       203.645721    
   150.250000       198.988831    
   150.500000       195.514999    
   150.750000       192.412781    
   151.000000       188.870728    
   151.250000       184.228165    
   151.500000       178.427124    
   151.750000       171.560379    
   152.000000       163.720734    
   152.250000       155.022110    
   152.500000       145.663391    
   152.750000       135.864578    

 "IV theory
   54.2500000       59.0840569    
   54.5000000       63.0930443    
   54.7500000       67.4785614    
   55.0000000       72.2365723    
   55.2500000       77.3572998    
   55.5000000       82.8080444    
   55.7500000       88.5503540    
   56.0000000       94.5458221    
   56.2500000       100.753708    
   56.5000000       107.124123    
   56.7500000       113.604889    
   57.0000000       120.143852    
   57.2500000       126.689194    
   57.5000000       133.190643    
   57.7500000       139.598267    
   58.0000000       145.862183    
   58.2500000       151.935135    
   58.5000000       157.780472    
   58.7500000       163.364273    
   59.0000000       168.652527    
   59.2500000       173.615585    
   59.5000000       178.240570    
   59.7500000       182.518921    
   60.0000000       186.442047    
   60.2500000       190.003006    
   60.5000000       193.201294    
   60.7500000       196.038040    
   61.0000000       198.514420    
   61.2500000       200.631470    
   61.5000000       202.390091    
   61.7500000       203.791046    
   62.0000000       204.835190    
   62.2500000       205.524155    
   62.5000000       205.862869    
   62.7500000       205.857056    
   63.0000000       205.512543    
   63.2500000       204.836304    
   63.5000000       203.840210    
   63.7500000       202.537460    
   64.0000000       200.941162    
   64.2500000       199.064941    
   64.5000000       196.924347    
   64.7500000       194.535431    
   65.0000000       191.914200    
   65.2500000       189.076660    
   65.5000000       186.038727    
   65.7500000       182.816315    
   66.0000000       179.425278    
   66.2500000       175.881699    
   66.5000000       172.202393    
   66.7500000       168.404327    
   67.0000000       164.504456    
   67.2500000       160.520035    
   67.5000000       156.469315    
   67.7500000       152.370804    
   68.0000000       148.243057    
   68.2500000       144.104675    
   68.5000000       139.974792    
   68.7500000       135.872635    
   69.0000000       131.817459    
   69.2500000       127.828407    
   69.5000000       123.924370    
   69.7500000       120.124138    
   70.0000000       116.446533    
   70.2500000       112.909546    
   70.5000000       109.527985    
   70.7500000       106.315887    
   71.0000000       103.287216    
   71.2500000       100.454758    
   71.5000000       97.8261642    
   71.7500000       95.4078674    
   72.0000000       93.2063141    
   72.2500000       91.2274475    
   72.5000000       89.4754944    
   72.7500000       87.9541626    
   73.0000000       86.6672134    
   73.2500000       85.6182709    
   73.5000000       84.8104324    
   73.7500000       84.2466736    
   74.0000000       83.9299774    
   74.2500000       83.8612518    
   74.5000000       84.0330963    
   74.7500000       84.4360275    
   75.0000000       85.0605774    
   75.2500000       85.8940735    
   75.5000000       86.9110641    
   75.7500000       88.0829010    
   76.0000000       89.3809204    
   76.2500000       90.7751770    
   76.5000000       92.2304611    
   76.7500000       93.7102585    
   77.0000000       95.1780930    
   77.2500000       96.5977478    
   77.5000000       97.9343567    
   77.7500000       99.1532974    
   78.0000000       100.220024    
   78.2500000       101.102829    
   78.5000000       101.781487    
   78.7500000       102.238663    
   79.0000000       102.457016    
   79.2500000       102.423744    
   79.5000000       102.144081    
   79.7500000       101.627823    
   80.0000000       100.884758    
   80.2500000       99.9264374    
   80.5000000       98.7714462    
   80.7500000       97.4401779    
   81.0000000       95.9529877    
   81.2500000       94.3300858    
   81.5000000       92.5910034    
   81.7500000       90.7551498    
   82.0000000       88.8418732    
   82.2500000       86.8701248    
   82.5000000       84.8570480    
   82.7500000       82.8193359    
   83.0000000       80.7737198    
   83.2500000       78.7361298    
   83.5000000       76.7194748    
   83.7500000       74.7358932    
   84.0000000       72.7975464    
   84.2500000       70.9162903    
   84.5000000       69.1028671    
   84.7500000       67.3676987    
   85.0000000       65.7212601    
   85.2500000       64.1739807    
   85.5000000       62.7363091    
   85.7500000       61.4186974    
   86.0000000       60.2315903    
   86.2500000       59.1851921    
   86.5000000       58.2887001    
   86.7500000       57.5510712    
   87.0000000       56.9812546    
   87.2500000       56.5878143    
   87.5000000       56.3777695    
   87.7500000       56.3577538    
   88.0000000       56.5343971    
   88.2500000       56.9141998    
   88.5000000       57.5031509    
   88.7500000       58.3071136    
   89.0000000       59.3319397    
   89.2500000       60.5834236    
   89.5000000       62.0670662    
   89.7500000       63.7883148    
   90.0000000       65.7525940    
   90.2500000       67.9643326    
   90.5000000       70.4238358    
   90.7500000       73.1304092    
   91.0000000       76.0833359    
   91.2500000       79.2803421    
   91.5000000       82.7127609    
   91.7500000       86.3703690    
   92.0000000       90.2429276    
   92.2500000       94.3195724    
   92.5000000       98.5869522    
   92.7500000       103.031097    
   93.0000000       107.637985    
   93.2500000       112.393745    
   93.5000000       117.284706    
   93.7500000       122.297287    
   94.0000000       127.417908    
   94.2500000       132.633240    
   94.5000000       137.931015    
   94.7500000       143.299240    
   95.0000000       148.725906    
   95.2500000       154.199432    
   95.5000000       159.709930    
   95.7500000       165.247955    
   96.0000000       170.804047    
   96.2500000       176.368927    
   96.5000000       181.934067    
   96.7500000       187.491135    
   97.0000000       193.031799    
   97.2500000       198.547607    
   97.5000000       204.029755    
   97.7500000       209.469330    
   98.0000000       214.857422    
   98.2500000       220.184067    
   98.5000000       225.435104    
   98.7500000       230.595245    
   99.0000000       235.649292    
   99.2500000       240.580338    
   99.5000000       245.365082    
   99.7500000       249.978500    
   100.000000       254.395584    
   100.250000       258.590698    
   100.500000       262.535217    
   100.750000       266.199951    
   101.000000       269.555573    
   101.250000       272.573212    
   101.500000       275.225281    
   101.750000       277.484589    
   102.000000       279.323883    
   102.250000       280.719635    
   102.500000       281.662994    
   102.750000       282.148865    
   103.000000       282.172058    
   103.250000       281.733185    
   103.500000       280.855896    
   103.750000       279.569672    
   104.000000       277.903931    
   104.250000       275.890320    
   104.500000       273.569336    
   104.750000       270.983826    
   105.000000       268.176483    
   105.250000       265.189972    
   105.500000       262.066589    
   105.750000       258.848541    
   106.000000       255.577957    
   106.250000       252.297958    
   106.500000       249.055222    
   106.750000       245.897339    
   107.000000       242.871902    
   107.250000       240.027786    
   107.500000       237.419022    
   107.750000       235.100952    
   108.000000       233.128922    
   108.250000       231.558823    
   108.500000       230.449112    
   108.750000       229.858749    
   109.000000       229.846710    
   109.250000       230.471603    
   109.500000       231.790436    
   109.750000       233.859787    
   110.000000       236.736267    
   110.250000       240.471970    
   110.500000       245.100891    
   110.750000       250.652557    
   111.000000       257.156403    
   111.250000       264.634949    
   111.500000       273.082306    
   111.750000       282.485718    
   112.000000       292.832245    
   112.250000       304.106293    
   112.500000       316.281219    
   112.750000       329.327728    
   113.000000       343.216370    
   113.250000       357.918060    
   113.500000       373.404572    
   113.750000       389.647827    
   114.000000       406.619965    
   114.250000       424.293274    
   114.500000       442.641449    
   114.750000       461.638550    
   115.000000       481.258606    
   115.250000       501.476288    
   115.500000       522.268921    
   115.750000       543.614319    
   116.000000       565.490479    
   116.250000       587.875671    
   116.500000       610.748352    
   116.750000       634.087585    
   117.000000       657.872375    
   117.250000       682.081787    
   117.500000       706.696106    
   117.750000       731.695801    
   118.000000       757.061340    
   118.250000       782.776733    
   118.500000       808.840149    
   118.750000       835.253540    
   119.000000       862.018372    
   119.250000       889.141968    
   119.500000       916.653198    
   119.750000       944.586426    
   120.000000       972.975952    
   120.250000       1001.85840    
   120.500000       1031.28003    
   120.750000       1061.28918    
   121.000000       1091.93408    
   121.250000       1123.26270    
   121.500000       1155.31787    
   121.750000       1188.14246    
   122.000000       1221.77820    
   122.250000       1256.25732    
   122.500000       1291.56799    
   122.750000       1327.68799    
   123.000000       1364.59509    
   123.250000       1402.25012    
   123.500000       1440.54651    
   123.750000       1479.36108    
   124.000000       1518.57056    
   124.250000       1558.04468    
   124.500000       1597.62732    
   124.750000       1637.15515    
   125.000000       1676.46472    
   125.250000       1715.39392    
   125.500000       1753.78369    
   125.750000       1791.47607    
   126.000000       1828.31323    
   126.250000       1864.14197    
   126.500000       1898.82825    
   126.750000       1932.24268    
   127.000000       1964.25635    
   127.250000       1994.74780    
   127.500000       2023.62720    
   127.750000       2050.81152    
   128.000000       2076.21875    
   128.250000       2099.76904    
   128.500000       2121.39380    
   128.750000       2141.02808    
   129.000000       2158.60596    
   129.250000       2174.06274    
   129.500000       2187.33423    
   129.750000       2198.35889    
   130.000000       2207.07373    
   130.250000       2213.42505    
   130.500000       2217.39380    
   130.750000       2218.97119    
   131.000000       2218.14722    
   131.250000       2214.92627    
   131.500000       2209.36670    
   131.750000       2201.54053    
   132.000000       2191.52124    
   132.250000       2179.38525    
   132.500000       2165.23242    
   132.750000       2149.16772    
   133.000000       2131.29590    
   133.250000       2111.72021    
   133.500000       2090.54321    
   133.750000       2067.86499    
   134.000000       2043.78687    
   134.250000       2018.40601    
   134.500000       1991.80786    
   134.750000       1964.07410    
   135.000000       1935.28577    
   135.250000       1905.52039    
   135.500000       1874.83350    
   135.750000       1843.27600    
   136.000000       1810.89893    
   136.250000       1777.75146    
   136.500000       1743.87402    
   136.750000       1709.30566    
   137.000000       1674.08521    
   137.250000       1638.25159    
   137.500000       1601.84521    
   137.750000       1564.90686    
   138.000000       1527.47705    
   138.250000       1489.59875    
   138.500000       1451.32312    
   138.750000       1412.70410    
   139.000000       1373.79529    
   139.250000       1334.65369    
   139.500000       1295.35022    
   139.750000       1255.95874    
   140.000000       1216.55334    
   140.250000       1177.20984    
   140.500000       1138.00891    
   140.750000       1099.03320    
   141.000000       1060.36536    
   141.250000       1022.08728    
   141.500000       984.279663    
   141.750000       947.023010    
   142.000000       910.397705    
   142.250000       874.481018    
   142.500000       839.337646    
   142.750000       805.029358    
   143.000000       771.617859    
   143.250000       739.159851    
   143.500000       707.692383    
   143.750000       677.247498    
   144.000000       647.857300    
   144.250000       619.551941    
   144.500000       592.354614    
   144.750000       566.286316    
   145.000000       541.368286    
   145.250000       517.621582    
   145.500000       495.066132    
   145.750000       473.721619    
   146.000000       453.607971    
   146.250000       434.739929    
   146.500000       417.113281    
   146.750000       400.718872    
   147.000000       385.547424    
   147.250000       371.582458    
   147.500000       358.777679    
   147.750000       347.079376    
   148.000000       336.433807    
   148.250000       326.784332    
   148.500000       318.062592    
   148.750000       310.197113    
   149.000000       303.116547    
   149.250000       296.749817    
   149.500000       291.027649    
   149.750000       285.881012    
   150.000000       281.240814    
   150.250000       277.040405    
   150.500000       273.222046    
   150.750000       269.730316    
   151.000000       266.509888    
   151.250000       263.508911    
   151.500000       260.690247    
   151.750000       258.020447    
   152.000000       255.466019    
   152.250000       252.994781    
   152.500000       250.580048    
   152.750000       248.196381    

