TitleText: Ni(001)-(5x5)-Li     Beam (3/5,2/5)            Rfac10=0.6768
 "IV exp
   40.2500000       3386.09180    
   40.5000000       2995.86353    
   40.7500000       2632.94800    
   41.0000000       2311.00098    
   41.2500000       2040.66528    
   41.5000000       1820.53113    
   41.7500000       1646.17566    
   42.0000000       1513.17578    
   42.2500000       1416.56885    
   42.5000000       1349.23267    
   42.7500000       1303.50562    
   43.0000000       1271.72583    
   43.2500000       1247.75513    
   43.5000000       1231.54956    
   43.7500000       1224.58838    
   44.0000000       1228.35083    
   44.2500000       1243.44653    
   44.5000000       1267.00525    
   44.7500000       1295.28687    
   45.0000000       1324.55078    
   45.2500000       1350.90222    
   45.5000000       1369.82495    
   45.7500000       1376.64819    
   46.0000000       1366.70093    
   46.2500000       1338.94873    
   46.5000000       1306.90320    
   46.7500000       1287.71289    
   47.0000000       1298.52588    
   47.2500000       1356.53101    
   47.5000000       1479.07983    
   47.7500000       1683.56396    
   48.0000000       1987.37573    
   48.2500000       2402.51758    
   48.5000000       2919.43555    
   48.7500000       3523.18652    
   49.0000000       4198.82617    
   49.2500000       4937.54199    
   49.5000000       5755.04199    
   49.7500000       6673.16504    
   50.0000000       7713.75098    
   50.2500000       8894.86133    
   50.5000000       10219.4629    
   50.7500000       11686.7451    
   51.0000000       13295.9004    
   51.2500000       15039.0195    
   51.5000000       16879.8125    
   51.7500000       18774.8848    
   52.0000000       20680.8516    
   52.2500000       22562.9375    
   52.5000000       24420.8320    
   52.7500000       26262.8496    
   53.0000000       28097.3008    
   53.2500000       29928.6309    
   53.5000000       31745.8555    
   53.7500000       33534.1211    
   54.0000000       35278.5781    
   54.2500000       36961.4492    
   54.5000000       38553.2461    
   54.7500000       40021.5547    
   55.0000000       41333.9531    
   55.2500000       42461.1484    
   55.5000000       43386.3281    
   55.7500000       44095.7969    
   56.0000000       44575.8750    
   56.2500000       44813.0195    
   56.5000000       44794.3477    
   56.7500000       44507.1250    
   57.0000000       43938.6250    
   57.2500000       43082.3008    
   57.5000000       41956.3711    
   57.7500000       40585.2148    
   58.0000000       38993.2266    
   58.2500000       37210.1328    
   58.5000000       35286.9922    
   58.7500000       33280.1758    
   59.0000000       31246.0762    
   59.2500000       29236.1289    
   59.5000000       27282.0273    
   59.7500000       25410.5098    
   60.0000000       23648.3281    
   60.2500000       22014.0918    
   60.5000000       20493.8750    
   60.7500000       19065.6172    
   61.0000000       17707.2520    
   61.2500000       16398.3105    
   61.5000000       15124.6855    
   61.7500000       13873.8633    
   62.0000000       12633.3262    
   62.2500000       11398.4473    
   62.5000000       10196.1504    
   62.7500000       9061.24805    
   63.0000000       8028.55078    
   63.2500000       7125.53613    
   63.5000000       6350.33398    
   63.7500000       5693.74023    
   64.0000000       5146.55078    
   64.2500000       4694.22314    
   64.5000000       4300.86084    
   64.7500000       3925.23120    
   65.0000000       3526.10083    
   65.2500000       3076.35254    
   65.5000000       2605.33472    
   65.7500000       2156.51270    
   66.0000000       1773.35083    
   66.2500000       1492.23901    
   66.5000000       1321.26465    
   66.7500000       1261.43945    
   67.0000000       1313.77588    
   67.2500000       1471.10938    
   67.5000000       1693.57129    
   67.7500000       1933.11682    
   68.0000000       2141.70068    
   68.2500000       2282.58301    
   68.5000000       2364.24219    
   68.7500000       2406.46216    
   69.0000000       2429.02588    
   69.2500000       2446.93359    
   69.5000000       2456.04883    
   69.7500000       2447.45264    
   70.0000000       2412.22583    
   70.2500000       2344.07031    
   70.5000000       2247.17676    
   70.7500000       2128.35767    
   71.0000000       1994.42578    
   71.2500000       1854.76587    
   71.5000000       1729.05225    
   71.7500000       1639.53174    
   72.0000000       1608.45093    
   72.2500000       1652.39734    
   72.5000000       1765.32227    
   72.7500000       1935.51782    
   73.0000000       2151.27588    
   73.2500000       2399.66602    
   73.5000000       2662.86694    
   73.7500000       2921.83496    
   74.0000000       3157.52588    
   74.2500000       3355.66260    
   74.5000000       3521.03394    
   74.7500000       3663.19482    
   75.0000000       3791.70093    
   75.2500000       3916.43872    
   75.5000000       4048.61865    
   75.7500000       4199.78320    
   76.0000000       4381.47559    
   76.2500000       4595.71729    
   76.5000000       4806.45020    
   76.7500000       4968.09570    
   77.0000000       5035.07617    
   77.2500000       4972.34473    
   77.5000000       4786.98340    
   77.7500000       4496.60645    
   78.0000000       4118.82617    
   78.2500000       3671.22900    
   78.5000000       3171.28979    
   78.7500000       2636.45654    

 "IV theory
   40.2500000       7790.28906    
   40.5000000       8103.03125    
   40.7500000       8414.81348    
   41.0000000       8723.74023    
   41.2500000       9027.93262    
   41.5000000       9325.56445    
   41.7500000       9614.81738    
   42.0000000       9893.87598    
   42.2500000       10161.0361    
   42.5000000       10415.0352    
   42.7500000       10654.7227    
   43.0000000       10878.9502    
   43.2500000       11086.7393    
   43.5000000       11277.8193    
   43.7500000       11452.0908    
   44.0000000       11609.4590    
   44.2500000       11749.8896    
   44.5000000       11873.6152    
   44.7500000       11980.9336    
   45.0000000       12072.1387    
   45.2500000       12147.5312    
   45.5000000       12207.4277    
   45.7500000       12252.1475    
   46.0000000       12282.0127    
   46.2500000       12297.4541    
   46.5000000       12299.3574    
   46.7500000       12288.7227    
   47.0000000       12266.5518    
   47.2500000       12234.0117    
   47.5000000       12192.9658    
   47.7500000       12145.4463    
   48.0000000       12093.4824    
   48.2500000       12039.1846    
   48.5000000       11984.9453    
   48.7500000       11933.2373    
   49.0000000       11886.5332    
   49.2500000       11847.2773    
   49.5000000       11817.8057    
   49.7500000       11800.4375    
   50.0000000       11797.4844    
   50.2500000       11810.9951    
   50.5000000       11841.9551    
   50.7500000       11891.0840    
   51.0000000       11959.1016    
   51.2500000       12046.3105    
   51.5000000       12151.3545    
   51.7500000       12272.4570    
   52.0000000       12407.8447    
   52.2500000       12555.5781    
   52.5000000       12713.0625    
   52.7500000       12877.5352    
   53.0000000       13046.2344    
   53.2500000       13216.4238    
   53.5000000       13385.4531    
   53.7500000       13550.6963    
   54.0000000       13709.5283    
   54.2500000       13859.4521    
   54.5000000       13998.5010    
   54.7500000       14124.8379    
   55.0000000       14236.6240    
   55.2500000       14332.2354    
   55.5000000       14410.8916    
   55.7500000       14472.0244    
   56.0000000       14515.0674    
   56.2500000       14539.5312    
   56.5000000       14545.2432    
   56.7500000       14532.1152    
   57.0000000       14500.0576    
   57.2500000       14448.9795    
   57.5000000       14378.8018    
   57.7500000       14289.4395    
   58.0000000       14180.8193    
   58.2500000       14052.9570    
   58.5000000       13906.2627    
   58.7500000       13741.2520    
   59.0000000       13558.4326    
   59.2500000       13358.4639    
   59.5000000       13142.6084    
   59.7500000       12912.2744    
   60.0000000       12668.8701    
   60.2500000       12413.8691    
   60.5000000       12148.9814    
   60.7500000       11875.9834    
   61.0000000       11596.6484    
   61.2500000       11312.7393    
   61.5000000       11025.9688    
   61.7500000       10738.0332    
   62.0000000       10450.6377    
   62.2500000       10165.3740    
   62.5000000       9883.43750    
   62.7500000       9605.91602    
   63.0000000       9333.89648    
   63.2500000       9068.31250    
   63.5000000       8809.44727    
   63.7500000       8557.42676    
   64.0000000       8312.37500    
   64.2500000       8074.35645    
   64.5000000       7843.18408    
   64.7500000       7618.60889    
   65.0000000       7400.38135    
   65.2500000       7188.25781    
   65.5000000       6982.01367    
   65.7500000       6781.43115    
   66.0000000       6586.29150    
   66.2500000       6396.38232    
   66.5000000       6211.51514    
   66.7500000       6031.51025    
   67.0000000       5856.18652    
   67.2500000       5685.37305    
   67.5000000       5518.95020    
   67.7500000       5356.80859    
   68.0000000       5198.84033    
   68.2500000       5044.93848    
   68.5000000       4895.01562    
   68.7500000       4748.98730    
   69.0000000       4606.76904    
   69.2500000       4468.27783    
   69.5000000       4333.43408    
   69.7500000       4202.16016    
   70.0000000       4074.37793    
   70.2500000       3950.02661    
   70.5000000       3829.11475    
   70.7500000       3711.66821    
   71.0000000       3597.71338    
   71.2500000       3487.30225    
   71.5000000       3380.59497    
   71.7500000       3277.77954    
   72.0000000       3179.04126    
   72.2500000       3084.57837    
   72.5000000       2994.63037    
   72.7500000       2909.44653    
   73.0000000       2829.27734    
   73.2500000       2754.37134    
   73.5000000       2684.97412    
   73.7500000       2621.32935    
   74.0000000       2563.68164    
   74.2500000       2512.27319    
   74.5000000       2467.34033    
   74.7500000       2429.11694    
   75.0000000       2397.83740    
   75.2500000       2373.73242    
   75.5000000       2357.01758    
   75.7500000       2347.90552    
   76.0000000       2346.60815    
   76.2500000       2353.33911    
   76.5000000       2368.31323    
   76.7500000       2391.74707    
   77.0000000       2423.85669    
   77.2500000       2464.85083    
   77.5000000       2514.91016    
   77.7500000       2574.20752    
   78.0000000       2642.91602    
   78.2500000       2721.11743    
   78.5000000       2808.52539    
   78.7500000       2904.76270    

