TitleText: Ni(001)-(5x5)-Li     Beam (4/5,2/5)            Rfac10=0.3974
 "IV exp
   48.2500000       4073.05615    
   48.5000000       4090.01562    
   48.7500000       4116.64600    
   49.0000000       4157.78223    
   49.2500000       4219.16162    
   49.5000000       4310.12061    
   49.7500000       4440.89795    
   50.0000000       4621.73242    
   50.2500000       4864.51904    
   50.5000000       5187.78369    
   50.7500000       5611.71045    
   51.0000000       6156.48193    
   51.2500000       6841.91650    
   51.5000000       7686.36865    
   51.7500000       8707.82812    
   52.0000000       9924.28223    
   52.2500000       11344.3818    
   52.5000000       12939.4102    
   52.7500000       14671.3125    
   53.0000000       16502.0312    
   53.2500000       18395.6543    
   53.5000000       20324.8418    
   53.7500000       22264.3828    
   54.0000000       24189.0801    
   54.2500000       26077.6016    
   54.5000000       27924.1016    
   54.7500000       29726.6016    
   55.0000000       31483.1309    
   55.2500000       33184.8242    
   55.5000000       34795.3086    
   55.7500000       36271.3008    
   56.0000000       37569.5312    
   56.2500000       38648.5234    
   56.5000000       39473.9219    
   56.7500000       40013.1641    
   57.0000000       40233.6836    
   57.2500000       40113.0000    
   57.5000000       39669.0000    
   57.7500000       38929.6719    
   58.0000000       37922.9844    
   58.2500000       36676.4531    
   58.5000000       35215.7070    
   58.7500000       33565.9141    
   59.0000000       31752.2324    
   59.2500000       29796.4297    
   59.5000000       27706.6523    
   59.7500000       25487.6523    
   60.0000000       23144.1816    
   60.2500000       20692.0312    
   60.5000000       18191.1680    
   60.7500000       15712.6162    
   61.0000000       13327.3828    
   61.2500000       11104.9043    
   61.5000000       9108.28418    
   61.7500000       7399.04395    
   62.0000000       6038.70703    
   62.2500000       5067.97266    
   62.5000000       4444.25635    
   62.7500000       4104.15283    
   63.0000000       3984.25732    
   63.2500000       4036.31836    
   63.5000000       4272.70605    
   63.7500000       4720.94385    
   64.0000000       5408.55713    
   64.2500000       6364.42920    
   64.5000000       7622.88232    
   64.7500000       9219.59863    
   65.0000000       11190.2578    
   65.2500000       13547.7861    
   65.5000000       16214.0869    
   65.7500000       19088.3047    
   66.0000000       22069.5820    
   66.2500000       25076.1426    
   66.5000000       28102.4961    
   66.7500000       31162.2324    
   67.0000000       34268.9336    
   67.2500000       37430.6562    
   67.5000000       40633.3672    
   67.7500000       43857.5000    
   68.0000000       47083.4844    
   68.2500000       50280.0039    
   68.5000000       53368.7188    
   68.7500000       56259.5430    
   69.0000000       58862.3828    
   69.2500000       61105.0156    
   69.5000000       62986.6992    
   69.7500000       64524.5469    
   70.0000000       65735.6797    
   70.2500000       66635.8828    
   70.5000000       67235.5234    
   70.7500000       67543.6250    
   71.0000000       67569.2344    
   71.2500000       67315.4453    
   71.5000000       66761.7422    
   71.7500000       65881.6562    
   72.0000000       64648.7617    
   72.2500000       63050.0898    
   72.5000000       61126.6758    
   72.7500000       58933.0547    
   73.0000000       56523.7578    
   73.2500000       53951.5234    
   73.5000000       51261.9453    
   73.7500000       48498.8125    
   74.0000000       45705.9336    
   74.2500000       42915.8320    
   74.5000000       40115.9414    
   74.7500000       37282.4219    
   75.0000000       34391.4336    
   75.2500000       31428.3066    
   75.5000000       28415.0527    
   75.7500000       25382.8457    
   76.0000000       22362.8574    
   76.2500000       19393.6152    
   76.5000000       16543.0215    
   76.7500000       13886.3281    
   77.0000000       11498.7822    
   77.2500000       9446.21777    
   77.5000000       7756.78906    
   77.7500000       6449.23242    
   78.0000000       5542.28223    
   78.2500000       5035.44189    
   78.5000000       4851.28174    
   78.7500000       4893.14062    
   79.0000000       5064.35742    
   79.2500000       5275.92236    
   79.5000000       5469.43701    
   79.7500000       5594.15527    
   80.0000000       5599.33203    
   80.2500000       5453.22510    
   80.5000000       5200.11133    
   80.7500000       4903.27002    
   81.0000000       4625.98242    
   81.2500000       4420.91309    
   81.5000000       4298.26465    
   81.7500000       4257.62549    
   82.0000000       4298.58252    
   82.2500000       4411.37695    
   82.5000000       4548.86768    
   82.7500000       4654.56543    
   83.0000000       4671.98242    
   83.2500000       4560.38281    
   83.5000000       4342.04053    
   83.7500000       4054.98145    
   84.0000000       3737.23242    
   84.2500000       3425.42188    
   84.5000000       3150.58984    
   84.7500000       2942.37891    
   85.0000000       2830.43213    
   85.2500000       2832.00513    
   85.5000000       2914.80640    
   85.7500000       3034.15820    
   86.0000000       3145.38232    
   86.2500000       3213.38281    
   86.5000000       3241.39355    
   86.7500000       3242.22974    
   87.0000000       3228.70728    
   87.2500000       3211.67969    
   87.5000000       3194.15088    
   87.7500000       3177.16260    
   88.0000000       3161.75732    
   88.2500000       3149.78857    
   88.5000000       3146.36206    
   88.7500000       3157.39575    
   89.0000000       3188.80713    
   89.2500000       3254.44702    
   89.5000000       3399.89404    
   89.7500000       3678.66016    
   90.0000000       4144.25732    
   90.2500000       4844.84521    
   90.5000000       5807.17920    
   90.7500000       7052.66504    
   91.0000000       8602.70703    
   91.2500000       10477.1650    
   91.5000000       12689.7217    
   91.7500000       15252.5146    
   92.0000000       18177.6816    
   92.2500000       21475.1855    
   92.5000000       25146.2773    
   92.7500000       29190.0332    
   93.0000000       33605.5312    
   93.2500000       38372.2461    
   93.5000000       43391.2617    
   93.7500000       48544.0547    
   94.0000000       53712.1094    
   94.2500000       58779.6797    
   94.5000000       63642.0898    
   94.7500000       68197.4453    
   95.0000000       72343.8516    
   95.2500000       76012.3750    
   95.5000000       79265.9297    
   95.7500000       82200.4062    
   96.0000000       84911.7109    
   96.2500000       87476.6953    
   96.5000000       89896.1641    
   96.7500000       92151.9062    
   97.0000000       94225.7109    
   97.2500000       96092.2500    
   97.5000000       97697.7891    
   97.7500000       98981.4609    
   98.0000000       99882.4297    
   98.2500000       100358.047    
   98.5000000       100438.516    
   98.7500000       100172.242    
   99.0000000       99607.6484    
   99.2500000       98786.6797    
   99.5000000       97725.5000    
   99.7500000       96433.7734    
   100.000000       94921.2266    
   100.250000       93196.4844    
   100.500000       91264.1016    
   100.750000       89127.5469    
   101.000000       86790.3203    
   101.250000       84251.6953    
   101.500000       81494.0469    
   101.750000       78495.5625    
   102.000000       75234.4297    
   102.250000       71699.2422    
   102.500000       67920.3828    
   102.750000       63938.6641    
   103.000000       59794.8867    
   103.250000       55538.9766    
   103.500000       51257.2578    
   103.750000       47045.1641    
   104.000000       42998.1328    
   104.250000       39192.1875    
   104.500000       35625.7500    
   104.750000       32277.8262    
   105.000000       29127.4316    
   105.250000       26156.5039    
   105.500000       23358.6562    
   105.750000       20730.4336    
   106.000000       18268.3809    
   106.250000       15979.6631    
   106.500000       13913.9600    
   106.750000       12131.5801    
   107.000000       10692.8330    
   107.250000       9634.98828    
   107.500000       8903.17480    
   107.750000       8419.48438    
   108.000000       8106.00732    
   108.250000       7892.38965    
   108.500000       7738.48340    
   108.750000       7611.69531    
   109.000000       7479.43213    
   109.250000       7316.11768    
   109.500000       7124.25146    
   109.750000       6913.35059    

 "IV theory
   48.2500000       10447.8789    
   48.5000000       10974.9541    
   48.7500000       11553.8994    
   49.0000000       12190.9326    
   49.2500000       12892.1797    
   49.5000000       13663.4102    
   49.7500000       14510.2979    
   50.0000000       15438.5225    
   50.2500000       16452.7754    
   50.5000000       17553.8086    
   50.7500000       18741.3848    
   51.0000000       20015.2695    
   51.2500000       21373.6934    
   51.5000000       22808.7246    
   51.7500000       24310.8965    
   52.0000000       25870.7383    
   52.2500000       27478.1777    
   52.5000000       29120.7168    
   52.7500000       30785.2422    
   53.0000000       32458.6426    
   53.2500000       34127.8867    
   53.5000000       35780.2461    
   53.7500000       37403.0703    
   54.0000000       38983.6992    
   54.2500000       40509.8789    
   54.5000000       41970.9102    
   54.7500000       43356.4883    
   55.0000000       44656.3203    
   55.2500000       45860.7383    
   55.5000000       46962.6445    
   55.7500000       47955.5898    
   56.0000000       48833.1250    
   56.2500000       49589.0156    
   56.5000000       50217.8984    
   56.7500000       50714.6562    
   57.0000000       51074.1289    
   57.2500000       51291.2812    
   57.5000000       51361.3828    
   57.7500000       51279.7930    
   58.0000000       51041.8633    
   58.2500000       50644.2188    
   58.5000000       50088.5234    
   58.7500000       49377.6914    
   59.0000000       48514.6602    
   59.2500000       47504.2930    
   59.5000000       46359.2656    
   59.7500000       45094.2031    
   60.0000000       43723.7148    
   60.2500000       42263.2148    
   60.5000000       40731.2305    
   60.7500000       39147.0859    
   61.0000000       37530.1055    
   61.2500000       35899.4609    
   61.5000000       34273.7656    
   61.7500000       32671.4883    
   62.0000000       31111.0957    
   62.2500000       29610.0020    
   62.5000000       28181.3438    
   62.7500000       26837.1973    
   63.0000000       25589.6426    
   63.2500000       24449.0645    
   63.5000000       23419.0742    
   63.7500000       22501.5957    
   64.0000000       21698.5449    
   64.2500000       21011.2012    
   64.5000000       20438.2734    
   64.7500000       19977.8281    
   65.0000000       19627.9277    
   65.2500000       19386.6445    
   65.5000000       19252.0273    
   65.7500000       19222.1543    
   66.0000000       19295.0859    
   66.2500000       19468.2656    
   66.5000000       19736.6875    
   66.7500000       20094.7168    
   67.0000000       20536.7285    
   67.2500000       21056.1641    
   67.5000000       21642.7598    
   67.7500000       22285.3105    
   68.0000000       22972.6133    
   68.2500000       23693.0918    
   68.5000000       24433.6152    
   68.7500000       25180.6758    
   69.0000000       25920.7500    
   69.2500000       26640.4453    
   69.5000000       27326.7695    
   69.7500000       27966.8555    
   70.0000000       28547.8242    
   70.2500000       29057.8008    
   70.5000000       29488.8809    
   70.7500000       29834.1562    
   71.0000000       30086.7148    
   71.2500000       30241.2188    
   71.5000000       30298.5586    
   71.7500000       30261.2246    
   72.0000000       30131.6699    
   72.2500000       29912.9785    
   72.5000000       29610.6543    
   72.7500000       29230.8125    
   73.0000000       28779.5625    
   73.2500000       28262.9785    
   73.5000000       27686.9316    
   73.7500000       27057.2637    
   74.0000000       26379.7988    
   74.2500000       25660.3555    
   74.5000000       24904.6484    
   74.7500000       24118.3750    
   75.0000000       23307.2285    
   75.2500000       22476.8535    
   75.5000000       21632.6328    
   75.7500000       20779.9082    
   76.0000000       19924.0098    
   76.2500000       19070.2598    
   76.5000000       18223.9395    
   76.7500000       17390.3145    
   77.0000000       16574.6504    
   77.2500000       15782.1836    
   77.5000000       15017.9941    
   77.7500000       14287.1328    
   78.0000000       13594.6484    
   78.2500000       12945.1074    
   78.5000000       12341.1709    
   78.7500000       11785.0137    
   79.0000000       11278.8174    
   79.2500000       10824.0156    
   79.5000000       10419.0674    
   79.7500000       10061.6904    
   80.0000000       9749.59863    
   80.2500000       9480.21582    
   80.5000000       9249.79590    
   80.7500000       9054.29980    
   81.0000000       8889.68945    
   81.2500000       8751.95703    
   81.5000000       8637.22363    
   81.7500000       8541.64258    
   82.0000000       8461.36914    
   82.2500000       8392.68457    
   82.5000000       8332.39355    
   82.7500000       8277.43262    
   83.0000000       8224.73730    
   83.2500000       8171.46045    
   83.5000000       8115.62012    
   83.7500000       8055.45215    
   84.0000000       7989.19141    
   84.2500000       7915.14795    
   84.5000000       7831.92969    
   84.7500000       7738.21631    
   85.0000000       7632.69141    
   85.2500000       7514.06152    
   85.5000000       7381.13965    
   85.7500000       7232.76123    
   86.0000000       7067.76660    
   86.2500000       6885.39697    
   86.5000000       6686.52002    
   86.7500000       6472.40869    
   87.0000000       6244.33691    
   87.2500000       6004.20068    
   87.5000000       5756.40088    
   87.7500000       5505.96094    
   88.0000000       5257.90479    
   88.2500000       5017.51416    
   88.5000000       4791.09814    
   88.7500000       4585.22314    
   89.0000000       4406.45557    
   89.2500000       4261.29395    
   89.5000000       4155.97412    
   89.7500000       4096.66455    
   90.0000000       4089.53271    
   90.2500000       4140.14209    
   90.5000000       4251.62939    
   90.7500000       4426.52832    
   91.0000000       4667.36963    
   91.2500000       4975.73389    
   91.5000000       5349.39111    
   91.7500000       5785.15967    
   92.0000000       6279.85791    
   92.2500000       6829.93164    
   92.5000000       7430.33203    
   92.7500000       8075.63721    
   93.0000000       8760.42676    
   93.2500000       9479.31836    
   93.5000000       10227.0947    
   93.7500000       10998.5723    
   94.0000000       11788.5713    
   94.2500000       12592.0752    
   94.5000000       13404.7100    
   94.7500000       14222.2656    
   95.0000000       15040.5322    
   95.2500000       15855.5635    
   95.5000000       16664.4824    
   95.7500000       17464.6699    
   96.0000000       18253.5156    
   96.2500000       19028.4980    
   96.5000000       19787.5059    
   96.7500000       20528.5137    
   97.0000000       21249.5137    
   97.2500000       21948.4863    
   97.5000000       22623.4258    
   97.7500000       23272.3203    
   98.0000000       23893.1699    
   98.2500000       24484.0840    
   98.5000000       25043.6289    
   98.7500000       25570.5039    
   99.0000000       26063.3887    
   99.2500000       26521.1523    
   99.5000000       26943.3809    
   99.7500000       27329.8320    
   100.000000       27680.2656    
   100.250000       27994.5059    
   100.500000       28272.6348    
   100.750000       28514.8086    
   101.000000       28721.1758    
   101.250000       28891.8984    
   101.500000       29027.1836    
   101.750000       29127.2598    
   102.000000       29192.3438    
   102.250000       29222.8789    
   102.500000       29220.1543    
   102.750000       29185.6992    
   103.000000       29121.0195    
   103.250000       29027.9707    
   103.500000       28909.7246    
   103.750000       28769.7949    
   104.000000       28611.7012    
   104.250000       28439.0820    
   104.500000       28256.1133    
   104.750000       28067.0918    
   105.000000       27876.3262    
   105.250000       27688.1094    
   105.500000       27506.6445    
   105.750000       27336.1406    
   106.000000       27180.8027    
   106.250000       27044.7344    
   106.500000       26931.6758    
   106.750000       26845.2715    
   107.000000       26789.1797    
   107.250000       26766.8906    
   107.500000       26781.3008    
   107.750000       26835.1465    
   108.000000       26931.1660    
   108.250000       27072.0547    
   108.500000       27260.3047    
   108.750000       27498.3711    
   109.000000       27788.6875    
   109.250000       28133.6797    
   109.500000       28535.6387    
   109.750000       28996.8398    

