TitleText: Ni(001)-(5x5)-Li     Beam (1,2/5)              Rfac10=0.2675
 "IV exp
   63.2500000       188.820374    
   63.5000000       185.525635    
   63.7500000       182.523880    
   64.0000000       179.961609    
   64.2500000       177.963821    
   64.5000000       176.569534    
   64.7500000       175.796295    
   65.0000000       175.661606    
   65.2500000       176.183044    
   65.5000000       177.378342    
   65.7500000       179.265259    
   66.0000000       181.861603    
   66.2500000       185.186127    
   66.5000000       189.261734    
   66.7500000       194.112289    
   67.0000000       199.761612    
   67.2500000       206.219772    
   67.5000000       213.441223    
   67.7500000       221.366608    
   68.0000000       229.936600    
   68.2500000       239.066162    
   68.5000000       248.568008    
   68.7500000       258.229126    
   69.0000000       267.836609    
   69.2500000       277.205444    
   69.5000000       286.262634    
   69.7500000       294.963013    
   70.0000000       303.261597    
   70.2500000       311.109802    
   70.5000000       318.444946    
   70.7500000       325.200928    
   71.0000000       331.311646    
   71.2500000       336.686401    
   71.5000000       341.136658    
   71.7500000       344.449402    
   72.0000000       346.411621    
   72.2500000       346.845642    
   72.5000000       345.715637    
   72.7500000       343.021118    
   73.0000000       338.761597    
   73.2500000       332.975586    
   73.5000000       325.857849    
   73.7500000       317.641907    
   74.0000000       308.561584    
   74.2500000       298.845764    
   74.5000000       288.703918    
   74.7500000       278.340942    
   75.0000000       267.961609    
   75.2500000       257.737976    
   75.5000000       247.711685    
   75.7500000       237.891586    
   76.0000000       228.286606    
   76.2500000       218.943756    
   76.5000000       210.062653    
   76.7500000       201.881042    
   77.0000000       194.636597    
   77.2500000       188.554214    
   77.5000000       183.807251    
   77.7500000       180.556229    
   78.0000000       178.961609    
   78.2500000       179.128525    
   78.5000000       180.940430    
   78.7500000       184.225418    
   79.0000000       188.811600    
   79.2500000       194.543533    
   79.5000000       201.331940    
   79.7500000       209.103897    
   80.0000000       217.786621    
   80.2500000       227.301682    
   80.5000000       237.548416    
   80.7500000       248.420456    
   81.0000000       259.811584    
   81.2500000       271.601379    
   81.5000000       283.612915    
   81.7500000       295.654968    
   82.0000000       307.536621    
   82.2500000       319.056152    
   82.5000000       329.969727    
   82.7500000       340.023010    
   83.0000000       348.961609    
   83.2500000       356.573792    
   83.5000000       362.818481    
   83.7500000       367.697266    
   84.0000000       371.211609    
   84.2500000       373.390869    
   84.5000000       374.375854    
   84.7500000       374.334900    
   85.0000000       373.436584    
   85.2500000       371.832947    
   85.5000000       369.610168    
   85.7500000       366.838074    
   86.0000000       363.586609    
   86.2500000       359.921204    
   86.5000000       355.890625    
   86.7500000       351.539246    
   87.0000000       346.911621    
   87.2500000       342.033875    
   87.5000000       336.859558    
   87.7500000       331.323730    
   88.0000000       325.361633    
   88.2500000       318.928833    
   88.5000000       312.062744    
   88.7500000       304.821045    
   89.0000000       297.261597    
   89.2500000       289.447449    
   89.5000000       281.462402    
   89.7500000       273.395752    
   90.0000000       265.336609    
   90.2500000       257.375427    
   90.5000000       249.607361    
   90.7500000       242.128937    
   91.0000000       235.036606    
   91.2500000       228.397964    
   91.5000000       222.165298    
   91.7500000       216.262024    
   92.0000000       210.611603    
   92.2500000       205.144943    
   92.5000000       199.822952    
   92.7500000       194.614044    
   93.0000000       189.486603    
   93.2500000       184.472336    
   93.5000000       179.856232    
   93.7500000       175.986572    
   94.0000000       173.211609    
   94.2500000       171.761490    
   94.5000000       171.393600    
   94.7500000       171.747238    

 "IV theory
   63.2500000       122.256752    
   63.5000000       115.302307    
   63.7500000       107.908882    
   64.0000000       100.270103    
   64.2500000       92.5890503    
   64.5000000       85.1064301    
   64.7500000       78.0723801    
   65.0000000       71.7370224    
   65.2500000       66.3476486    
   65.5000000       62.1401253    
   65.7500000       59.3474922    
   66.0000000       58.2027740    
   66.2500000       58.9113693    
   66.5000000       61.5680618    
   66.7500000       66.2400284    
   67.0000000       72.9944305    
   67.2500000       81.8551331    
   67.5000000       92.6729507    
   67.7500000       105.255379    
   68.0000000       119.409950    
   68.2500000       134.926956    
   68.5000000       151.527817    
   68.7500000       168.916748    
   69.0000000       186.797989    
   69.2500000       204.878403    
   69.5000000       222.875839    
   69.7500000       240.510773    
   70.0000000       257.503754    
   70.2500000       273.593719    
   70.5000000       288.593506    
   70.7500000       302.334625    
   71.0000000       314.648224    
   71.2500000       325.395233    
   71.5000000       334.554016    
   71.7500000       342.132660    
   72.0000000       348.139069    
   72.2500000       352.592407    
   72.5000000       355.557220    
   72.7500000       357.109009    
   73.0000000       357.323395    
   73.2500000       356.275665    
   73.5000000       354.039276    
   73.7500000       350.687317    
   74.0000000       346.292725    
   74.2500000       340.933746    
   74.5000000       334.709259    
   74.7500000       327.723267    
   75.0000000       320.079803    
   75.2500000       311.890533    
   75.5000000       303.296875    
   75.7500000       294.447876    
   76.0000000       285.492767    
   76.2500000       276.583862    
   76.5000000       267.887207    
   76.7500000       259.572113    
   77.0000000       251.808060    
   77.2500000       244.762604    
   77.5000000       238.596390    
   77.7500000       233.468323    
   78.0000000       229.537262    
   78.2500000       226.942917    
   78.5000000       225.748215    
   78.7500000       225.996887    
   79.0000000       227.732697    
   79.2500000       230.969421    
   79.5000000       235.601089    
   79.7500000       241.491760    
   80.0000000       248.505493    
   80.2500000       256.494537    
   80.5000000       265.263458    
   80.7500000       274.605072    
   81.0000000       284.312134    
   81.2500000       294.179169    
   81.5000000       304.007568    
   81.7500000       313.600647    
   82.0000000       322.761627    
   82.2500000       331.304810    
   82.5000000       339.088684    
   82.7500000       345.982941    
   83.0000000       351.857025    
   83.2500000       356.598358    
   83.5000000       360.165070    
   83.7500000       362.533112    
   84.0000000       363.678436    
   84.2500000       363.583527    
   84.5000000       362.257751    
   84.7500000       359.716858    
   85.0000000       355.976959    
   85.2500000       351.053986    
   85.5000000       344.964722    
   85.7500000       337.726196    
   86.0000000       329.355347    
   86.2500000       319.877563    
   86.5000000       309.352539    
   86.7500000       297.848450    
   87.0000000       285.433167    
   87.2500000       272.188080    
   87.5000000       258.246063    
   87.7500000       243.753311    
   88.0000000       228.855881    
   88.2500000       213.705078    
   88.5000000       198.473282    
   88.7500000       183.338120    
   89.0000000       168.477234    
   89.2500000       154.067200    
   89.5000000       140.280548    
   89.7500000       127.288719    
   90.0000000       115.263184    
   90.2500000       104.367332    
   90.5000000       94.7322845    
   90.7500000       86.4810944    
   91.0000000       79.7368011    
   91.2500000       74.6096115    
   91.5000000       71.1582336    
   91.7500000       69.4285507    
   92.0000000       69.4664307    
   92.2500000       71.3130417    
   92.5000000       74.9908218    
   92.7500000       80.5175018    
   93.0000000       87.9108200    
   93.2500000       97.1878281    
   93.5000000       108.362671    
   93.7500000       121.448875    
   94.0000000       136.459946    
   94.2500000       153.395782    
   94.5000000       172.202240    
   94.7500000       192.811600    

