TitleText: Ni(001)-(5x5)-Li     Beam (1,3/5)              Rfac10=0.3076
 "IV exp
   64.2500000       133.177521    
   64.5000000       138.826538    
   64.7500000       145.076874    
   65.0000000       152.229156    
   65.2500000       160.510773    
   65.5000000       169.855774    
   65.7500000       180.124985    
   66.0000000       191.179153    
   66.2500000       202.873886    
   66.5000000       215.044006    
   66.7500000       227.519211    
   67.0000000       240.129150    
   67.2500000       252.689346    
   67.5000000       264.958740    
   67.7500000       276.682098    
   68.0000000       287.604156    
   68.2500000       297.486603    
   68.5000000       306.158478    
   68.7500000       313.465698    
   69.0000000       319.254181    
   69.2500000       323.425171    
   69.5000000       326.101135    
   69.7500000       327.459869    
   70.0000000       327.679169    
   70.2500000       326.951843    
   70.5000000       325.530762    
   70.7500000       323.683899    
   71.0000000       321.679169    
   71.2500000       319.760071    
   71.5000000       318.072662    
   71.7500000       316.738495    
   72.0000000       315.879181    
   72.2500000       315.601227    
   72.5000000       315.950531    
   72.7500000       316.957886    
   73.0000000       318.654175    
   73.2500000       321.031250    
   73.5000000       323.925354    
   73.7500000       327.133850    
   74.0000000       330.454163    
   74.2500000       333.687134    
   74.5000000       336.648102    
   74.7500000       339.155853    
   75.0000000       341.029175    
   75.2500000       342.108856    
   75.5000000       342.322906    
   75.7500000       341.621338    
   76.0000000       339.954163    
   76.2500000       337.253326    
   76.5000000       333.379028    
   76.7500000       328.173553    
   77.0000000       321.479156    
   77.2500000       313.207550    
   77.5000000       303.548401    
   77.7500000       292.760895    
   78.0000000       281.104156    
   78.2500000       268.857849    
   78.5000000       256.383545    
   78.7500000       244.063293    
   79.0000000       232.279160    
   79.2500000       221.330933    
   79.5000000       211.189224    
   79.7500000       201.742508    
   80.0000000       192.879150    
   80.2500000       184.509842    
   80.5000000       176.634430    
   80.7500000       169.275146    
   81.0000000       162.454147    
   81.2500000       156.202301    
   81.5000000       150.585388    
   81.7500000       145.677856    
   82.0000000       141.554153    
   82.2500000       138.243332    
   82.5000000       135.592651    
   82.7500000       133.403992    
   83.0000000       131.479156    
   83.2500000       129.644241    
   83.5000000       127.822060    
   83.7500000       125.959679    
   84.0000000       124.004158    
   84.2500000       121.917572    
   84.5000000       119.722176    
   84.7500000       117.455284    
   85.0000000       115.154160    
   85.2500000       112.845581    
   85.5000000       110.514168    
   85.7500000       108.133995    
   86.0000000       105.679161    
   86.2500000       103.128967    
   86.5000000       100.483620    
   86.7500000       97.7485428    
   87.0000000       94.9291611    
   87.2500000       92.0431900    
   87.5000000       89.1575546    
   87.7500000       86.3514786    
   88.0000000       83.7041626    
   88.2500000       81.2861176    
   88.5000000       79.1329880    
   88.7500000       77.2716904    
   89.0000000       75.7291565    
   89.2500000       74.5388565    
   89.5000000       73.7604523    
   89.7500000       73.4601593    
   90.0000000       73.7041626    
   90.2500000       74.5263672    
   90.5000000       75.8313904    
   90.7500000       77.4915543    
   91.0000000       79.3791580    
   91.2500000       81.3376617    
   91.5000000       83.0951767    
   91.7500000       84.3509293    
   92.0000000       84.8041611    
   92.2500000       84.2498627    
   92.5000000       82.8659821    
   92.7500000       80.9261932    
   93.0000000       78.7041626    
   93.2500000       76.4526749    
   93.5000000       74.3408585    
   93.7500000       72.5169449    
   94.0000000       71.1291580    
   94.2500000       70.2769089    
   94.5000000       69.8642960    
   94.7500000       69.7466125    
   95.0000000       69.7791595    
   95.2500000       69.8255997    
   95.5000000       69.7831802    
   95.7500000       69.5574951    
   96.0000000       69.0541611    
   96.2500000       68.2135925    
   96.5000000       67.1154480    
   96.7500000       65.8741455    
   97.0000000       64.6041565    
   97.2500000       63.4473152    
   97.5000000       62.6550026    
   97.7500000       62.5060234    
   98.0000000       63.2791595    
   98.2500000       65.1810913    
   98.5000000       68.1301193    
   98.7500000       71.9724121    
   99.0000000       76.5541611    
   99.2500000       81.7298203    
   99.5000000       87.3869629    
   99.7500000       93.4214630    
   100.000000       99.7291565    
   100.250000       106.215210    
   100.500000       112.821953    
   100.750000       119.501060    
   101.000000       126.204155    
   101.250000       132.877258    
   101.500000       139.443878    
   101.750000       145.821884    
   102.000000       151.929153    
   102.250000       157.674515    
   102.500000       162.930588    
   102.750000       167.560944    
   103.000000       171.429153    
   103.250000       174.417969    
   103.500000       176.486832    
   103.750000       177.614365    
   104.000000       177.779160    
   104.250000       177.011749    
   104.500000       175.550156    
   104.750000       173.684311    
   105.000000       171.704147    
   105.250000       169.850220    
   105.500000       168.165604    
   105.750000       166.643997    
   106.000000       165.279144    
   106.250000       164.048615    
   106.500000       162.865448    
   106.750000       161.626648    
   107.000000       160.229141    
   107.250000       158.585709    
   107.500000       156.672440    
   107.750000       154.481262    
   108.000000       152.004150    
   108.250000       149.237350    
   108.500000       146.194687    
   108.750000       142.894241    
   109.000000       139.354156    
   109.250000       135.586243    
   109.500000       131.576874    
   109.750000       127.306168    
   110.000000       122.754166    
   110.250000       117.907890    
   110.500000       112.782135    
   110.750000       107.398651    
   111.000000       101.779160    
   111.250000       95.9755402    
   111.500000       90.1601715    
   111.750000       84.5355377    
   112.000000       79.3041611    
   112.250000       74.6012344    
   112.500000       70.2927780    
   112.750000       66.1775131    
   113.000000       62.0541611    
   113.250000       57.7729912    
   113.500000       53.3905411    
   113.750000       49.0149040    
   114.000000       44.7541618    
   114.250000       40.7176971    
   114.500000       37.0200157    
   114.750000       33.7769051    
   115.000000       31.1041603    
   115.250000       29.0764961    
   115.500000       27.6043625    
   115.750000       26.5571251    
   116.000000       25.8041611    
   116.250000       25.3028336    
   116.500000       25.3624954    
   116.750000       26.3804893    
   117.000000       28.7541599    
   117.250000       32.7695503    
   117.500000       38.2674904    
   117.750000       44.9775162    
   118.000000       52.6291580    
   118.250000       60.9337692    
   118.500000       69.5299911    
   118.750000       78.0383072    
   119.000000       86.0791626    
   119.250000       93.3761978    
   119.500000       100.065620    
   119.750000       106.386818    
   120.000000       112.579163    
   120.250000       118.864548    
   120.500000       125.394997    
   120.750000       132.305023    
   121.000000       139.729156    
   121.250000       147.726501    
   121.500000       156.054367    
   121.750000       164.394623    
   122.000000       172.429153    
   122.250000       179.824677    
   122.500000       186.187454    
   122.750000       191.108566    
   123.000000       194.179153    
   123.250000       195.137589    
   123.500000       194.311371    
   123.750000       192.175278    
   124.000000       189.204147    
   124.250000       185.830368    
   124.500000       182.316986    
   124.750000       178.884689    
   125.000000       175.754150    
   125.250000       173.037704    
   125.500000       170.414322    
   125.750000       167.454605    
   126.000000       163.729156    
   126.250000       158.949966    
   126.500000       153.394409    
   126.750000       147.481216    
   127.000000       141.629150    
   127.250000       136.207672    
   127.500000       131.389236    
   127.750000       127.297012    
   128.000000       124.054161    
   128.250000       121.753227    
   128.500000       120.364189    
   128.750000       119.826385    
   129.000000       120.079155    
   129.250000       121.147713    
   129.500000       123.400818    
   129.750000       127.293091    
   130.000000       133.279160    
   130.250000       141.681244    
   130.500000       152.291885    
   130.750000       164.771149    
   131.000000       178.779160    
   131.250000       193.973328    
   131.500000       210.000381    
   131.750000       226.504318    
   132.000000       243.129166    
   132.250000       259.635925    
   132.500000       276.253448    
   132.750000       293.327606    
   133.000000       311.204193    
   133.250000       330.187286    
   133.500000       350.414001    
   133.750000       371.979492    
   134.000000       394.979156    
   134.250000       419.400848    
   134.500000       444.803101    
   134.750000       470.637146    
   135.000000       496.354187    
   135.250000       521.478821    
   135.500000       545.829834    
   135.750000       569.299133    
   136.000000       591.779114    
   136.250000       613.166504    
   136.500000       633.377563    
   136.750000       652.333130    
   137.000000       669.954163    
   137.250000       686.160339    
   137.500000       700.866089    
   137.750000       713.984619    
   138.000000       725.429138    
   138.250000       735.154602    
   138.500000       743.283020    
   138.750000       749.978210    
   139.000000       755.404114    
   139.250000       759.775024    
   139.500000       763.507874    
   139.750000       767.070129    
   140.000000       770.929138    
   140.250000       775.195007    
   140.500000       778.547791    
   140.750000       779.309998    
   141.000000       775.804138    
   141.250000       766.545410    
   141.500000       750.819519    
   141.750000       728.104675    
   142.000000       697.879150    
   142.250000       660.271545    
   142.500000       618.011414    
   142.750000       574.479004    
   143.000000       533.054138    
   143.250000       496.388367    
   143.500000       464.218933    
   143.750000       435.554596    
   144.000000       409.404144    
   144.250000       384.878113    
   144.500000       361.494019    
   144.750000       338.871246    

 "IV theory
   64.2500000       160.408112    
   64.5000000       155.145798    
   64.7500000       150.753448    
   65.0000000       147.234055    
   65.2500000       144.590363    
   65.5000000       142.824554    
   65.7500000       141.938538    
   66.0000000       141.934235    
   66.2500000       142.807373    
   66.5000000       144.528412    
   66.7500000       147.061554    
   67.0000000       150.370987    
   67.2500000       154.411362    
   67.5000000       159.098969    
   67.7500000       164.340500    
   68.0000000       170.042679    
   68.2500000       176.108261    
   68.5000000       182.424271    
   68.7500000       188.873795    
   69.0000000       195.339813    
   69.2500000       201.706451    
   69.5000000       207.861664    
   69.7500000       213.694489    
   70.0000000       219.093872    
   70.2500000       223.957703    
   70.5000000       228.219452    
   70.7500000       231.821503    
   71.0000000       234.706192    
   71.2500000       236.829910    
   71.5000000       238.204910    
   71.7500000       238.857513    
   72.0000000       238.813980    
   72.2500000       238.106110    
   72.5000000       236.787582    
   72.7500000       234.917618    
   73.0000000       232.555405    
   73.2500000       229.759583    
   73.5000000       226.586227    
   73.7500000       223.090927    
   74.0000000       219.329178    
   74.2500000       215.353821    
   74.5000000       211.207077    
   74.7500000       206.928406    
   75.0000000       202.557327    
   75.2500000       198.128998    
   75.5000000       193.661087    
   75.7500000       189.166977    
   76.0000000       184.660065    
   76.2500000       180.152023    
   76.5000000       175.647812    
   76.7500000       171.150787    
   77.0000000       166.664261    
   77.2500000       162.191635    
   77.5000000       157.736832    
   77.7500000       153.303833    
   78.0000000       148.896637    
   78.2500000       144.519119    
   78.5000000       140.174759    
   78.7500000       135.866867    
   79.0000000       131.598816    
   79.2500000       127.373817    
   79.5000000       123.194672    
   79.7500000       119.064034    
   80.0000000       114.984573    
   80.2500000       110.958923    
   80.5000000       106.989494    
   80.7500000       103.078674    
   81.0000000       99.2288437    
   81.2500000       95.4423828    
   81.5000000       91.7216721    
   81.7500000       88.0690994    
   82.0000000       84.4870300    
   82.2500000       80.9778214    
   82.5000000       77.5436401    
   82.7500000       74.1866150    
   83.0000000       70.9088669    
   83.2500000       67.7124634    
   83.5000000       64.5992050    
   83.7500000       61.5708275    
   84.0000000       58.6290588    
   84.2500000       55.7756157    
   84.5000000       53.0121002    
   84.7500000       50.3401375    
   85.0000000       47.7613106    
   85.2500000       45.2772217    
   85.5000000       42.8894081    
   85.7500000       40.5994110    
   86.0000000       38.4087791    
   86.2500000       36.3189011    
   86.5000000       34.3305855    
   86.7500000       32.4444885    
   87.0000000       30.6612720    
   87.2500000       28.9813671    
   87.5000000       27.4042969    
   87.7500000       25.9293556    
   88.0000000       24.5558357    
   88.2500000       23.2829475    
   88.5000000       22.1095295    
   88.7500000       21.0343418    
   89.0000000       20.0561352    
   89.2500000       19.1736736    
   89.5000000       18.3857784    
   89.7500000       17.6912670    
   90.0000000       17.0889702    
   90.2500000       16.5777779    
   90.5000000       16.1568375    
   90.7500000       15.8253641    
   91.0000000       15.5825739    
   91.2500000       15.4277878    
   91.5000000       15.3607502    
   91.7500000       15.3813124    
   92.0000000       15.4893236    
   92.2500000       15.6846743    
   92.5000000       15.9673920    
   92.7500000       16.3375435    
   93.0000000       16.7951984    
   93.2500000       17.3404350    
   93.5000000       17.9733963    
   93.7500000       18.6942406    
   94.0000000       19.5031204    
   94.2500000       20.4004307    
   94.5000000       21.3875046    
   94.7500000       22.4659176    
   95.0000000       23.6372395    
   95.2500000       24.9033966    
   95.5000000       26.2677250    
   95.7500000       27.7339191    
   96.0000000       29.3056545    
   96.2500000       30.9868107    
   96.5000000       32.7819519    
   96.7500000       34.6958389    
   97.0000000       36.7332153    
   97.2500000       38.8986893    
   97.5000000       41.1962471    
   97.7500000       43.6297073    
   98.0000000       46.2029228    
   98.2500000       48.9179077    
   98.5000000       51.7694893    
   98.7500000       54.7506599    
   99.0000000       57.8544235    
   99.2500000       61.0709991    
   99.5000000       64.3793793    
   99.7500000       67.7557526    
   100.000000       71.1763229    
   100.250000       74.6161652    
   100.500000       78.0457687    
   100.750000       81.4344940    
   101.000000       84.7517014    
   101.250000       87.9670105    
   101.500000       91.0510941    
   101.750000       93.9748688    
   102.000000       96.7092667    
   102.250000       99.2274475    
   102.500000       101.511620    
   102.750000       103.546257    
   103.000000       105.315781    
   103.250000       106.808220    
   103.500000       108.025764    
   103.750000       108.974152    
   104.000000       109.659134    
   104.250000       110.087852    
   104.500000       110.273041    
   104.750000       110.228836    
   105.000000       109.969360    
   105.250000       109.508598    
   105.500000       108.859756    
   105.750000       108.035896    
   106.000000       107.050079    
   106.250000       105.914322    
   106.500000       104.636604    
   106.750000       103.223869    
   107.000000       101.683067    
   107.250000       100.019562    
   107.500000       98.2322617    
   107.750000       96.3184967    
   108.000000       94.2756042    
   108.250000       92.1001816    
   108.500000       89.7860565    
   108.750000       87.3262939    
   109.000000       84.7139816    
   109.250000       81.9425812    
   109.500000       79.0069580    
   109.750000       75.9023438    
   110.000000       72.6239624    
   110.250000       69.1709824    
   110.500000       65.5583496    
   110.750000       61.8049164    
   111.000000       57.9295502    
   111.250000       53.9572449    
   111.500000       49.9374695    
   111.750000       45.9258118    
   112.000000       41.9778709    
   112.250000       38.1517410    
   112.500000       34.5155296    
   112.750000       31.1398773    
   113.000000       28.0953941    
   113.250000       25.4520760    
   113.500000       23.2774048    
   113.750000       21.6382427    
   114.000000       20.6014404    
   114.250000       20.2282028    
   114.500000       20.5571175    
   114.750000       21.6211185    
   115.000000       23.4531364    
   115.250000       26.0771961    
   115.500000       29.4816685    
   115.750000       33.6460037    
   116.000000       38.5496674    
   116.250000       44.1686974    
   116.500000       50.4654503    
   116.750000       57.3988647    
   117.000000       64.9278793    
   117.250000       73.0115509    
   117.500000       81.6093750    
   117.750000       90.6809616    
   118.000000       100.185928    
   118.250000       110.082054    
   118.500000       120.319824    
   118.750000       130.847839    
   119.000000       141.614761    
   119.250000       152.566528    
   119.500000       163.638367    
   119.750000       174.762833    
   120.000000       185.872467    
   120.250000       196.898636    
   120.500000       207.767853    
   120.750000       218.405548    
   121.000000       228.737045    
   121.250000       238.688324    
   121.500000       248.187653    
   121.750000       257.163971    
   122.000000       265.546143    
   122.250000       273.269440    
   122.500000       280.294556    
   122.750000       286.588654    
   123.000000       292.118805    
   123.250000       296.862122    
   123.500000       300.835541    
   123.750000       304.066040    
   124.000000       306.580475    
   124.250000       308.409668    
   124.500000       309.599915    
   124.750000       310.201447    
   125.000000       310.264343    
   125.250000       309.838562    
   125.500000       308.972809    
   125.750000       307.715607    
   126.000000       306.115448    
   126.250000       304.220856    
   126.500000       302.080841    
   126.750000       299.744293    
   127.000000       297.260284    
   127.250000       294.677734    
   127.500000       292.045502    
   127.750000       289.412292    
   128.000000       286.826996    
   128.250000       284.338409    
   128.500000       281.995880    
   128.750000       279.848663    
   129.000000       277.946106    
   129.250000       276.337341    
   129.500000       275.069885    
   129.750000       274.191132    
   130.000000       273.748352    
   130.250000       273.784637    
   130.500000       274.326263    
   130.750000       275.395203    
   131.000000       277.013397    
   131.250000       279.196381    
   131.500000       281.933044    
   131.750000       285.205994    
   132.000000       288.997650    
   132.250000       293.287933    
   132.500000       298.046600    
   132.750000       303.240906    
   133.000000       308.838104    
   133.250000       314.805511    
   133.500000       321.110870    
   133.750000       327.721954    
   134.000000       334.606659    
   134.250000       341.731628    
   134.500000       349.058716    
   134.750000       356.548798    
   135.000000       364.162598    
   135.250000       371.859222    
   135.500000       379.590881    
   135.750000       387.308044    
   136.000000       394.961334    
   136.250000       402.500427    
   136.500000       409.872009    
   136.750000       417.022003    
   137.000000       423.896240    
   137.250000       430.441040    
   137.500000       436.604340    
   137.750000       442.334473    
   138.000000       447.579987    
   138.250000       452.293701    
   138.500000       456.447113    
   138.750000       460.016174    
   139.000000       462.976959    
   139.250000       465.312653    
   139.500000       467.035217    
   139.750000       468.163788    
   140.000000       468.717468    
   140.250000       468.718262    
   140.500000       468.199677    
   140.750000       467.197815    
   141.000000       465.749054    
   141.250000       463.889252    
   141.500000       461.652435    
   141.750000       459.072327    
   142.000000       456.182587    
   142.250000       453.014008    
   142.500000       449.585938    
   142.750000       445.914734    
   143.000000       442.016998    
   143.250000       437.904480    
   143.500000       433.570953    
   143.750000       429.005646    
   144.000000       424.197662    
   144.250000       419.134369    
   144.500000       413.795685    
   144.750000       408.159698    

