TitleText: Ni(001)-(5x5)-Li     Beam (1,1)                Rfac10=0.1661
 "IV exp
   86.2500000       962.716797    
   86.5000000       978.291016    
   86.7500000       994.416260    
   87.0000000       1011.36804    
   87.2500000       1029.38196    
   87.5000000       1048.53369    
   87.7500000       1068.85889    
   88.0000000       1090.39307    
   88.2500000       1113.07776    
   88.5000000       1136.47656    
   88.7500000       1160.05859    
   89.0000000       1183.29309    
   89.2500000       1205.65942    
   89.5000000       1226.67798    
   89.7500000       1245.87891    
   90.0000000       1262.79309    
   90.2500000       1277.03174    
   90.5000000       1288.52966    
   90.7500000       1297.30322    
   91.0000000       1303.36816    
   91.2500000       1306.77319    
   91.5000000       1307.69946    
   91.7500000       1306.35986    
   92.0000000       1302.96802    
   92.2500000       1297.72620    
   92.5000000       1290.79077    
   92.7500000       1282.30640    
   93.0000000       1272.41809    
   93.2500000       1261.25635    
   93.5000000       1248.89331    
   93.7500000       1235.38647    
   94.0000000       1220.79309    
   94.2500000       1205.21375    
   94.5000000       1188.91943    
   94.7500000       1172.22461    
   95.0000000       1155.44312    
   95.2500000       1138.85437    
   95.5000000       1122.59973    
   95.7500000       1106.78540    
   96.0000000       1091.51807    
   96.2500000       1076.90845    
   96.5000000       1063.08398    
   96.7500000       1050.17651    
   97.0000000       1038.31812    
   97.2500000       1027.60913    
   97.5000000       1018.02606    
   97.7500000       1009.51404    
   98.0000000       1002.01807    
   98.2500000       995.421265    
   98.5000000       989.357666    
   98.7500000       983.399292    
   99.0000000       977.118042    
   99.2500000       970.152100    
   99.5000000       962.404785    
   99.7500000       953.845215    
   100.000000       944.443115    
   100.250000       934.132446    
   100.500000       922.706787    
   100.750000       909.924255    
   101.000000       895.543091    
   101.250000       879.388184    
   101.500000       861.551514    
   101.750000       842.191895    
   102.000000       821.468018    
   102.250000       799.580688    
   102.500000       776.898499    
   102.750000       753.832397    
   103.000000       730.793091    
   103.250000       708.136963    
   103.500000       686.003357    
   103.750000       664.477112    
   104.000000       643.643066    
   104.250000       623.672791    
   104.500000       605.083923    
   104.750000       588.480957    
   105.000000       574.468079    
   105.250000       563.558472    
   105.500000       555.900513    
   105.750000       551.551331    
   106.000000       550.568054    
   106.250000       553.005310    
   106.500000       558.906860    
   106.750000       568.314026    
   107.000000       581.268066    
   107.250000       597.788147    
   107.500000       617.805481    
   107.750000       641.229065    
   108.000000       667.968079    
   108.250000       697.971558    
   108.500000       731.348389    
   108.750000       768.247620    
   109.000000       808.818054    
   109.250000       853.239136    
   109.500000       901.812378    
   109.750000       954.869751    
   110.000000       1012.74304    
   110.250000       1075.56848    
   110.500000       1142.69800    
   110.750000       1213.28735    
   111.000000       1286.49304    
   111.250000       1361.59802    
   111.500000       1438.39490    
   111.750000       1516.80347    
   112.000000       1596.74316    
   112.250000       1678.20215    
   112.500000       1761.44043    
   112.750000       1846.78638    
   113.000000       1934.56799    
   113.250000       2025.06360    
   113.500000       2118.35156    
   113.750000       2214.46045    
   114.000000       2313.41797    
   114.250000       2415.24121    
   114.500000       2519.89868    
   114.750000       2627.34692    
   115.000000       2737.54297    
   115.250000       2850.41235    
   115.500000       2965.75562    
   115.750000       3083.34277    
   116.000000       3202.94312    
   116.250000       3324.34229    
   116.500000       3447.38770    
   116.750000       3571.94189    
   117.000000       3697.86816    
   117.250000       3825.04126    
   117.500000       3953.38110    
   117.750000       4082.82056    
   118.000000       4213.29297    
   118.250000       4344.58936    
   118.500000       4475.94043    
   118.750000       4606.43701    
   119.000000       4735.16846    
   119.250000       4861.16699    
   119.500000       4983.23145    
   119.750000       5100.10156    
   120.000000       5210.51807    
   120.250000       5313.27539    
   120.500000       5407.38477    
   120.750000       5491.91016    
   121.000000       5565.91797    
   121.250000       5628.52637    
   121.500000       5679.07080    
   121.750000       5716.93799    
   122.000000       5741.51807    
   122.250000       5752.48535    
   122.500000       5750.66113    
   122.750000       5737.15234    
   123.000000       5713.06836    
   123.250000       5679.51611    
   123.500000       5637.60791    
   123.750000       5588.45410    
   124.000000       5533.16797    
   124.250000       5472.72754    
   124.500000       5407.57959    
   124.750000       5338.03857    
   125.000000       5264.41797    
   125.250000       5187.11426    
   125.500000       5106.85254    
   125.750000       5024.44287    
   126.000000       4940.69287    
   126.250000       4856.34814    
   126.500000       4771.90332    
   126.750000       4687.79102    
   127.000000       4604.44336    
   127.250000       4522.19238    
   127.500000       4440.97266    
   127.750000       4360.61963    
   128.000000       4280.96777    
   128.250000       4201.90527    
   128.500000       4123.52979    
   128.750000       4045.99219    
   129.000000       3969.44312    
   129.250000       3894.18677    
   129.500000       3821.13818    
   129.750000       3751.36743    
   130.000000       3685.94287    
   130.250000       3625.86328    
   130.500000       3571.84644    
   130.750000       3524.54028    
   131.000000       3484.59302    
   131.250000       3452.49219    
   131.500000       3428.08691    
   131.750000       3411.06616    
   132.000000       3401.11816    
   132.250000       3398.00122    
   132.500000       3401.74854    
   132.750000       3412.46191    
   133.000000       3430.24316    
   133.250000       3455.12305    
   133.500000       3486.84644    
   133.750000       3525.08667    
   134.000000       3569.51807    
   134.250000       3619.55029    
   134.500000       3673.54053    
   134.750000       3729.58179    
   135.000000       3785.76807    
   135.250000       3840.34717    
   135.500000       3892.18506    
   135.750000       3940.30151    
   136.000000       3983.71802    
   136.250000       4021.75146    
   136.500000       4054.90991    
   136.750000       4083.99731    
   137.000000       4109.81836    
   137.250000       4133.09326    
   137.500000       4154.20605    
   137.750000       4173.45605    
   138.000000       4191.14307    
   138.250000       4207.53174    
   138.500000       4222.74902    
   138.750000       4236.88867    
   139.000000       4250.04297    
   139.250000       4262.43262    
   139.500000       4274.78955    
   139.750000       4287.97314    
   140.000000       4302.84326    
   140.250000       4319.71777    
   140.500000       4336.75098    
   140.750000       4351.55518    
   141.000000       4361.74316    
   141.250000       4365.18115    
   141.500000       4360.74707    
   141.750000       4347.57422    
   142.000000       4324.79297    
   142.250000       4292.35352    
   142.500000       4253.47461    
   142.750000       4212.19238    
   143.000000       4172.54297    
   143.250000       4137.86523    
   143.500000       4108.70605    
   143.750000       4084.91553    
   144.000000       4066.34302    
   144.250000       4052.22949    
   144.500000       4039.38086    
   144.750000       4023.99463    
   145.000000       4002.26807    
   145.250000       3971.36182    
   145.500000       3932.28809    
   145.750000       3887.02319    
   146.000000       3837.54297    
   146.250000       3786.09619    
   146.500000       3736.02783    
   146.750000       3690.95435    
   147.000000       3654.49316    
   147.250000       3628.99585    
   147.500000       3611.74683    
   147.750000       3598.76465    
   148.000000       3586.06812    
   148.250000       3570.17505    
   148.500000       3549.60352    
   148.750000       3523.37036    
   149.000000       3490.49316    
   149.250000       3450.58081    
   149.500000       3405.60474    
   149.750000       3358.12939    
   150.000000       3310.71802    
   150.250000       3265.48584    
   150.500000       3222.75757    
   150.750000       3182.40967    
   151.000000       3144.31812    
   151.250000       3108.39380    
   151.500000       3074.68213    
   151.750000       3043.26343    
   152.000000       3014.21802    
   152.250000       2987.56152    
   152.500000       2963.05615    
   152.750000       2940.40063    
   153.000000       2919.29297    
   153.250000       2899.39331    
   153.500000       2880.20679    
   153.750000       2861.20093    
   154.000000       2841.84326    
   154.250000       2821.62866    
   154.500000       2800.16602    
   154.750000       2777.09180    
   155.000000       2752.04321    
   155.250000       2724.84424    
   155.500000       2696.06982    
   155.750000       2666.48193    
   156.000000       2636.84302    
   156.250000       2607.84277    
   156.500000       2579.88208    
   156.750000       2553.28931    
   157.000000       2528.39307    
   157.250000       2505.26489    
   157.500000       2482.94824    
   157.750000       2460.22876    
   158.000000       2435.89307    
   158.250000       2408.92310    
   158.500000       2379.08398    
   158.750000       2346.33691    
   159.000000       2310.64307    
   159.250000       2272.09692    
   159.500000       2231.32739    
   159.750000       2189.09692    
   160.000000       2146.16797    
   160.250000       2103.18994    
   160.500000       2060.36133    
   160.750000       2017.76733    
   161.000000       1975.49304    
   161.250000       1933.65112    
   161.500000       1892.46301    
   161.750000       1852.17761    
   162.000000       1813.04309    
   162.250000       1775.30969    
   162.500000       1739.23218    
   162.750000       1705.06628    
   163.000000       1673.06799    
   163.250000       1643.47327    
   163.500000       1616.43848    
   163.750000       1592.09961    
   164.000000       1570.59302    
   164.250000       1551.95398    
   164.500000       1535.81287    
   164.750000       1521.69946    
   165.000000       1509.14307    
   165.250000       1497.70227    
   165.500000       1487.04980    
   165.750000       1476.88782    
   166.000000       1466.91809    
   166.250000       1456.94531    
   166.500000       1447.18408    
   166.750000       1437.95239    
   167.000000       1429.56812    
   167.250000       1422.24744    
   167.500000       1415.80359    
   167.750000       1409.94812    
   168.000000       1404.39307    
   168.250000       1398.87769    
   168.500000       1393.25073    
   168.750000       1387.38879    
   169.000000       1381.16809    
   169.250000       1374.58008    
   169.500000       1368.07690    
   169.750000       1362.22559    
   170.000000       1357.59302    
   170.250000       1354.60767    
   170.500000       1353.14075    
   170.750000       1352.92505    
   171.000000       1353.69312    
   171.250000       1355.22644    
   171.500000       1357.50305    
   171.750000       1360.54956    
   172.000000       1364.39307    
   172.250000       1369.15820    
   172.500000       1375.36194    
   172.750000       1383.61865    
   173.000000       1394.54309    
   173.250000       1408.62000    
   173.500000       1425.81396    
   173.750000       1445.96008    
   174.000000       1468.89307    
   174.250000       1494.55664    
   174.500000       1523.33118    
   174.750000       1555.70532    
   175.000000       1592.16809    
   175.250000       1633.04944    
   175.500000       1678.04175    
   175.750000       1726.67847    
   176.000000       1778.49304    
   176.250000       1833.07288    
   176.500000       1890.22290    
   176.750000       1949.80151    
   177.000000       2011.66797    
   177.250000       2075.82642    
   177.500000       2142.86255    
   177.750000       2213.50781    
   178.000000       2288.49316    
   178.250000       2368.35962    
   178.500000       2452.88818    
   178.750000       2541.66919    
   179.000000       2634.29297    
   179.250000       2730.35425    
   179.500000       2829.46460    
   179.750000       2931.23901    
   180.000000       3035.29297    
   180.250000       3141.37915    
   180.500000       3249.79907    
   180.750000       3360.99097    
   181.000000       3475.39307    
   181.250000       3593.34912    
   181.500000       3714.82202    
   181.750000       3839.68042    
   182.000000       3967.79297    
   182.250000       4099.08594    
   182.500000       4233.72070    
   182.750000       4371.91699    
   183.000000       4513.89307    
   183.250000       4660.30420    
   183.500000       4813.54590    
   183.750000       4976.44922    
   184.000000       5151.84326    
   184.250000       5342.59814    
   184.500000       5551.73779    
   184.750000       5782.32422    
   185.000000       6037.41846    
   185.250000       6319.31299    
   185.500000       6627.21533    
   185.750000       6959.56299    
   186.000000       7314.79346    
   186.250000       7691.48828    
   186.500000       8088.80518    
   186.750000       8506.04785    
   187.000000       8942.51758    
   187.250000       9398.22266    
   187.500000       9875.98242    
   187.750000       10379.3223    
   188.000000       10911.7676    
   188.250000       11475.9102    
   188.500000       12070.5957    
   188.750000       12693.7441    
   189.000000       13343.2676    
   189.250000       14016.7656    
   189.500000       14710.5723    
   189.750000       15420.7012    
   190.000000       16143.1680    
   190.250000       16874.2520    
   190.500000       17611.2617    
   190.750000       18351.7754    
   191.000000       19093.3672    
   191.250000       19833.9883    
   191.500000       20573.1309    
   191.750000       21310.6602    
   192.000000       22046.4434    
   192.250000       22780.4766    
   192.500000       23513.2578    
   192.750000       24245.4141    
   193.000000       24977.5684    
   193.250000       25709.2734    
   193.500000       26435.7715    
   193.750000       27151.2363    
   194.000000       27849.8418    
   194.250000       28524.8008    
   194.500000       29165.5391    
   194.750000       29760.5156    
   195.000000       30298.1934    
   195.250000       30769.2246    
   195.500000       31172.9883    
   195.750000       31511.0410    
   196.000000       31784.9434    
   196.250000       31997.3887    
   196.500000       32155.5820    
   196.750000       32267.8672    
   197.000000       32342.5918    
   197.250000       32386.5137    
   197.500000       32400.1035    
   197.750000       32382.2578    
   198.000000       32331.8672    
   198.250000       32249.0840    
   198.500000       32139.0879    
   198.750000       32008.3203    
   199.000000       31863.2188    
   199.250000       31709.4766    
   199.500000       31549.8145    
   199.750000       31386.2031    

 "IV theory
   86.2500000       3612.87476    
   86.5000000       3559.25391    
   86.7500000       3511.97461    
   87.0000000       3471.16016    
   87.2500000       3436.82983    
   87.5000000       3408.58350    
   87.7500000       3385.91724    
   88.0000000       3368.32690    
   88.2500000       3355.26636    
   88.5000000       3346.02417    
   88.7500000       3339.84741    
   89.0000000       3335.98340    
   89.2500000       3333.68433    
   89.5000000       3332.22754    
   89.7500000       3330.89526    
   90.0000000       3328.97021    
   90.2500000       3325.77295    
   90.5000000       3320.77002    
   90.7500000       3313.46655    
   91.0000000       3303.36792    
   91.2500000       3290.03735    
   91.5000000       3273.27686    
   91.7500000       3252.94727    
   92.0000000       3228.90869    
   92.2500000       3201.04468    
   92.5000000       3169.32739    
   92.7500000       3133.75244    
   93.0000000       3094.31396    
   93.2500000       3051.00732    
   93.5000000       3003.82983    
   93.7500000       2952.77930    
   94.0000000       2897.85352    
   94.2500000       2839.07837    
   94.5000000       2776.59009    
   94.7500000       2710.55322    
   95.0000000       2641.13184    
   95.2500000       2568.53223    
   95.5000000       2493.13013    
   95.7500000       2415.34229    
   96.0000000       2335.58643    
   96.2500000       2254.29663    
   96.5000000       2171.97681    
   96.7500000       2089.14722    
   97.0000000       2006.32837    
   97.2500000       1924.03723    
   97.5000000       1842.77551    
   97.7500000       1763.04126    
   98.0000000       1685.33179    
   98.2500000       1610.11401    
   98.5000000       1537.72583    
   98.7500000       1468.47449    
   99.0000000       1402.66626    
   99.2500000       1340.55786    
   99.5000000       1282.20471    
   99.7500000       1227.61230    
   100.000000       1176.78552    
   100.250000       1129.71033    
   100.500000       1086.29370    
   100.750000       1046.42297    
   101.000000       1009.98578    
   101.250000       976.871399    
   101.500000       946.977234    
   101.750000       920.202881    
   102.000000       896.447815    
   102.250000       875.618347    
   102.500000       857.649597    
   102.750000       842.483337    
   103.000000       830.061523    
   103.250000       820.337830    
   103.500000       813.313477    
   103.750000       809.001343    
   104.000000       807.414307    
   104.250000       808.569641    
   104.500000       812.501160    
   104.750000       819.247009    
   105.000000       828.845459    
   105.250000       841.335510    
   105.500000       856.759521    
   105.750000       875.161072    
   106.000000       896.583435    
   106.250000       921.085022    
   106.500000       948.783752    
   106.750000       979.812561    
   107.000000       1014.30450    
   107.250000       1052.41589    
   107.500000       1094.39575    
   107.750000       1140.51636    
   108.000000       1191.05054    
   108.250000       1246.27905    
   108.500000       1306.51831    
   108.750000       1372.09253    
   109.000000       1443.32654    
   109.250000       1520.54553    
   109.500000       1604.07739    
   109.750000       1694.25037    
   110.000000       1791.39307    
   110.250000       1895.85242    
   110.500000       2008.04419    
   110.750000       2128.40405    
   111.000000       2257.36621    
   111.250000       2395.39160    
   111.500000       2543.04419    
   111.750000       2700.91406    
   112.000000       2869.59106    
   112.250000       3049.67969    
   112.500000       3241.83984    
   112.750000       3446.74707    
   113.000000       3665.07715    
   113.250000       3897.48804    
   113.500000       4144.57910    
   113.750000       4406.93359    
   114.000000       4685.13428    
   114.250000       4979.58057    
   114.500000       5289.93945    
   114.750000       5615.69678    
   115.000000       5956.33203    
   115.250000       6311.04736    
   115.500000       6677.90039    
   115.750000       7054.66504    
   116.000000       7439.11475    
   116.250000       7828.90918    
   116.500000       8221.25195    
   116.750000       8613.23438    
   117.000000       9001.94434    
   117.250000       9384.49219    
   117.500000       9758.06641    
   117.750000       10119.8721    
   118.000000       10467.1191    
   118.250000       10797.1562    
   118.500000       11107.9062    
   118.750000       11397.4316    
   119.000000       11663.7979    
   119.250000       11905.2979    
   119.500000       12121.1328    
   119.750000       12310.7295    
   120.000000       12473.5186    
   120.250000       12609.0146    
   120.500000       12717.0742    
   120.750000       12797.6377    
   121.000000       12850.6475    
   121.250000       12876.0488    
   121.500000       12873.7979    
   121.750000       12843.8564    
   122.000000       12786.1865    
   122.250000       12700.8682    
   122.500000       12588.4717    
   122.750000       12449.6885    
   123.000000       12285.2119    
   123.250000       12095.9160    
   123.500000       11883.4229    
   123.750000       11649.5430    
   124.000000       11396.0830    
   124.250000       11124.9258    
   124.500000       10838.2490    
   124.750000       10538.3057    
   125.000000       10227.3467    
   125.250000       9907.61621    
   125.500000       9581.31641    
   125.750000       9250.63965    
   126.000000       8917.78027    
   126.250000       8584.88086    
   126.500000       8253.86133    
   126.750000       7926.59473    
   127.000000       7604.94922    
   127.250000       7290.70947    
   127.500000       6985.30713    
   127.750000       6690.08496    
   128.000000       6406.39111    
   128.250000       6135.53711    
   128.500000       5878.71436    
   128.750000       5637.08203    
   129.000000       5411.80225    
   129.250000       5204.02441    
   129.500000       5014.86621    
   129.750000       4845.43652    
   130.000000       4696.84277    
   130.250000       4570.05420    
   130.500000       4465.48340    
   130.750000       4383.40137    
   131.000000       4324.08203    
   131.250000       4287.58057    
   131.500000       4273.09180    
   131.750000       4279.59277    
   132.000000       4306.06055    
   132.250000       4351.38867    
   132.500000       4414.13086    
   132.750000       4492.75684    
   133.000000       4585.73584    
   133.250000       4691.54639    
   133.500000       4808.69922    
   133.750000       4935.71338    
   134.000000       5071.10938    
   134.250000       5213.43164    
   134.500000       5361.32568    
   134.750000       5513.46484    
   135.000000       5668.52051    
   135.250000       5825.20801    
   135.500000       5982.41895    
   135.750000       6139.08496    
   136.000000       6294.14160    
   136.250000       6446.53369    
   136.500000       6595.26660    
   136.750000       6739.35547    
   137.000000       6877.81689    
   137.250000       7009.67578    
   137.500000       7133.99561    
   137.750000       7249.84717    
   138.000000       7356.30420    
   138.250000       7452.57031    
   138.500000       7538.38086    
   138.750000       7613.60254    
   139.000000       7678.10352    
   139.250000       7731.95752    
   139.500000       7776.05371    
   139.750000       7811.49023    
   140.000000       7839.36523    
   140.250000       7860.85742    
   140.500000       7877.48145    
   140.750000       7890.83447    
   141.000000       7902.51465    
   141.250000       7914.09912    
   141.500000       7927.09180    
   141.750000       7942.97559    
   142.000000       7963.23242    
   142.250000       7989.18164    
   142.500000       8021.48145    
   142.750000       8060.62500    
   143.000000       8107.10352    
   143.250000       8161.15283    
   143.500000       8221.96777    
   143.750000       8288.48633    
   144.000000       8359.64844    
   144.250000       8434.28613    
   144.500000       8510.81934    
   144.750000       8587.56543    
   145.000000       8662.84082    
   145.250000       8734.97949    
   145.500000       8802.38867    
   145.750000       8863.49219    
   146.000000       8916.71289    
   146.250000       8960.60938    
   146.500000       8994.26270    
   146.750000       9016.89062    
   147.000000       9027.71094    
   147.250000       9026.14551    
   147.500000       9012.45605    
   147.750000       8987.11426    
   148.000000       8950.58789    
   148.250000       8903.43066    
   148.500000       8846.52148    
   148.750000       8780.82324    
   149.000000       8707.30078    
   149.250000       8626.90430    
   149.500000       8540.54590    
   149.750000       8449.12695    
   150.000000       8353.54883    
   150.250000       8254.66016    
   150.500000       8153.09570    
   150.750000       8049.43604    
   151.000000       7944.26270    
   151.250000       7838.07129    
   151.500000       7731.01221    
   151.750000       7623.15381    
   152.000000       7514.56104    
   152.250000       7405.26611    
   152.500000       7295.16602    
   152.750000       7184.12402    
   153.000000       7072.00537    
   153.250000       6958.67676    
   153.500000       6844.02539    
   153.750000       6727.94189    
   154.000000       6610.31934    
   154.250000       6491.07373    
   154.500000       6370.23633    
   154.750000       6247.86279    
   155.000000       6124.01025    
   155.250000       5998.78027    
   155.500000       5872.44727    
   155.750000       5745.33350    
   156.000000       5617.75830    
   156.250000       5490.05859    
   156.500000       5362.64453    
   156.750000       5235.94189    
   157.000000       5110.37793    
   157.250000       4986.37451    
   157.500000       4864.33789    
   157.750000       4744.67432    
   158.000000       4627.78516    
   158.250000       4514.04346    
   158.500000       4403.69238    
   158.750000       4296.94336    
   159.000000       4194.00830    
   159.250000       4095.04761    
   159.500000       4000.02148    
   159.750000       3908.83911    
   160.000000       3821.41016    
   160.250000       3737.62329    
   160.500000       3657.28906    
   160.750000       3580.19678    
   161.000000       3506.13721    
   161.250000       3434.90259    
   161.500000       3366.29541    
   161.750000       3300.12207    
   162.000000       3236.18799    
   162.250000       3174.31323    
   162.500000       3114.37549    
   162.750000       3056.26807    
   163.000000       2999.88281    
   163.250000       2945.13574    
   163.500000       2892.03540    
   163.750000       2840.61377    
   164.000000       2790.90332    
   164.250000       2742.94458    
   164.500000       2696.81543    
   164.750000       2652.60229    
   165.000000       2610.39185    
   165.250000       2570.27026    
   165.500000       2532.31714    
   165.750000       2496.61279    
   166.000000       2463.23657    
   166.250000       2432.26147    
   166.500000       2403.73315    
   166.750000       2377.69116    
   167.000000       2354.17456    
   167.250000       2333.21216    
   167.500000       2314.78882    
   167.750000       2298.87915    
   168.000000       2285.45728    
   168.250000       2274.49365    
   168.500000       2265.94287    
   168.750000       2259.75488    
   169.000000       2255.87988    
   169.250000       2254.26807    
   169.500000       2254.86816    
   169.750000       2257.62866    
   170.000000       2262.49829    
   170.250000       2269.41797    
   170.500000       2278.29810    
   170.750000       2289.04272    
   171.000000       2301.55420    
   171.250000       2315.72437    
   171.500000       2331.39941    
   171.750000       2348.41382    
   172.000000       2366.60229    
   172.250000       2385.79419    
   172.500000       2405.79858    
   172.750000       2426.41895    
   173.000000       2447.45947    
   173.250000       2468.72705    
   173.500000       2490.03833    
   173.750000       2511.21362    
   174.000000       2532.07324    
   174.250000       2552.46631    
   174.500000       2572.36255    
   174.750000       2591.75952    
   175.000000       2610.65625    
   175.250000       2629.09692    
   175.500000       2647.31274    
   175.750000       2665.58032    
   176.000000       2684.17627    
   176.250000       2703.39600    
   176.500000       2723.60840    
   176.750000       2745.20142    
   177.000000       2768.56177    
   177.250000       2794.07495    
   177.500000       2822.11377    
   177.750000       2853.04883    
   178.000000       2887.25122    
   178.250000       2925.07178    
   178.500000       2966.78784    
   178.750000       3012.65576    
   179.000000       3062.93311    
   179.250000       3117.84766    
   179.500000       3177.50732    
   179.750000       3241.99097    
   180.000000       3311.37598    
   180.250000       3385.72900    
   180.500000       3465.06763    
   180.750000       3549.39673    
   181.000000       3638.72241    
   181.250000       3733.05225    
   181.500000       3832.40747    
   181.750000       3936.81055    
   182.000000       4046.28564    
   182.250000       4160.88330    
   182.500000       4280.76123    
   182.750000       4406.10596    
   183.000000       4537.10156    
   183.250000       4673.97754    
   183.500000       4817.13232    
   183.750000       4967.00830    
   184.000000       5124.04590    
   184.250000       5288.70508    
   184.500000       5461.50537    
   184.750000       5642.98535    
   185.000000       5833.68115    
   185.250000       6034.13037    
   185.500000       6244.87793    
   185.750000       6466.47021    
   186.000000       6699.45166    
   186.250000       6944.40283    
   186.500000       7202.03955    
   186.750000       7473.11328    
   187.000000       7758.37451    
   187.250000       8058.62549    
   187.500000       8374.87500    
   187.750000       8708.17969    
   188.000000       9059.59961    
   188.250000       9430.21875    
   188.500000       9821.21484    
   188.750000       10233.7949    
   189.000000       10669.1602    
   189.250000       11128.5000    
   189.500000       11612.9346    
   189.750000       12123.5713    
   190.000000       12661.5137    
   190.250000       13227.6816    
   190.500000       13822.2363    
   190.750000       14445.1562    
   191.000000       15096.4160    
   191.250000       15775.7002    
   191.500000       16481.5156    
   191.750000       17212.0762    
   192.000000       17965.6016    
   192.250000       18740.1875    
   192.500000       19533.4727    
   192.750000       20342.9766    
   193.000000       21166.2188    
   193.250000       22000.7363    
   193.500000       22844.1191    
   193.750000       23693.9707    
   194.000000       24547.9004    
   194.250000       25403.5801    
   194.500000       26258.9688    
   194.750000       27112.0918    
   195.000000       27960.9785    
   195.250000       28803.7637    
   195.500000       29639.0566    
   195.750000       30465.5645    
   196.000000       31282.0020    
   196.250000       32087.1211    
   196.500000       32879.8516    
   196.750000       33659.1523    
   197.000000       34423.9805    
   197.250000       35173.3086    
   197.500000       35906.1328    
   197.750000       36621.4531    
   198.000000       37318.2734    
   198.250000       37995.7188    
   198.500000       38653.4648    
   198.750000       39291.3164    
   199.000000       39909.0625    
   199.250000       40506.7070    
   199.500000       41084.9961    
   199.750000       41644.8711    

