TitleText: Ni(001)-(5x5)-Li     Beam (2/5,0)              Rfac10=0.1808
 "IV exp
   21.2500000       235.972534    
   21.5000000       255.603912    
   21.7500000       277.235107    
   22.0000000       301.866028    
   22.2500000       330.247467    
   22.5000000       362.133698    
   22.7500000       397.029816    
   23.0000000       434.441040    
   23.2500000       474.231476    
   23.5000000       517.701355    
   23.7500000       566.509766    
   24.0000000       622.316040    
   24.2500000       686.416626    
   24.5000000       758.657288    
   24.7500000       838.521057    
   25.0000000       925.490967    
   25.2500000       1018.51849    
   25.5000000       1114.42822    
   25.7500000       1209.51306    
   26.0000000       1300.06604    
   26.2500000       1383.18909    
   26.5000000       1459.21997    
   26.7500000       1529.30505    
   27.0000000       1594.59106    
   27.2500000       1656.51611    
   27.5000000       1717.68518    
   27.7500000       1780.99463    
   28.0000000       1849.34106    
   28.2500000       1924.28979    
   28.5000000       2002.08252    
   28.7500000       2077.62939    
   29.0000000       2145.84106    
   29.2500000       2201.75732    
   29.5000000       2240.93433    
   29.7500000       2259.05859    
   30.0000000       2251.81592    
   30.2500000       2216.22412    
   30.5000000       2154.62939    
   30.7500000       2070.70898    
   31.0000000       1968.14111    
   31.2500000       1850.89478    
   31.5000000       1724.10388    
   31.7500000       1593.19421    
   32.0000000       1463.59106    
   32.2500000       1340.23340    
   32.5000000       1226.11401    
   32.7500000       1123.73950    
   33.0000000       1035.61609    
   33.2500000       963.473633    
   33.5000000       905.936279    
   33.7500000       860.851257    
   34.0000000       826.066040    
   34.2500000       799.383057    
   34.5000000       778.424561    
   34.7500000       760.768127    
   35.0000000       743.990967    
   35.2500000       726.144653    
   35.5000000       707.177063    
   35.7500000       687.510254    
   36.0000000       667.565979    
   36.2500000       647.827087    
   36.5000000       629.019104    
   36.7500000       611.928284    
   37.0000000       597.341003    
   37.2500000       585.780396    
   37.5000000       576.717468    
   37.7500000       569.360046    
   38.0000000       562.916016    
   38.2500000       556.646606    
   38.5000000       550.026001    
   38.7500000       542.581604    
   39.0000000       533.841064    
   39.2500000       523.432495    
   39.5000000       511.387390    
   39.7500000       497.837860    
   40.0000000       482.916046    
   40.2500000       466.690369    
   40.5000000       448.973907    
   40.7500000       429.516022    
   41.0000000       408.066071    
   41.2500000       384.507477    
   41.5000000       359.260193    
   41.7500000       332.878357    
   42.0000000       305.916046    
   42.2500000       278.932007    
   42.5000000       252.503510    
   42.7500000       227.212555    
   43.0000000       203.641052    
   43.2500000       182.350693    
   43.5000000       163.822052    
   43.7500000       148.515411    
   44.0000000       136.891037    
   44.2500000       129.321655    
   44.5000000       125.829536    
   44.7500000       126.349426    
   45.0000000       130.816040    
   45.2500000       139.227722    
   45.5000000       151.837280    
   45.7500000       168.961243    
   46.0000000       190.916046    
   46.2500000       217.984833    
   46.5000000       250.317535    
   46.7500000       288.030731    
   47.0000000       331.241028    
   47.2500000       379.772522    
   47.5000000       432.279419    
   47.7500000       487.123352    
   48.0000000       542.666016    
   48.2500000       597.406006    
   48.5000000       650.389099    
   48.7500000       700.798279    
   49.0000000       747.815979    
   49.2500000       790.728088    
   49.5000000       829.231873    
   49.7500000       863.127686    
   50.0000000       892.216003    
   50.2500000       916.355469    
   50.5000000       935.638794    
   50.7500000       950.216919    
   51.0000000       960.240967    
   51.2500000       965.901428    
   51.5000000       967.546509    
   51.7500000       965.563782    
   52.0000000       960.341003    
   52.2500000       952.247925    
   52.5000000       941.583679    
   52.7500000       928.629272    
   53.0000000       913.666016    
   53.2500000       897.010986    
   53.5000000       879.124329    
   53.7500000       860.502258    
   54.0000000       841.640991    
   54.2500000       822.977722    
   54.5000000       804.715027    
   54.7500000       786.996582    
   55.0000000       769.966064    
   55.2500000       753.727600    
   55.5000000       738.227234    
   55.7500000       723.371277    
   56.0000000       709.065979    
   56.2500000       695.186768    
   56.5000000       681.484619    
   56.7500000       667.679382    
   57.0000000       653.491028    
   57.2500000       638.699829    
   57.5000000       623.327271    
   57.7500000       607.455383    
   58.0000000       591.166016    
   58.2500000       574.528931    
   58.5000000       557.564941    
   58.7500000       540.282715    
   59.0000000       522.691040    
   59.2500000       504.797150    
   59.5000000       486.602966    
   59.7500000       468.109070    
   60.0000000       449.316040    
   60.2500000       430.278717    
   60.5000000       411.269409    
   60.7500000       392.614685    
   61.0000000       374.641052    
   61.2500000       357.615417    
   61.5000000       341.565613    
   61.7500000       326.459778    
   62.0000000       312.266052    
   62.2500000       298.940674    
   62.5000000       286.392517    
   62.7500000       274.518616    
   63.0000000       263.216034    
   63.2500000       252.451813    
   63.5000000       242.473114    
   63.7500000       233.597137    
   64.0000000       226.141037    
   64.2500000       220.351028    
   64.5000000       216.189362    
   64.7500000       213.547272    
   65.0000000       212.316040    
   65.2500000       212.343384    
   65.5000000       213.303131    
   65.7500000       214.825577    
   66.0000000       216.541046    
   66.2500000       218.174774    
   66.5000000       219.831833    
   66.7500000       221.712250    
   67.0000000       224.016052    
   67.2500000       226.940125    
   67.5000000       230.668915    
   67.7500000       235.383789    
   68.0000000       241.266052    
   68.2500000       248.446991    
   68.5000000       256.857544    
   68.7500000       266.378601    
   69.0000000       276.891052    
   69.2500000       288.367065    
   69.5000000       301.144073    
   69.7500000       315.650848    
   70.0000000       332.316040    
   70.2500000       351.549408    
   70.5000000       373.684296    
   70.7500000       399.035065    
   71.0000000       427.916046    
   71.2500000       460.490204    
   71.5000000       496.315002    
   71.7500000       534.796570    
   72.0000000       575.341003    
   72.2500000       617.380127    
   72.5000000       660.448792    
   72.7500000       704.107239    
   73.0000000       747.916016    
   73.2500000       791.448853    
   73.5000000       834.332886    
   73.7500000       876.208496    
   74.0000000       916.716064    
   74.2500000       955.522095    
   74.5000000       992.397156    
   74.7500000       1027.13794    
   75.0000000       1059.54102    
   75.2500000       1089.43921    
   75.5000000       1116.80920    
   75.7500000       1141.66382    
   76.0000000       1164.01599    
   76.2500000       1183.75195    
   76.5000000       1200.25281    
   76.7500000       1212.77271    
   77.0000000       1220.56592    
   77.2500000       1222.96216    
   77.5000000       1219.59106    
   77.7500000       1210.15735    
   78.0000000       1194.36609    
   78.2500000       1172.08435    
   78.5000000       1143.82910    
   78.7500000       1110.27991    
   79.0000000       1072.11609    
   79.2500000       1029.99170    
   79.5000000       984.457886    
   79.7500000       936.040710    
   80.0000000       885.265991    
   80.2500000       832.667358    
   80.5000000       778.810547    
   80.7500000       724.268982    
   81.0000000       669.616028    
   81.2500000       615.408325    
   81.5000000       562.133545    
   81.7500000       510.262543    
   82.0000000       460.266052    
   82.2500000       412.665222    
   82.5000000       368.182800    
   82.7500000       327.592041    
   83.0000000       291.666046    
   83.2500000       261.152893    
   83.5000000       236.700195    
   83.7500000       218.930420    
   84.0000000       208.466034    
   84.2500000       205.926483    
   84.5000000       211.918900    
   84.7500000       227.047394    
   85.0000000       251.916046    
   85.2500000       287.033478    
   85.5000000       332.526672    
   85.7500000       388.427063    
   86.0000000       454.766052    
   86.2500000       531.424438    
   86.5000000       617.679993    
   86.7500000       712.659912    
   87.0000000       815.491028    
   87.2500000       925.399353    
   87.5000000       1042.00574    
   87.7500000       1165.02979    
   88.0000000       1294.19092    
   88.2500000       1429.08972    
   88.5000000       1568.84912    
   88.7500000       1712.47339    
   89.0000000       1858.96594    
   89.2500000       2007.20776    
   89.5000000       2155.58667    
   89.7500000       2302.36792    
   90.0000000       2445.81592    
   90.2500000       2584.52930    
   90.5000000       2718.44043    
   90.7500000       2847.81421    
   91.0000000       2972.91602    
   91.2500000       3094.05713    
   91.5000000       3211.72900    
   91.7500000       3326.46948    
   92.0000000       3438.81592    
   92.2500000       3549.04395    
   92.5000000       3656.38599    
   92.7500000       3759.81152    
   93.0000000       3858.29102    
   93.2500000       3950.91382    
   93.5000000       4037.24487    
   93.7500000       4116.96777    
   94.0000000       4189.76611    
   94.2500000       4255.33789    
   94.5000000       4313.44189    
   94.7500000       4363.85205    
   95.0000000       4406.34082    
   95.2500000       4440.75391    
   95.5000000       4467.22266    
   95.7500000       4485.95068    
   96.0000000       4497.14111    
   96.2500000       4501.03564    
   96.5000000       4498.02441    
   96.7500000       4488.53369    
   97.0000000       4472.99121    
   97.2500000       4451.66309    
   97.5000000       4424.16943    
   97.7500000       4389.96729    
   98.0000000       4348.51611    
   98.2500000       4299.39746    
   98.5000000       4242.68750    
   98.7500000       4178.58545    
   99.0000000       4107.29150    
   99.2500000       4029.27246    
   99.5000000       3946.06689    
   99.7500000       3859.47925    
   100.000000       3771.31592    
   100.250000       3683.20654    
   100.500000       3596.08252    
   100.750000       3510.70020    
   101.000000       3427.81616    
   101.250000       3347.96167    
   101.500000       3270.77051    
   101.750000       3195.65259    
   102.000000       3122.01611    
   102.250000       3049.34399    
   102.500000       2977.40991    
   102.750000       2906.06006    
   103.000000       2835.14111    
   103.250000       2764.54395    
   103.500000       2694.33643    
   103.750000       2624.63135    
   104.000000       2555.54102    
   104.250000       2487.20605    
   104.500000       2419.88110    
   104.750000       2353.84863    
   105.000000       2289.39111    
   105.250000       2226.76294    
   105.500000       2166.10449    
   105.750000       2107.52661    
   106.000000       2051.14111    
   106.250000       1997.05627    
   106.500000       1945.36682    
   106.750000       1896.16455    
   107.000000       1849.54102    
   107.250000       1805.66589    
   107.500000       1765.02148    
   107.750000       1728.16809    
   108.000000       1695.66602    
   108.250000       1668.01697    
   108.500000       1645.48718    
   108.750000       1628.28430    
   109.000000       1616.61597    
   109.250000       1610.38074    
   109.500000       1608.24146    
   109.750000       1608.55200    
   110.000000       1609.66602    
   110.250000       1610.24695    
   110.500000       1610.19604    
   110.750000       1609.72388    

 "IV theory
   21.2500000       1581.55994    
   21.5000000       1666.07935    
   21.7500000       1750.99939    
   22.0000000       1836.35901    
   22.2500000       1922.17529    
   22.5000000       2008.37378    
   22.7500000       2094.85767    
   23.0000000       2181.53052    
   23.2500000       2268.26343    
   23.5000000       2354.79932    
   23.7500000       2440.84888    
   24.0000000       2526.12329    
   24.2500000       2610.31982    
   24.5000000       2693.08350    
   24.7500000       2774.04492    
   25.0000000       2852.83618    
   25.2500000       2929.09082    
   25.5000000       3002.45386    
   25.7500000       3072.57300    
   26.0000000       3139.09644    
   26.2500000       3201.69336    
   26.5000000       3260.12329    
   26.7500000       3314.16650    
   27.0000000       3363.60376    
   27.2500000       3408.25171    
   27.5000000       3448.06592    
   27.7500000       3483.03833    
   28.0000000       3513.16016    
   28.2500000       3538.43628    
   28.5000000       3558.92554    
   28.7500000       3574.70093    
   29.0000000       3585.83667    
   29.2500000       3592.40332    
   29.5000000       3594.46924    
   29.7500000       3592.10132    
   30.0000000       3585.36548    
   30.2500000       3574.32861    
   30.5000000       3559.05273    
   30.7500000       3539.60107    
   31.0000000       3516.03540    
   31.2500000       3488.41650    
   31.5000000       3456.79956    
   31.7500000       3421.23804    
   32.0000000       3381.78564    
   32.2500000       3338.49487    
   32.5000000       3291.41406    
   32.7500000       3240.59009    
   33.0000000       3186.07031    
   33.2500000       3127.90405    
   33.5000000       3066.14771    
   33.7500000       3000.86230    
   34.0000000       2932.10620    
   34.2500000       2859.96509    
   34.5000000       2784.62646    
   34.7500000       2706.30371    
   35.0000000       2625.20972    
   35.2500000       2541.59790    
   35.5000000       2455.87915    
   35.7500000       2368.50513    
   36.0000000       2279.92676    
   36.2500000       2190.61133    
   36.5000000       2101.09204    
   36.7500000       2011.91870    
   37.0000000       1923.64087    
   37.2500000       1836.80347    
   37.5000000       1751.93237    
   37.7500000       1669.54883    
   38.0000000       1590.17358    
   38.2500000       1514.28259    
   38.5000000       1442.17041    
   38.7500000       1374.08545    
   39.0000000       1310.27649    
   39.2500000       1250.92163    
   39.5000000       1195.91382    
   39.7500000       1145.07556    
   40.0000000       1098.22864    
   40.2500000       1055.16724    
   40.5000000       1015.57263    
   40.7500000       979.097656    
   41.0000000       945.395569    
   41.2500000       914.123413    
   41.5000000       884.954773    
   41.7500000       857.567261    
   42.0000000       831.638428    
   42.2500000       806.872070    
   42.5000000       783.075684    
   42.7500000       760.082825    
   43.0000000       737.727295    
   43.2500000       715.883911    
   43.5000000       694.592957    
   43.7500000       673.936096    
   44.0000000       653.994568    
   44.2500000       634.866638    
   44.5000000       616.716553    
   44.7500000       599.725037    
   45.0000000       584.072754    
   45.2500000       569.937439    
   45.5000000       557.483887    
   45.7500000       546.874023    
   46.0000000       538.269470    
   46.2500000       531.807068    
   46.5000000       527.523071    
   46.7500000       525.428772    
   47.0000000       525.535522    
   47.2500000       527.815002    
   47.5000000       532.081116    
   47.7500000       538.108154    
   48.0000000       545.670532    
   48.2500000       554.526733    
   48.5000000       564.371887    
   48.7500000       574.885254    
   49.0000000       585.746155    
   49.2500000       596.636902    
   49.5000000       607.252075    
   49.7500000       617.289124    
   50.0000000       626.445679    
   50.2500000       634.443298    
   50.5000000       641.099731    
   50.7500000       646.256775    
   51.0000000       649.756287    
   51.2500000       651.477966    
   51.5000000       651.453430    
   51.7500000       649.752686    
   52.0000000       646.445251    
   52.2500000       641.615784    
   52.5000000       635.408020    
   52.7500000       627.980957    
   53.0000000       619.493164    
   53.2500000       610.102051    
   53.5000000       599.958740    
   53.7500000       589.213196    
   54.0000000       578.015320    
   54.2500000       566.510010    
   54.5000000       554.822571    
   54.7500000       543.073364    
   55.0000000       531.382874    
   55.2500000       519.863098    
   55.5000000       508.593323    
   55.7500000       497.644470    
   56.0000000       487.087433    
   56.2500000       476.990204    
   56.5000000       467.408813    
   56.7500000       458.396332    
   57.0000000       450.005859    
   57.2500000       442.290100    
   57.5000000       435.299988    
   57.7500000       429.086029    
   58.0000000       423.698822    
   58.2500000       419.180695    
   58.5000000       415.541016    
   58.7500000       412.780945    
   59.0000000       410.901520    
   59.2500000       409.891357    
   59.5000000       409.688354    
   59.7500000       410.217682    
   60.0000000       411.404785    
   60.2500000       413.169556    
   60.5000000       415.411560    
   60.7500000       418.025024    
   61.0000000       420.904236    
   61.2500000       423.944733    
   61.5000000       427.046692    
   61.7500000       430.111664    
   62.0000000       433.041138    
   62.2500000       435.747040    
   62.5000000       438.183258    
   62.7500000       440.314056    
   63.0000000       442.103851    
   63.2500000       443.533356    
   63.5000000       444.649536    
   63.7500000       445.515656    
   64.0000000       446.195190    
   64.2500000       446.757812    
   64.5000000       447.298859    
   64.7500000       447.920044    
   65.0000000       448.723175    
   65.2500000       449.809509    
   65.5000000       451.278625    
   65.7500000       453.229614    
   66.0000000       455.761749    
   66.2500000       458.974792    
   66.5000000       462.971344    
   66.7500000       467.854706    
   67.0000000       473.728149    
   67.2500000       480.695618    
   67.5000000       488.863739    
   67.7500000       498.339783    
   68.0000000       509.231079    
   68.2500000       521.645691    
   68.5000000       535.694885    
   68.7500000       551.490784    
   69.0000000       569.145508    
   69.2500000       588.769104    
   69.5000000       610.464417    
   69.7500000       634.332153    
   70.0000000       660.473145    
   70.2500000       688.964844    
   70.5000000       719.791443    
   70.7500000       752.913513    
   71.0000000       788.292053    
   71.2500000       825.851440    
   71.5000000       865.370850    
   71.7500000       906.593079    
   72.0000000       949.260864    
   72.2500000       993.102783    
   72.5000000       1037.78979    
   72.7500000       1082.97913    
   73.0000000       1128.32739    
   73.2500000       1173.49329    
   73.5000000       1218.14209    
   73.7500000       1261.94153    
   74.0000000       1304.55847    
   74.2500000       1345.66907    
   74.5000000       1384.98267    
   74.7500000       1422.21765    
   75.0000000       1457.09216    
   75.2500000       1489.33838    
   75.5000000       1518.74451    
   75.7500000       1545.11304    
   76.0000000       1568.24646    
   76.2500000       1587.95166    
   76.5000000       1604.05298    
   76.7500000       1616.38025    
   77.0000000       1624.76221    
   77.2500000       1629.03113    
   77.5000000       1629.03137    
   77.7500000       1624.61023    
   78.0000000       1615.61511    
   78.2500000       1601.93640    
   78.5000000       1583.63733    
   78.7500000       1560.82422    
   79.0000000       1533.60303    
   79.2500000       1502.14709    
   79.5000000       1466.89636    
   79.7500000       1428.35779    
   80.0000000       1387.03809    
   80.2500000       1343.47156    
   80.5000000       1298.29907    
   80.7500000       1252.18933    
   81.0000000       1205.81079    
   81.2500000       1159.82654    
   81.5000000       1114.87866    
   81.7500000       1071.60486    
   82.0000000       1030.64209    
   82.2500000       992.586548    
   82.5000000       957.871460    
   82.7500000       926.888367    
   83.0000000       900.029358    
   83.2500000       877.621643    
   83.5000000       859.733521    
   83.7500000       846.368835    
   84.0000000       837.531128    
   84.2500000       833.199158    
   84.5000000       833.251709    
   84.7500000       837.542664    
   85.0000000       845.925720    
   85.2500000       858.256104    
   85.5000000       874.395081    
   85.7500000       894.205505    
   86.0000000       917.549927    
   86.2500000       944.286682    
   86.5000000       974.255920    
   86.7500000       1007.29346    
   87.0000000       1043.23523    
   87.2500000       1081.91064    
   87.5000000       1123.12524    
   87.7500000       1166.67798    
   88.0000000       1212.36792    
   88.2500000       1259.99182    
   88.5000000       1309.33655    
   88.7500000       1360.18616    
   89.0000000       1412.32495    
   89.2500000       1465.53735    
   89.5000000       1519.60901    
   89.7500000       1574.32581    
   90.0000000       1629.47363    
   90.2500000       1684.83923    
   90.5000000       1740.21301    
   90.7500000       1795.38623    
   91.0000000       1850.15051    
   91.2500000       1904.29871    
   91.5000000       1957.63074    
   91.7500000       2009.94702    
   92.0000000       2061.04956    
   92.2500000       2110.73926    
   92.5000000       2158.81909    
   92.7500000       2205.09204    
   93.0000000       2249.36108    
   93.2500000       2291.42944    
   93.5000000       2331.10718    
   93.7500000       2368.20410    
   94.0000000       2402.53003    
   94.2500000       2433.91089    
   94.5000000       2462.23438    
   94.7500000       2487.40430    
   95.0000000       2509.32495    
   95.2500000       2527.92383    
   95.5000000       2543.22583    
   95.7500000       2555.28125    
   96.0000000       2564.13867    
   96.2500000       2569.85742    
   96.5000000       2572.53418    
   96.7500000       2572.27490    
   97.0000000       2569.18555    
   97.2500000       2563.37158    
   97.5000000       2554.93628    
   97.7500000       2543.98193    
   98.0000000       2530.61108    
   98.2500000       2514.92725    
   98.5000000       2497.04028    
   98.7500000       2477.06006    
   99.0000000       2455.09668    
   99.2500000       2431.26294    
   99.5000000       2405.67725    
   99.7500000       2378.46094    
   100.000000       2349.73462    
   100.250000       2319.61963    
   100.500000       2288.24097    
   100.750000       2255.72119    
   101.000000       2222.18701    
   101.250000       2187.76221    
   101.500000       2152.57300    
   101.750000       2116.74536    
   102.000000       2080.40479    
   102.250000       2043.68079    
   102.500000       2006.71729    
   102.750000       1969.66077    
   103.000000       1932.65820    
   103.250000       1895.86218    
   103.500000       1859.44556    
   103.750000       1823.58740    
   104.000000       1788.46631    
   104.250000       1754.26331    
   104.500000       1721.16931    
   104.750000       1689.37854    
   105.000000       1659.08386    
   105.250000       1630.47754    
   105.500000       1603.74475    
   105.750000       1579.06860    
   106.000000       1556.63269    
   106.250000       1536.60083    
   106.500000       1519.05884    
   106.750000       1504.07324    
   107.000000       1491.71057    
   107.250000       1482.00696    
   107.500000       1474.87622    
   107.750000       1470.20251    
   108.000000       1467.86963    
   108.250000       1467.74939    
   108.500000       1469.66626    
   108.750000       1473.43335    
   109.000000       1478.86377    
   109.250000       1485.77051    
   109.500000       1493.97107    
   109.750000       1503.28259    
   110.000000       1513.52307    
   110.250000       1524.50867    
   110.500000       1536.05127    
   110.750000       1547.96191    

