TitleText: Ni(001)-(5x5)-Li     Beam (3/5,0)              Rfac10=0.2096
 "IV exp
   35.2500000       499.354889    
   35.5000000       481.596527    
   35.7500000       462.207642    
   36.0000000       440.372986    
   36.2500000       415.562805    
   36.5000000       388.389832    
   36.7500000       359.752136    
   37.0000000       330.547974    
   37.2500000       301.607422    
   37.5000000       273.488312    
   37.7500000       246.680237    
   38.0000000       221.672958    
   38.2500000       198.857346    
   38.5000000       178.229156    
   38.7500000       159.685364    
   39.0000000       143.122955    
   39.2500000       128.448624    
   39.5000000       115.607880    
   39.7500000       104.555916    
   40.0000000       95.2479553    
   40.2500000       87.6058121    
   40.5000000       81.4177094    
   40.7500000       76.4384842    
   41.0000000       72.4229584    
   41.2500000       69.1721115    
   41.5000000       66.6715164    
   41.7500000       64.9528961    
   42.0000000       64.0479584    
   42.2500000       63.9665260    
   42.5000000       64.6308289    
   42.7500000       65.9411926    
   43.0000000       67.7979584    
   43.2500000       70.1292114    
   43.5000000       72.9741516    
   43.7500000       76.3997421    
   44.0000000       80.4729614    
   44.2500000       85.2571106    
   44.5000000       90.8009415    
   44.7500000       97.1495285    
   45.0000000       104.347961    
   45.2500000       112.488678    
   45.5000000       121.853577    
   45.7500000       132.771912    
   46.0000000       145.572952    
   46.2500000       160.601318    
   46.5000000       178.263123    
   46.7500000       198.979843    
   47.0000000       223.172958    
   47.2500000       251.132858    
   47.5000000       282.625458    
   47.7500000       317.285553    
   48.0000000       354.747955    
   48.2500000       394.669861    
   48.5000000       436.797852    
   48.7500000       480.900879    
   49.0000000       526.747925    
   49.2500000       574.052002    
   49.5000000       622.302124    
   49.7500000       670.931396    
   50.0000000       719.372925    
   50.2500000       767.103088    
   50.5000000       813.771851    
   50.7500000       859.072327    
   51.0000000       902.697937    
   51.2500000       944.416199    
   51.5000000       984.291931    
   51.7500000       1022.46448    
   52.0000000       1059.07300    
   52.2500000       1094.22375    
   52.5000000       1127.89185    
   52.7500000       1160.01917    
   53.0000000       1190.54797    
   53.2500000       1219.39258    
   53.5000000       1246.35681    
   53.7500000       1271.21667    
   54.0000000       1293.74805    
   54.2500000       1313.67297    
   54.5000000       1330.49683    
   54.7500000       1343.67139    
   55.0000000       1352.64795    
   55.2500000       1356.84595    
   55.5000000       1355.55615    
   55.7500000       1348.03723    
   56.0000000       1333.54810    
   56.2500000       1311.51758    
   56.5000000       1282.05713    
   56.7500000       1245.44849    
   57.0000000       1201.97302    
   57.2500000       1152.15967    
   57.5000000       1097.52527    
   57.7500000       1039.83337    
   58.0000000       980.847961    
   58.2500000       922.205383    
   58.5000000       865.032959    
   58.7500000       810.330505    
   59.0000000       759.097961    
   59.2500000       712.201477    
   59.5000000       669.971436    
   59.7500000       632.604736    
   60.0000000       600.297974    
   60.2500000       573.164185    
   60.5000000       550.981628    
   60.7500000       533.444702    
   61.0000000       520.247925    
   61.2500000       511.018982    
   61.5000000       505.117950    
   61.7500000       501.838196    
   62.0000000       500.472961    
   62.2500000       500.392914    
   62.5000000       501.278015    
   62.7500000       502.885620    
   63.0000000       504.972961    
   63.2500000       507.311951    
   63.5000000       509.732697    
   63.7500000       512.079834    
   64.0000000       514.197937    
   64.2500000       515.937622    
   64.5000000       517.172729    
   64.7500000       517.782898    
   65.0000000       517.647949    
   65.2500000       516.650574    
   65.5000000       514.685974    
   65.7500000       511.652374    
   66.0000000       507.447968    
   66.2500000       501.956726    
   66.5000000       495.005463    
   66.7500000       486.406677    
   67.0000000       475.972961    
   67.2500000       463.544647    
   67.5000000       449.073730    
   67.7500000       432.539917    
   68.0000000       413.922974    
   68.2500000       393.284027    
   68.5000000       371.009338    
   68.7500000       347.566437    
   69.0000000       323.422974    
   69.2500000       299.048096    
   69.5000000       274.917450    
   69.7500000       251.508301    
   70.0000000       229.297943    
   70.2500000       208.679413    
   70.5000000       189.708694    
   70.7500000       172.357620    
   71.0000000       156.597961    
   71.2500000       142.390778    
   71.5000000       129.654251    
   71.7500000       118.295822    
   72.0000000       108.222961    
   72.2500000       99.3725891    
   72.5000000       91.7995605    
   72.7500000       85.5882416    
   73.0000000       80.8229523    
   73.2500000       77.5238190    
   73.5000000       75.4539795    
   73.7500000       74.3123856    
   74.0000000       73.7979584    
   74.2500000       73.6538696    
   74.5000000       73.8003616    
   74.7500000       74.2018967    
   75.0000000       74.8229523    
   75.2500000       75.6312332    
   75.5000000       76.6072998    
   75.7500000       77.7349396    
   76.0000000       78.9979553    
   76.2500000       80.3366699    
   76.5000000       81.5175629    
   76.7500000       82.2636490    
   77.0000000       82.2979584    
   77.2500000       81.4578705    
   77.5000000       80.0383224    
   77.7500000       78.4485855    
   78.0000000       77.0979614    
   78.2500000       76.3019943    
   78.5000000       76.0012665    
   78.7500000       76.0426483    
   79.0000000       76.2729568    
   79.2500000       76.5515976    
   79.5000000       76.7880859    
   79.7500000       76.9045181    
   80.0000000       76.8229523    
   80.2500000       76.5324936    
   80.5000000       76.2903519    
   80.7500000       76.4207611    
   81.0000000       77.2479553    
   81.2500000       78.9952087    
   81.5000000       81.4819717    
   81.7500000       84.4267273    
   82.0000000       87.5479584    
   82.2500000       90.5915833    
   82.5000000       93.4132385    
   82.7500000       95.8960114    
   83.0000000       97.9229584    
   83.2500000       99.4394836    
   83.5000000       100.640305    
   83.7500000       101.782448    
   84.0000000       103.122955    
   84.2500000       104.946037    
   84.5000000       107.644547    
   84.7500000       111.638504    
   85.0000000       117.347946    
   85.2500000       125.101608    
   85.5000000       134.863007    
   85.7500000       146.504379    
   86.0000000       159.897949    
   86.2500000       174.871948    
   86.5000000       191.078629    
   86.7500000       208.126221    
   87.0000000       225.622955    
   87.2500000       243.254547    
   87.5000000       261.016449    
   87.7500000       278.981598    
   88.0000000       297.222961    
   88.2500000       315.800354    
   88.5000000       334.721466    
   88.7500000       353.980804    
   89.0000000       373.572968    
   89.2500000       393.495819    
   89.5000000       413.760468    
   89.7500000       434.381348    
   90.0000000       455.372955    
   90.2500000       476.752960    
   90.5000000       498.552521    
   90.7500000       520.806030    
   91.0000000       543.547913    
   91.2500000       566.767090    
   91.5000000       590.270203    
   91.7500000       613.818420    
   92.0000000       637.172913    
   92.2500000       660.161560    
   92.5000000       682.879150    
   92.7500000       705.487366    
   93.0000000       728.147888    
   93.2500000       750.984009    
   93.5000000       773.966125    
   93.7500000       797.026733    
   94.0000000       820.097961    
   94.2500000       843.087402    
   94.5000000       865.803162    
   94.7500000       888.028809    
   95.0000000       909.547913    
   95.2500000       930.188232    
   95.5000000       949.955688    
   95.7500000       968.900513    
   96.0000000       987.072937    
   96.2500000       1004.45734    
   96.5000000       1020.77417    
   96.7500000       1035.67786    
   97.0000000       1048.82300    
   97.2500000       1059.91809    
   97.5000000       1068.88855    
   97.7500000       1075.71375    
   98.0000000       1080.37305    
   98.2500000       1082.89111    
   98.5000000       1083.47229    
   98.7500000       1082.36633    
   99.0000000       1079.82300    
   99.2500000       1076.07043    
   99.5000000       1071.25110    
   99.7500000       1065.48645    
   100.000000       1058.89795    
   100.250000       1051.57251    
   100.500000       1043.46130    
   100.750000       1034.48071    
   101.000000       1024.54797    
   101.250000       1013.60785    
   101.500000       1001.71973    
   101.750000       988.970581    
   102.000000       975.447998    
   102.250000       961.259277    
   102.500000       946.591553    
   102.750000       931.652100    
   103.000000       916.647949    
   103.250000       901.779297    
   103.500000       887.217529    
   103.750000       873.127197    
   104.000000       859.672913    
   104.250000       847.010254    
   104.500000       835.260315    
   104.750000       824.535461    
   105.000000       814.947937    
   105.250000       806.555176    
   105.500000       799.194397    
   105.750000       792.647888    
   106.000000       786.697937    
   106.250000       781.167664    
   106.500000       776.043518    
   106.750000       771.352783    
   107.000000       767.122925    
   107.250000       763.395874    
   107.500000       760.272400    
   107.750000       757.867920    
   108.000000       756.297913    
   108.250000       755.587158    
   108.500000       755.398132    
   108.750000       755.302795    
   109.000000       754.872925    
   109.250000       753.692200    
   109.500000       751.391235    
   109.750000       747.612305    
   110.000000       741.997925    
   110.250000       734.283569    
   110.500000       724.577698    
   110.750000       713.081909    
   111.000000       699.997925    
   111.250000       685.544250    
   111.500000       670.007446    
   111.750000       653.690918    
   112.000000       636.897949    
   112.250000       619.827271    
   112.500000       602.258179    
   112.750000       583.865234    
   113.000000       564.322937    
   113.250000       543.424133    
   113.500000       521.434937    
   113.750000       498.739746    
   114.000000       475.722992    
   114.250000       452.743561    
   114.500000       430.058594    
   114.750000       407.899536    
   115.000000       386.497955    
   115.250000       366.087006    
   115.500000       346.906067    
   115.750000       329.196075    
   116.000000       313.197968    
   116.250000       299.211365    
   116.500000       287.770569    
   116.750000       279.468445    
   117.000000       274.897949    
   117.250000       274.223602    
   117.500000       275.896301    
   117.750000       277.938599    
   118.000000       278.372955    
   118.250000       275.601105    
   118.500000       269.541321    
   118.750000       260.491119    
   119.000000       248.747955    
   119.250000       234.905487    
   119.500000       220.741821    
   119.750000       208.331223    
   120.000000       199.747940    
   120.250000       196.361923    
   120.500000       196.725967    
   120.750000       198.688492    
   121.000000       200.097946    
   121.250000       199.113708    
   121.500000       195.138840    
   121.750000       187.887283    
   122.000000       177.072952    
   122.250000       163.029846    
   122.500000       148.571960    
   122.750000       137.133331    
   123.000000       132.147949    
   123.250000       136.305786    
   123.500000       149.320389    
   123.750000       170.161270    
   124.000000       197.797958    
   124.250000       231.066025    
   124.500000       268.265503    
   124.750000       307.562439    
   125.000000       347.122955    
   125.250000       385.691254    
   125.500000       424.324127    
   125.750000       464.656433    
   126.000000       508.322968    
   126.250000       556.667969    
   126.500000       609.872559    
   126.750000       667.827393    
   127.000000       730.422913    
   127.250000       797.405884    
   127.500000       867.948181    
   127.750000       941.077881    
   128.000000       1015.82294    
   128.250000       1091.44495    
   128.500000       1168.13794    
   128.750000       1246.32983    
   129.000000       1326.44800    
   129.250000       1408.84216    
   129.500000       1493.55029    
   129.750000       1580.53235    
   130.000000       1669.74805    
   130.250000       1761.02246    
   130.500000       1853.63965    
   130.750000       1946.74854    
   131.000000       2039.49805    
   131.250000       2130.99658    
   131.500000       2220.18872    
   131.750000       2305.97974    
   132.000000       2387.27319    
   132.250000       2463.14966    
   132.500000       2533.39331    
   132.750000       2597.96436    
   133.000000       2656.82300    
   133.250000       2710.12036    
   133.500000       2758.77295    
   133.750000       2803.88794    
   134.000000       2846.57300    
   134.250000       2887.80151    
   134.500000       2928.01221    
   134.750000       2967.50928    
   135.000000       3006.59814    
   135.250000       3045.48706    
   135.500000       3083.99854    
   135.750000       3121.86035    
   136.000000       3158.79810    
   136.250000       3194.54028    
   136.500000       3228.81934    
   136.750000       3261.36914    
   137.000000       3291.92285    
   137.250000       3320.17700    
   137.500000       3345.67480    
   137.750000       3367.92163    
   138.000000       3386.42310    
   138.250000       3400.82861    
   138.500000       3411.36060    
   138.750000       3418.38647    
   139.000000       3422.27295    
   139.250000       3423.49097    
   139.500000       3422.93018    
   139.750000       3421.58447    
   140.000000       3420.44800    
   140.250000       3419.56738    
   140.500000       3415.20044    
   140.750000       3402.65723    
   141.000000       3377.24805    
   141.250000       3335.14258    
   141.500000       3275.94678    
   141.750000       3200.12671    
   142.000000       3108.14819    
   142.250000       3001.95020    
   142.500000       2889.36646    
   142.750000       2779.70483    
   143.000000       2682.27295    
   143.250000       2604.49512    
   143.500000       2546.26318    
   143.750000       2505.58618    
   144.000000       2480.47290    
   144.250000       2468.51562    
   144.500000       2465.64282    
   144.750000       2467.36646    
   145.000000       2469.19800    
   145.250000       2467.58032    
   145.500000       2462.67798    
   145.750000       2455.58521    

 "IV theory
   35.2500000       1245.83154    
   35.5000000       1221.05212    
   35.7500000       1191.89941    
   36.0000000       1158.72803    
   36.2500000       1121.93469    
   36.5000000       1082.08301    
   36.7500000       1039.77893    
   37.0000000       995.627808    
   37.2500000       950.229675    
   37.5000000       904.160828    
   37.7500000       857.992310    
   38.0000000       812.294800    
   38.2500000       767.603821    
   38.5000000       724.314941    
   38.7500000       682.788574    
   39.0000000       643.385010    
   39.2500000       606.408691    
   39.5000000       571.939453    
   39.7500000       540.001038    
   40.0000000       510.617310    
   40.2500000       483.790314    
   40.5000000       459.435425    
   40.7500000       437.446075    
   41.0000000       417.715881    
   41.2500000       400.140106    
   41.5000000       384.620544    
   41.7500000       371.060760    
   42.0000000       359.364288    
   42.2500000       349.435425    
   42.5000000       341.181915    
   42.7500000       334.512329    
   43.0000000       329.335144    
   43.2500000       325.561066    
   43.5000000       323.109039    
   43.7500000       321.900116    
   44.0000000       321.855408    
   44.2500000       322.896637    
   44.5000000       324.948273    
   44.7500000       327.935608    
   45.0000000       331.783783    
   45.2500000       336.418182    
   45.5000000       341.764587    
   45.7500000       347.748932    
   46.0000000       354.297150    
   46.2500000       361.337280    
   46.5000000       368.805939    
   46.7500000       376.641907    
   47.0000000       384.783875    
   47.2500000       393.173859    
   47.5000000       401.767029    
   47.7500000       410.521820    
   48.0000000       419.396698    
   48.2500000       428.351501    
   48.5000000       437.351288    
   48.7500000       446.362488    
   49.0000000       455.351471    
   49.2500000       464.284424    
   49.5000000       473.126465    
   49.7500000       481.842468    
   50.0000000       490.397400    
   50.2500000       498.754028    
   50.5000000       506.866943    
   50.7500000       514.688721    
   51.0000000       522.171875    
   51.2500000       529.265869    
   51.5000000       535.907227    
   51.7500000       542.029602    
   52.0000000       547.566528    
   52.2500000       552.450012    
   52.5000000       556.606140    
   52.7500000       559.959656    
   53.0000000       562.435242    
   53.2500000       563.958496    
   53.5000000       564.458984    
   53.7500000       563.867249    
   54.0000000       562.113892    
   54.2500000       559.140808    
   54.5000000       554.934387    
   54.7500000       549.492676    
   55.0000000       542.813721    
   55.2500000       534.912720    
   55.5000000       525.875061    
   55.7500000       515.803589    
   56.0000000       504.800995    
   56.2500000       492.977081    
   56.5000000       480.469513    
   56.7500000       467.422974    
   57.0000000       453.982056    
   57.2500000       440.290314    
   57.5000000       426.486633    
   57.7500000       412.708893    
   58.0000000       399.094971    
   58.2500000       385.774689    
   58.5000000       372.846405    
   58.7500000       360.400391    
   59.0000000       348.527069    
   59.2500000       337.304199    
   59.5000000       326.759125    
   59.7500000       316.906464    
   60.0000000       307.761017    
   60.2500000       299.332733    
   60.5000000       291.612305    
   60.7500000       284.585846    
   61.0000000       278.239349    
   61.2500000       272.558777    
   61.5000000       267.530243    
   61.7500000       263.139740    
   62.0000000       259.373291    
   62.2500000       256.212402    
   62.5000000       253.620361    
   62.7500000       251.555954    
   63.0000000       249.977966    
   63.2500000       248.838364    
   63.5000000       248.061829    
   63.7500000       247.566254    
   64.0000000       247.269547    
   64.2500000       247.086624    
   64.5000000       246.920670    
   64.7500000       246.671860    
   65.0000000       246.240433    
   65.2500000       245.527817    
   65.5000000       244.440155    
   65.7500000       242.884888    
   66.0000000       240.769379    
   66.2500000       238.013657    
   66.5000000       234.588074    
   66.7500000       230.475632    
   67.0000000       225.659363    
   67.2500000       220.141846    
   67.5000000       214.004257    
   67.7500000       207.347412    
   68.0000000       200.272079    
   68.2500000       192.887024    
   68.5000000       185.332672    
   68.7500000       177.757462    
   69.0000000       170.309814    
   69.2500000       163.136414    
   69.5000000       156.377457    
   69.7500000       150.171341    
   70.0000000       144.656601    
   70.2500000       139.957916    
   70.5000000       136.145020    
   70.7500000       133.273895    
   71.0000000       131.400513    
   71.2500000       130.559235    
   71.5000000       130.697800    
   71.7500000       131.742371    
   72.0000000       133.619095    
   72.2500000       136.245514    
   72.5000000       139.504868    
   72.7500000       143.271759    
   73.0000000       147.420853    
   73.2500000       151.828064    
   73.5000000       156.374557    
   73.7500000       160.942810    
   74.0000000       165.415298    
   74.2500000       169.683090    
   74.5000000       173.671783    
   74.7500000       177.315598    
   75.0000000       180.548721    
   75.2500000       183.319107    
   75.5000000       185.629654    
   75.7500000       187.496979    
   76.0000000       188.937714    
   76.2500000       189.973831    
   76.5000000       190.648590    
   76.7500000       191.010559    
   77.0000000       191.108322    
   77.2500000       190.990021    
   77.5000000       190.702179    
   77.7500000       190.290817    
   78.0000000       189.802032    
   78.2500000       189.281586    
   78.5000000       188.773926    
   78.7500000       188.323196    
   79.0000000       187.973572    
   79.2500000       187.768463    
   79.5000000       187.748444    
   79.7500000       187.953323    
   80.0000000       188.422943    
   80.2500000       189.196991    
   80.5000000       190.314468    
   80.7500000       191.814224    
   81.0000000       193.735123    
   81.2500000       196.115677    
   81.5000000       198.993073    
   81.7500000       202.404114    
   82.0000000       206.385666    
   82.2500000       210.970062    
   82.5000000       216.171722    
   82.7500000       222.000565    
   83.0000000       228.466522    
   83.2500000       235.572586    
   83.5000000       243.294006    
   83.7500000       251.599197    
   84.0000000       260.456451    
   84.2500000       269.831268    
   84.5000000       279.677734    
   84.7500000       289.947113    
   85.0000000       300.590576    
   85.2500000       311.560089    
   85.5000000       322.810760    
   85.7500000       334.298401    
   86.0000000       345.978821    
   86.2500000       357.815125    
   86.5000000       369.799286    
   86.7500000       381.930634    
   87.0000000       394.208374    
   87.2500000       406.643036    
   87.5000000       419.290192    
   87.7500000       432.216675    
   88.0000000       445.489288    
   88.2500000       459.179565    
   88.5000000       473.378021    
   88.7500000       488.179626    
   89.0000000       503.679535    
   89.2500000       519.971375    
   89.5000000       537.142395    
   89.7500000       555.278442    
   90.0000000       574.465271    
   90.2500000       594.773254    
   90.5000000       616.210388    
   90.7500000       638.769348    
   91.0000000       662.442810    
   91.2500000       687.198975    
   91.5000000       712.909180    
   91.7500000       739.420410    
   92.0000000       766.579773    
   92.2500000       794.224304    
   92.5000000       822.152710    
   92.7500000       850.153564    
   93.0000000       878.015625    
   93.2500000       905.529358    
   93.5000000       932.492065    
   93.7500000       958.702698    
   94.0000000       983.960205    
   94.2500000       1008.07605    
   94.5000000       1030.91223    
   94.7500000       1052.34302    
   95.0000000       1072.24255    
   95.2500000       1090.50549    
   95.5000000       1107.10596    
   95.7500000       1122.03833    
   96.0000000       1135.29712    
   96.2500000       1146.88416    
   96.5000000       1156.83167    
   96.7500000       1165.17896    
   97.0000000       1171.96558    
   97.2500000       1177.23157    
   97.5000000       1181.01721    
   97.7500000       1183.36353    
   98.0000000       1184.31091    
   98.2500000       1183.90991    
   98.5000000       1182.24951    
   98.7500000       1179.42834    
   99.0000000       1175.54517    
   99.2500000       1170.71313    
   99.5000000       1165.10400    
   99.7500000       1158.90405    
   100.000000       1152.29944    
   100.250000       1145.48291    
   100.500000       1138.67163    
   100.750000       1132.08960    
   101.000000       1125.96069    
   101.250000       1120.50598    
   101.500000       1115.93762    
   101.750000       1112.46497    
   102.000000       1110.29761    
   102.250000       1109.62061    
   102.500000       1110.52075    
   102.750000       1113.06030    
   103.000000       1117.30176    
   103.250000       1123.26904    
   103.500000       1130.83276    
   103.750000       1139.82520    
   104.000000       1150.07886    
   104.250000       1161.41077    
   104.500000       1173.57690    
   104.750000       1186.31860    
   105.000000       1199.37646    
   105.250000       1212.49402    
   105.500000       1225.42334    
   105.750000       1237.91931    
   106.000000       1249.73657    
   106.250000       1260.64453    
   106.500000       1270.47192    
   106.750000       1279.06213    
   107.000000       1286.25891    
   107.250000       1291.92944    
   107.500000       1296.03516    
   107.750000       1298.56140    
   108.000000       1299.49353    
   108.250000       1298.82568    
   108.500000       1296.58923    
   108.750000       1292.82397    
   109.000000       1287.57031    
   109.250000       1280.86755    
   109.500000       1272.75220    
   109.750000       1263.26062    
   110.000000       1252.42798    
   110.250000       1240.29004    
   110.500000       1226.87988    
   110.750000       1212.23010    
   111.000000       1196.37341    
   111.250000       1179.34106    
   111.500000       1161.16028    
   111.750000       1141.85681    
   112.000000       1121.45630    
   112.250000       1099.98425    
   112.500000       1077.46362    
   112.750000       1053.91724    
   113.000000       1029.36743    
   113.250000       1003.83746    
   113.500000       977.352356    
   113.750000       949.937988    
   114.000000       921.620056    
   114.250000       892.430542    
   114.500000       862.426453    
   114.750000       831.671326    
   115.000000       800.228638    
   115.250000       768.171387    
   115.500000       735.611938    
   115.750000       702.672119    
   116.000000       669.473999    
   116.250000       636.143494    
   116.500000       602.822083    
   116.750000       569.655396    
   117.000000       536.788818    
   117.250000       504.367279    
   117.500000       472.532501    
   117.750000       441.425659    
   118.000000       411.187958    
   118.250000       381.954834    
   118.500000       353.839508    
   118.750000       326.949493    
   119.000000       301.392303    
   119.250000       277.266602    
   119.500000       254.635590    
   119.750000       233.553558    
   120.000000       214.074890    
   120.250000       196.250397    
   120.500000       180.117264    
   120.750000       165.709229    
   121.000000       153.059982    
   121.250000       142.203522    
   121.500000       133.174713    
   121.750000       126.008713    
   122.000000       120.740677    
   122.250000       117.405701    
   122.500000       116.038559    
   122.750000       116.673996    
   123.000000       119.346748    
   123.250000       124.091423    
   123.500000       130.942093    
   123.750000       139.932709    
   124.000000       151.097229    
   124.250000       164.469955    
   124.500000       180.086655    
   124.750000       197.983353    
   125.000000       218.196213    
   125.250000       240.759796    
   125.500000       265.702667    
   125.750000       293.051971    
   126.000000       322.834717    
   126.250000       355.059021    
   126.500000       389.656708    
   126.750000       426.540741    
   127.000000       465.623932    
   127.250000       506.789642    
   127.500000       549.803284    
   127.750000       594.400818    
   128.000000       640.318115    
   128.250000       687.279053    
   128.500000       734.959656    
   128.750000       783.023560    
   129.000000       831.134521    
   129.250000       878.959412    
   129.500000       926.175659    
   129.750000       972.464172    
   130.000000       1017.50549    
   130.250000       1061.00439    
   130.500000       1102.76392    
   130.750000       1142.61072    
   131.000000       1180.37207    
   131.250000       1215.91333    
   131.500000       1249.25378    
   131.750000       1280.45142    
   132.000000       1309.56348    
   132.250000       1336.66296    
   132.500000       1361.88232    
   132.750000       1385.36951    
   133.000000       1407.27197    
   133.250000       1427.73608    
   133.500000       1446.90247    
   133.750000       1464.91064    
   134.000000       1481.90002    
   134.250000       1498.00659    
   134.500000       1513.35266    
   134.750000       1528.05725    
   135.000000       1542.23938    
   135.250000       1556.01172    
   135.500000       1569.46411    
   135.750000       1582.67932    
   136.000000       1595.74121    
   136.250000       1608.73083    
   136.500000       1621.72156    
   136.750000       1634.78503    
   137.000000       1647.99243    
   137.250000       1661.41418    
   137.500000       1675.11829    
   137.750000       1689.17151    
   138.000000       1703.64038    
   138.250000       1718.58057    
   138.500000       1734.00098    
   138.750000       1749.89966    
   139.000000       1766.27393    
   139.250000       1783.10364    
   139.500000       1800.29773    
   139.750000       1817.74670    
   140.000000       1835.34155    
   140.250000       1852.96594    
   140.500000       1870.47461    
   140.750000       1887.71497    
   141.000000       1904.53455    
   141.250000       1920.78247    
   141.500000       1936.31396    
   141.750000       1950.98584    
   142.000000       1964.65466    
   142.250000       1977.19031    
   142.500000       1988.51355    
   142.750000       1998.55908    
   143.000000       2007.26062    
   143.250000       2014.57275    
   143.500000       2020.53101    
   143.750000       2025.19165    
   144.000000       2028.61072    
   144.250000       2030.85217    
   144.500000       2032.01172    
   144.750000       2032.19275    
   145.000000       2031.49902    
   145.250000       2030.03357    
   145.500000       2027.89612    
   145.750000       2025.18591    

