TitleText: Ni(001)-(5x5)-Li     Beam (4/5,0)              Rfac10=0.1386
 "IV exp
   40.2500000       181.396973    
   40.5000000       203.040924    
   40.7500000       225.959625    
   41.0000000       250.790390    
   41.2500000       277.953186    
   41.5000000       306.998138    
   41.7500000       337.257965    
   42.0000000       368.065369    
   42.2500000       398.764282    
   42.5000000       428.743225    
   42.7500000       457.402039    
   43.0000000       484.140381    
   43.2500000       508.337524    
   43.5000000       529.290039    
   43.7500000       546.273987    
   44.0000000       558.565369    
   44.2500000       565.586914    
   44.5000000       567.348267    
   44.7500000       564.005615    
   45.0000000       555.715393    
   45.2500000       542.789917    
   45.5000000       526.165527    
   45.7500000       506.934875    
   46.0000000       486.190369    
   46.2500000       464.974426    
   46.5000000       444.128845    
   46.7500000       424.445190    
   47.0000000       406.715393    
   47.2500000       391.696167    
   47.5000000       380.005310    
   47.7500000       372.225708    
   48.0000000       368.940369    
   48.2500000       370.659424    
   48.5000000       377.601746    
   48.7500000       389.913330    
   49.0000000       407.740417    
   49.2500000       431.253418    
   49.5000000       460.720886    
   49.7500000       496.435547    
   50.0000000       538.690369    
   50.2500000       587.769958    
   50.5000000       643.925903    
   50.7500000       707.401611    
   51.0000000       778.440369    
   51.2500000       857.293701    
   51.5000000       944.245850    
   51.7500000       1039.58899    
   52.0000000       1143.61548    
   52.2500000       1256.51196    
   52.5000000       1378.04260    
   52.7500000       1507.86572    
   53.0000000       1645.64038    
   53.2500000       1791.15247    
   53.5000000       1944.70142    
   53.7500000       2106.71338    
   54.0000000       2277.61548    
   54.2500000       2457.90674    
   54.5000000       2648.37573    
   54.7500000       2849.88330    
   55.0000000       3063.29053    
   55.2500000       3288.88110    
   55.5000000       3524.62939    
   55.7500000       3767.93311    
   56.0000000       4016.19043    
   56.2500000       4266.30176    
   56.5000000       4513.18115    
   56.7500000       4751.24609    
   57.0000000       4974.91504    
   57.2500000       5178.58350    
   57.5000000       5356.56055    
   57.7500000       5503.13330    
   58.0000000       5612.59033    
   58.2500000       5680.42041    
   58.5000000       5706.92285    
   58.7500000       5693.59570    
   59.0000000       5641.94043    
   59.2500000       5554.05713    
   59.5000000       5434.44824    
   59.7500000       5288.21680    
   60.0000000       5120.46582    
   60.2500000       4935.99170    
   60.5000000       4738.36572    
   60.7500000       4530.85254    
   61.0000000       4316.71582    
   61.2500000       4099.03125    
   61.5000000       3880.11743    
   61.7500000       3662.10278    
   62.0000000       3447.11548    
   62.2500000       3236.94360    
   62.5000000       3032.01050    
   62.7500000       2832.39868    
   63.0000000       2638.19043    
   63.2500000       2449.59497    
   63.5000000       2267.32959    
   63.7500000       2092.23828    
   64.0000000       1925.16541    
   64.2500000       1766.86926    
   64.5000000       1617.76672    
   64.7500000       1478.18835    
   65.0000000       1348.46533    
   65.2500000       1228.73242    
   65.5000000       1118.33960    
   65.7500000       1016.44098    
   66.0000000       922.190369    
   66.2500000       834.828674    
   66.5000000       753.944946    
   66.7500000       679.215210    
   67.0000000       610.315369    
   67.2500000       547.039978    
   67.5000000       489.657104    
   67.7500000       438.553345    
   68.0000000       394.115417    
   68.2500000       356.718628    
   68.5000000       326.693970    
   68.7500000       304.361328    
   69.0000000       290.040405    
   69.2500000       283.910370    
   69.5000000       285.587463    
   69.7500000       294.547272    
   70.0000000       310.265381    
   70.2500000       332.125641    
   70.5000000       359.145355    
   70.7500000       390.250061    
   71.0000000       424.365356    
   71.2500000       460.497681    
   71.5000000       497.976501    
   71.7500000       536.212280    
   72.0000000       574.615417    
   72.2500000       612.652893    
   72.5000000       650.018921    
   72.7500000       686.464478    
   73.0000000       721.740417    
   73.2500000       755.604309    
   73.5000000       787.840149    
   73.7500000       818.238647    
   74.0000000       846.590393    
   74.2500000       872.704834    
   74.5000000       896.465942    
   74.7500000       917.776917    
   75.0000000       936.540405    
   75.2500000       952.647034    
   75.5000000       965.938293    
   75.7500000       976.243042    
   76.0000000       983.390381    
   76.2500000       987.344238    
   76.5000000       988.607605    
   76.7500000       987.818665    
   77.0000000       985.615356    
   77.2500000       982.575439    
   77.5000000       979.036011    
   77.7500000       975.273682    
   78.0000000       971.565369    
   78.2500000       968.119202    
   78.5000000       964.868774    
   78.7500000       961.679077    
   79.0000000       958.415344    
   79.2500000       954.987305    
   79.5000000       951.484314    
   79.7500000       948.040588    
   80.0000000       944.790344    
   80.2500000       941.824524    
   80.5000000       939.061218    
   80.7500000       936.374939    
   81.0000000       933.640381    
   81.2500000       930.761658    
   81.5000000       927.760132    
   81.7500000       924.686157    
   82.0000000       921.590393    
   82.2500000       918.492065    
   82.5000000       915.284546    
   82.7500000       911.829956    
   83.0000000       907.990356    
   83.2500000       903.637817    
   83.5000000       898.684509    
   83.7500000       893.052917    
   84.0000000       886.665344    
   84.2500000       879.505920    
   84.5000000       871.806946    
   84.7500000       863.862122    
   85.0000000       855.965393    
   85.2500000       848.326111    
   85.5000000       840.814392    
   85.7500000       833.215637    
   86.0000000       825.315369    
   86.2500000       816.889343    
   86.5000000       807.674683    
   86.7500000       797.399170    
   87.0000000       785.790344    
   87.2500000       772.668640    
   87.5000000       758.225830    
   87.7500000       742.746582    
   88.0000000       726.515381    
   88.2500000       709.814270    
   88.5000000       692.914307    
   88.7500000       676.083557    
   89.0000000       659.590393    
   89.2500000       643.698547    
   89.5000000       628.653259    
   89.7500000       614.695312    
   90.0000000       602.065369    
   90.2500000       590.995239    
   90.5000000       581.680664    
   90.7500000       574.308472    
   91.0000000       569.065369    
   91.2500000       566.080322    
   91.5000000       565.250671    
   91.7500000       566.415894    
   92.0000000       569.415405    
   92.2500000       574.081116    
   92.5000000       580.215027    
   92.7500000       587.611694    
   93.0000000       596.065369    
   93.2500000       605.375732    
   93.5000000       615.362549    
   93.7500000       625.850830    
   94.0000000       636.665344    
   94.2500000       647.626099    
   94.5000000       658.533081    
   94.7500000       669.181213    
   95.0000000       679.365356    
   95.2500000       688.878662    
   95.5000000       697.506531    
   95.7500000       705.032593    
   96.0000000       711.240356    
   96.2500000       715.901794    
   96.5000000       718.742371    
   96.7500000       719.475586    
   97.0000000       717.815369    
   97.2500000       713.489807    
   97.5000000       706.285095    
   97.7500000       696.001770    
   98.0000000       682.440369    
   98.2500000       665.454163    
   98.5000000       645.106384    
   98.7500000       621.513123    
   99.0000000       594.790344    
   99.2500000       565.133972    
   99.5000000       533.059692    
   99.7500000       499.163269    
   100.000000       464.040405    
   100.250000       428.280334    
   100.500000       392.447021    
   100.750000       357.097870    
   101.000000       322.790405    
   101.250000       290.073303    
   101.500000       259.460175    
   101.750000       231.455933    
   102.000000       206.565384    
   102.250000       185.212601    
   102.500000       167.498352    
   102.750000       153.442627    
   103.000000       143.065384    
   103.250000       136.265900    
   103.500000       132.460587    
   103.750000       130.945190    
   104.000000       131.015381    
   104.250000       132.073929    
   104.500000       133.951584    
   104.750000       136.586136    
   105.000000       139.915390    
   105.250000       143.889679    
   105.500000       148.509750    
   105.750000       153.788879    
   106.000000       159.740387    
   106.250000       166.366287    
   106.500000       173.623596    
   106.750000       181.458038    
   107.000000       189.815384    
   107.250000       198.685135    
   107.500000       208.231934    
   107.750000       218.664215    
   108.000000       230.190384    
   108.250000       243.022202    
   108.500000       257.384705    
   108.750000       273.506348    
   109.000000       291.615387    
   109.250000       311.938660    
   109.500000       334.696442    
   109.750000       360.107483    
   110.000000       388.390381    
   110.250000       419.670959    
   110.500000       453.703064    
   110.750000       490.147583    
   111.000000       528.665405    
   111.250000       568.949097    
   111.500000       610.817993    
   111.750000       654.123108    
   112.000000       698.715393    
   112.250000       744.498779    
   112.500000       791.589050    
   112.750000       840.154968    
   113.000000       890.365356    
   113.250000       942.320251    
   113.500000       995.846008    
   113.750000       1050.70020    
   114.000000       1106.64038    
   114.250000       1163.52002    
   114.500000       1221.57520    
   114.750000       1281.13818    
   115.000000       1342.54041    
   115.250000       1406.10474    
   115.500000       1472.11707    
   115.750000       1540.85352    
   116.000000       1612.59045    
   116.250000       1687.52856    
   116.500000       1765.56470    
   116.750000       1846.52002    
   117.000000       1930.21545    
   117.250000       2016.48413    
   117.500000       2105.20728    
   117.750000       2196.27832    
   118.000000       2289.59033    
   118.250000       2384.85205    
   118.500000       2481.03271    
   118.750000       2576.91724    
   119.000000       2671.29028    
   119.250000       2763.25269    
   119.500000       2853.16968    
   119.750000       2941.72144    
   120.000000       3029.59033    
   120.250000       3117.38550    
   120.500000       3205.43408    
   120.750000       3293.99219    
   121.000000       3383.31543    
   121.250000       3473.25708    
   121.500000       3562.05811    
   121.750000       3647.55640    
   122.000000       3727.59033    
   122.250000       3800.43433    
   122.500000       3866.11035    
   122.750000       3925.07666    
   123.000000       3977.79053    
   123.250000       4024.70630    
   123.500000       4066.25537    
   123.750000       4102.86572    
   124.000000       4134.96533    
   124.250000       4162.79834    
   124.500000       4185.88232    
   124.750000       4203.55127    
   125.000000       4215.14014    
   125.250000       4220.13086    
   125.500000       4218.59424    
   125.750000       4210.74951    
   126.000000       4196.81543    
   126.250000       4177.02637    
   126.500000       4151.68213    
   126.750000       4121.09814    
   127.000000       4085.59058    
   127.250000       4045.43384    
   127.500000       4000.74146    
   127.750000       3951.58643    
   128.000000       3898.04053    
   128.250000       3840.33911    
   128.500000       3779.36353    
   128.750000       3716.15796    
   129.000000       3651.76562    
   129.250000       3587.01611    
   129.500000       3521.88159    
   129.750000       3456.12061    
   130.000000       3389.49048    
   130.250000       3321.65332    
   130.500000       3251.88403    
   130.750000       3179.36182    
   131.000000       3103.26538    
   131.250000       3022.97485    
   131.500000       2938.67773    
   131.750000       2850.76196    
   132.000000       2759.61548    
   132.250000       2665.80762    
   132.500000       2570.62891    
   132.750000       2475.54956    
   133.000000       2382.04053    
   133.250000       2291.44995    
   133.500000       2204.63477    
   133.750000       2122.32837    
   134.000000       2045.26538    
   134.250000       1973.69507    
   134.500000       1905.93115    
   134.750000       1839.80310    
   135.000000       1773.14038    
   135.250000       1704.26562    
   135.500000       1633.47375    
   135.750000       1561.55261    
   136.000000       1489.29053    
   136.250000       1417.46191    
   136.500000       1346.78845    
   136.750000       1277.97852    
   137.000000       1211.74048    
   137.250000       1148.64270    
   137.500000       1088.69348    
   137.750000       1031.76160    
   138.000000       977.715332    
   138.250000       926.292603    
   138.500000       876.708130    
   138.750000       828.046021    
   139.000000       779.390381    
   139.250000       729.642883    
   139.500000       676.975586    
   139.750000       619.378174    
   140.000000       554.840393    
   140.250000       482.059753    
   140.500000       402.566101    
   140.750000       318.597107    

 "IV theory
   40.2500000       1667.58984    
   40.5000000       1700.56152    
   40.7500000       1737.16675    
   41.0000000       1776.58459    
   41.2500000       1818.00085    
   41.5000000       1860.62952    
   41.7500000       1903.69189    
   42.0000000       1946.40906    
   42.2500000       1988.05151    
   42.5000000       2028.09082    
   42.7500000       2066.04736    
   43.0000000       2101.44189    
   43.2500000       2133.87500    
   43.5000000       2163.26416    
   43.7500000       2189.60742    
   44.0000000       2212.90137    
   44.2500000       2233.17456    
   44.5000000       2250.57666    
   44.7500000       2265.28857    
   45.0000000       2277.49121    
   45.2500000       2287.36353    
   45.5000000       2295.07837    
   45.7500000       2300.80737    
   46.0000000       2304.72192    
   46.2500000       2307.00269    
   46.5000000       2307.86768    
   46.7500000       2307.54346    
   47.0000000       2306.25781    
   47.2500000       2304.25000    
   47.5000000       2301.81274    
   47.7500000       2299.25146    
   48.0000000       2296.87109    
   48.2500000       2294.98315    
   48.5000000       2293.92358    
   48.7500000       2294.03394    
   49.0000000       2295.65625    
   49.2500000       2299.12891    
   49.5000000       2304.77515    
   49.7500000       2312.91504    
   50.0000000       2323.86841    
   50.2500000       2337.91528    
   50.5000000       2355.17017    
   50.7500000       2375.70947    
   51.0000000       2399.60791    
   51.2500000       2426.87646    
   51.5000000       2457.27271    
   51.7500000       2490.48853    
   52.0000000       2526.21704    
   52.2500000       2564.12598    
   52.5000000       2603.78320    
   52.7500000       2644.73145    
   53.0000000       2686.51367    
   53.2500000       2728.67505    
   53.5000000       2770.77222    
   53.7500000       2812.36230    
   54.0000000       2853.00513    
   54.2500000       2892.26782    
   54.5000000       2929.75708    
   54.7500000       2965.08740    
   55.0000000       2997.87573    
   55.2500000       3027.75269    
   55.5000000       3054.41431    
   55.7500000       3077.57153    
   56.0000000       3096.93652    
   56.2500000       3112.22607    
   56.5000000       3123.17798    
   56.7500000       3129.53564    
   57.0000000       3131.04346    
   57.2500000       3127.44629    
   57.5000000       3118.50073    
   57.7500000       3103.96484    
   58.0000000       3083.59717    
   58.2500000       3057.19385    
   58.5000000       3024.69751    
   58.7500000       2986.08911    
   59.0000000       2941.34961    
   59.2500000       2890.51660    
   59.5000000       2833.85791    
   59.7500000       2771.69849    
   60.0000000       2704.36353    
   60.2500000       2632.20166    
   60.5000000       2555.64966    
   60.7500000       2475.16846    
   61.0000000       2391.21802    
   61.2500000       2304.25659    
   61.5000000       2214.73413    
   61.7500000       2123.09668    
   62.0000000       2029.79163    
   62.2500000       1935.25903    
   62.5000000       1839.91077    
   62.7500000       1744.15137    
   63.0000000       1648.38599    
   63.2500000       1553.00745    
   63.5000000       1458.36072    
   63.7500000       1364.77917    
   64.0000000       1272.59631    
   64.2500000       1182.14136    
   64.5000000       1093.72693    
   64.7500000       1007.66180    
   65.0000000       924.254456    
   65.2500000       843.812317    
   65.5000000       766.637878    
   65.7500000       693.031982    
   66.0000000       623.295837    
   66.2500000       557.710571    
   66.5000000       496.478424    
   66.7500000       439.781555    
   67.0000000       387.802216    
   67.2500000       340.691742    
   67.5000000       298.478027    
   67.7500000       261.158051    
   68.0000000       228.728745    
   68.2500000       201.175537    
   68.5000000       178.437653    
   68.7500000       160.442749    
   69.0000000       147.118454    
   69.2500000       138.391617    
   69.5000000       134.185745    
   69.7500000       134.423538    
   70.0000000       139.027695    
   70.2500000       147.899139    
   70.5000000       160.851913    
   70.7500000       177.678238    
   71.0000000       198.170364    
   71.2500000       222.087387    
   71.5000000       249.055511    
   71.7500000       278.667816    
   72.0000000       310.517273    
   72.2500000       344.183319    
   72.5000000       379.190247    
   72.7500000       415.048767    
   73.0000000       451.269562    
   73.2500000       487.367004    
   73.5000000       522.870422    
   73.7500000       557.312744    
   74.0000000       590.227234    
   74.2500000       621.181458    
   74.5000000       649.882019    
   74.7500000       676.070374    
   75.0000000       699.487732    
   75.2500000       719.929932    
   75.5000000       737.410950    
   75.7500000       751.999390    
   76.0000000       763.763794    
   76.2500000       772.793945    
   76.5000000       779.264954    
   76.7500000       783.373108    
   77.0000000       785.314880    
   77.2500000       785.284546    
   77.5000000       783.468384    
   77.7500000       780.050415    
   78.0000000       775.214722    
   78.2500000       769.139404    
   78.5000000       761.978333    
   78.7500000       753.879639    
   79.0000000       744.991089    
   79.2500000       735.450378    
   79.5000000       725.354492    
   79.7500000       714.790039    
   80.0000000       703.843872    
   80.2500000       692.598816    
   80.5000000       681.122803    
   80.7500000       669.479980    
   81.0000000       657.734741    
   81.2500000       645.950928    
   81.5000000       634.191528    
   81.7500000       622.519226    
   82.0000000       610.996948    
   82.2500000       599.680664    
   82.5000000       588.600159    
   82.7500000       577.778503    
   83.0000000       567.238770    
   83.2500000       556.994019    
   83.5000000       547.016846    
   83.7500000       537.269897    
   84.0000000       527.715576    
   84.2500000       518.312378    
   84.5000000       509.002014    
   84.7500000       499.722046    
   85.0000000       490.410034    
   85.2500000       481.004730    
   85.5000000       471.449097    
   85.7500000       461.687256    
   86.0000000       451.663330    
   86.2500000       441.331482    
   86.5000000       430.686066    
   86.7500000       419.731506    
   87.0000000       408.472321    
   87.2500000       396.928619    
   87.5000000       385.183380    
   87.7500000       373.335419    
   88.0000000       361.483337    
   88.2500000       349.732300    
   88.5000000       338.213135    
   88.7500000       327.062958    
   89.0000000       316.418854    
   89.2500000       306.416534    
   89.5000000       297.185303    
   89.7500000       288.853119    
   90.0000000       281.547821    
   90.2500000       275.383362    
   90.5000000       270.418640    
   90.7500000       266.698578    
   91.0000000       264.268097    
   91.2500000       263.150482    
   91.5000000       263.282196    
   91.7500000       264.577881    
   92.0000000       266.952362    
   92.2500000       270.311768    
   92.5000000       274.527863    
   92.7500000       279.463959    
   93.0000000       284.983307    
   93.2500000       290.950317    
   93.5000000       297.234161    
   93.7500000       303.705170    
   94.0000000       310.233826    
   94.2500000       316.697479    
   94.5000000       323.001953    
   94.7500000       329.060089    
   95.0000000       334.784821    
   95.2500000       340.100342    
   95.5000000       344.976318    
   95.7500000       349.393860    
   96.0000000       353.333984    
   96.2500000       356.782104    
   96.5000000       359.740845    
   96.7500000       362.217285    
   97.0000000       364.218353    
   97.2500000       365.751038    
   97.5000000       366.821960    
   97.7500000       367.437653    
   98.0000000       367.604675    
   98.2500000       367.332794    
   98.5000000       366.644165    
   98.7500000       365.564026    
   99.0000000       364.117798    
   99.2500000       362.335510    
   99.5000000       360.266113    
   99.7500000       357.963348    
   100.000000       355.480988    
   100.250000       352.874573    
   100.500000       350.206696    
   100.750000       347.541992    
   101.000000       344.944855    
   101.250000       342.479889    
   101.500000       340.212128    
   101.750000       338.206635    
   102.000000       336.528564    
   102.250000       335.246033    
   102.500000       334.439728    
   102.750000       334.193512    
   103.000000       334.591034    
   103.250000       335.720795    
   103.500000       337.689850    
   103.750000       340.610016    
   104.000000       344.593079    
   104.250000       349.752899    
   104.500000       356.212128    
   104.750000       364.095520    
   105.000000       373.527863    
   105.250000       384.632477    
   105.500000       397.527344    
   105.750000       412.328979    
   106.000000       429.153870    
   106.250000       448.102997    
   106.500000       469.214783    
   106.750000       492.511993    
   107.000000       518.017639    
   107.250000       545.730103    
   107.500000       575.550964    
   107.750000       607.357178    
   108.000000       641.026001    
   108.250000       676.424744    
   108.500000       713.381409    
   108.750000       751.714417    
   109.000000       791.242126    
   109.250000       831.784790    
   109.500000       873.170532    
   109.750000       915.229797    
   110.000000       957.792847    
   110.250000       1000.70624    
   110.500000       1043.88159    
   110.750000       1087.24683    
   111.000000       1130.73022    
   111.250000       1174.28503    
   111.500000       1217.96802    
   111.750000       1261.86108    
   112.000000       1306.04639    
   112.250000       1350.61609    
   112.500000       1395.70251    
   112.750000       1441.44800    
   113.000000       1487.99536    
   113.250000       1535.48572    
   113.500000       1584.05627    
   113.750000       1633.84241    
   114.000000       1684.98083    
   114.250000       1737.60254    
   114.500000       1791.82227    
   114.750000       1847.74927    
   115.000000       1905.49341    
   115.250000       1965.15771    
   115.500000       2026.81506    
   115.750000       2090.53174    
   116.000000       2156.37402    
   116.250000       2224.40527    
   116.500000       2294.68018    
   116.750000       2367.25098    
   117.000000       2442.16919    
   117.250000       2519.48633    
   117.500000       2599.24634    
   117.750000       2681.49219    
   118.000000       2766.26782    
   118.250000       2853.59473    
   118.500000       2943.40942    
   118.750000       3035.62744    
   119.000000       3130.16406    
   119.250000       3226.90161    
   119.500000       3325.59033    
   119.750000       3425.94678    
   120.000000       3527.68848    
   120.250000       3630.51904    
   120.500000       3734.09033    
   120.750000       3838.04224    
   121.000000       3942.01294    
   121.250000       4045.64331    
   121.500000       4148.57910    
   121.750000       4250.46729    
   122.000000       4350.95557    
   122.250000       4449.69580    
   122.500000       4546.35938    
   122.750000       4640.62402    
   123.000000       4732.16602    
   123.250000       4820.67139    
   123.500000       4905.85791    
   123.750000       4987.45264    
   124.000000       5065.18359    
   124.250000       5138.77930    
   124.500000       5207.97998    
   124.750000       5272.52832    
   125.000000       5332.16846    
   125.250000       5386.64453    
   125.500000       5435.70752    
   125.750000       5479.11035    
   126.000000       5516.60693    
   126.250000       5547.97217    
   126.500000       5573.07959    
   126.750000       5591.82275    
   127.000000       5604.09668    
   127.250000       5609.83447    
   127.500000       5609.11328    
   127.750000       5602.05029    
   128.000000       5588.76074    
   128.250000       5569.37598    
   128.500000       5544.08252    
   128.750000       5513.08203    
   129.000000       5476.57617    
   129.250000       5434.76514    
   129.500000       5387.84814    
   129.750000       5336.02051    
   130.000000       5279.47900    
   130.250000       5218.42480    
   130.500000       5153.07178    
   130.750000       5083.63770    
   131.000000       5010.34033    
   131.250000       4933.40234    
   131.500000       4853.06592    
   131.750000       4769.57910    
   132.000000       4683.18652    
   132.250000       4594.14062    
   132.500000       4502.69482    
   132.750000       4409.11182    
   133.000000       4313.64990    
   133.250000       4216.56836    
   133.500000       4118.12305    
   133.750000       4018.57104    
   134.000000       3918.16797    
   134.250000       3817.16455    
   134.500000       3715.79102    
   134.750000       3614.27100    
   135.000000       3512.82983    
   135.250000       3411.68359    
   135.500000       3311.01538    
   135.750000       3210.99902    
   136.000000       3111.80957    
   136.250000       3013.61841    
   136.500000       2916.58545    
   136.750000       2820.86719    
   137.000000       2726.62085    
   137.250000       2634.00220    
   137.500000       2543.16382    
   137.750000       2454.25781    
   138.000000       2367.43604    
   138.250000       2282.83740    
   138.500000       2200.54785    
   138.750000       2120.64014    
   139.000000       2043.18750    
   139.250000       1968.24207    
   139.500000       1895.77478    
   139.750000       1825.73633    
   140.000000       1758.07678    
   140.250000       1692.73889    
   140.500000       1629.63269    
   140.750000       1568.65991    

