TitleText: Ni(001)-(5x5)-Li     Beam (1/5,1/5)            Rfac10=0.2267
 "IV exp
   60.2500000       349.436462    
   60.5000000       383.824066    
   60.7500000       418.536530    
   61.0000000       453.736267    
   61.2500000       489.617767    
   61.5000000       526.504028    
   61.7500000       564.750244    
   62.0000000       604.711304    
   62.2500000       646.649475    
   62.5000000       690.455383    
   62.7500000       735.926819    
   63.0000000       782.861267    
   63.2500000       831.003174    
   63.5000000       879.882568    
   63.7500000       928.976318    
   64.0000000       977.761230    
   64.2500000       1025.84265    
   64.5000000       1073.34131    
   64.7500000       1120.50598    
   65.0000000       1167.58630    
   65.2500000       1214.77454    
   65.5000000       1262.03577    
   65.7500000       1309.27856    
   66.0000000       1356.41125    
   66.2500000       1403.40588    
   66.5000000       1450.48962    
   66.7500000       1497.95288    
   67.0000000       1546.08630    
   67.2500000       1595.13696    
   67.5000000       1645.17664    
   67.7500000       1696.23376    
   68.0000000       1748.33630    
   68.2500000       1801.34973    
   68.5000000       1854.48718    
   68.7500000       1906.79932    
   69.0000000       1957.33630    
   69.2500000       2005.35999    
   69.5000000       2050.97656    
   69.7500000       2094.50439    
   70.0000000       2136.26123    
   70.2500000       2176.53369    
   70.5000000       2215.48047    
   70.7500000       2253.23047    
   71.0000000       2289.91113    
   71.2500000       2325.51416    
   71.5000000       2359.48193    
   71.7500000       2391.12061    
   72.0000000       2419.73633    
   72.2500000       2444.58105    
   72.5000000       2464.69092    
   72.7500000       2479.04834    
   73.0000000       2486.63623    
   73.2500000       2486.55518    
   73.5000000       2478.38135    
   73.7500000       2461.81006    
   74.0000000       2436.53613    
   74.2500000       2402.54736    
   74.5000000       2361.00391    
   74.7500000       2313.35742    
   75.0000000       2261.06152    
   75.2500000       2205.33740    
   75.5000000       2146.48389    
   75.7500000       2084.56934    
   76.0000000       2019.66138    
   76.2500000       1951.93677    
   76.5000000       1882.00671    
   76.7500000       1810.59155    
   77.0000000       1738.41125    
   77.2500000       1666.43018    
   77.5000000       1596.59119    
   77.7500000       1531.08093    
   78.0000000       1472.08630    
   78.2500000       1421.23755    
   78.5000000       1377.93701    
   78.7500000       1341.02979    
   79.0000000       1309.36121    
   79.2500000       1281.73181    
   79.5000000       1256.76282    
   79.7500000       1233.03040    
   80.0000000       1209.11133    
   80.2500000       1183.99036    
   80.5000000       1158.28857    
   80.7500000       1133.03564    
   81.0000000       1109.26123    
   81.2500000       1087.85242    
   81.5000000       1069.12549    
   81.7500000       1053.25391    
   82.0000000       1040.41125    
   82.2500000       1030.60889    
   82.5000000       1023.20862    
   82.7500000       1017.40961    

 "IV theory
   60.2500000       573.654175    
   60.5000000       558.224304    
   60.7500000       545.426270    
   61.0000000       535.320435    
   61.2500000       527.966553    
   61.5000000       523.422180    
   61.7500000       521.744507    
   62.0000000       522.990417    
   62.2500000       527.211975    
   62.5000000       534.440491    
   62.7500000       544.702271    
   63.0000000       558.023682    
   63.2500000       574.422852    
   63.5000000       593.885010    
   63.7500000       616.387512    
   64.0000000       641.907471    
   64.2500000       670.419250    
   64.5000000       701.886047    
   64.7500000       736.268188    
   65.0000000       773.525879    
   65.2500000       813.618530    
   65.5000000       856.500977    
   65.7500000       902.127075    
   66.0000000       950.450500    
   66.2500000       1001.40863    
   66.5000000       1054.87183    
   66.7500000       1110.69421    
   67.0000000       1168.72974    
   67.2500000       1228.80652    
   67.5000000       1290.64978    
   67.7500000       1353.95935    
   68.0000000       1418.43420    
   68.2500000       1483.76392    
   68.5000000       1549.59644    
   68.7500000       1615.56958    
   69.0000000       1681.32117    
   69.2500000       1746.49060    
   69.5000000       1810.72388    
   69.7500000       1873.66895    
   70.0000000       1934.97339    
   70.2500000       1994.29663    
   70.5000000       2051.34253    
   70.7500000       2105.82690    
   71.0000000       2157.46606    
   71.2500000       2205.99316    
   71.5000000       2251.21582    
   71.7500000       2292.95947    
   72.0000000       2331.04907    
   72.2500000       2365.31665    
   72.5000000       2395.61890    
   72.7500000       2421.81787    
   73.0000000       2443.77759    
   73.2500000       2461.36255    
   73.5000000       2474.44849    
   73.7500000       2482.91357    
   74.0000000       2486.63647    
   74.2500000       2485.53394    
   74.5000000       2479.67993    
   74.7500000       2469.18701    
   75.0000000       2454.16772    
   75.2500000       2434.79517    
   75.5000000       2411.48340    
   75.7500000       2384.70728    
   76.0000000       2354.94116    
   76.2500000       2322.68384    
   76.5000000       2288.53296    
   76.7500000       2253.10962    
   77.0000000       2217.03491    
   77.2500000       2180.92529    
   77.5000000       2145.37598    
   77.7500000       2110.97681    
   78.0000000       2078.31763    
   78.2500000       2047.94385    
   78.5000000       2020.22437    
   78.7500000       1995.48364    
   79.0000000       1974.04590    
   79.2500000       1956.16626    
   79.5000000       1941.81995    
   79.7500000       1930.91309    
   80.0000000       1923.35132    
   80.2500000       1919.01343    
   80.5000000       1917.66980    
   80.7500000       1919.06335    
   81.0000000       1922.93750    
   81.2500000       1929.03748    
   81.5000000       1937.11707    
   81.7500000       1946.93262    
   82.0000000       1958.24023    
   82.2500000       1970.79761    
   82.5000000       1984.37085    
   82.7500000       1998.72754    

