
          COORDINATES AFTER SORTING

        -1.87570000       0.00000000       0.00000000
        -1.80669999      -3.00469995      -3.00469995
        -1.80669999      -3.00469995       3.00469995
        -1.80669999       3.00469995      -3.00469995
        -1.80669999       3.00469995       3.00469995
        -1.79410005      -3.11409974       0.00000000
        -1.79410005       3.11409974       0.00000000
        -1.79410005       0.00000000      -3.11409974
        -1.79410005       0.00000000       3.11409974
        -0.38609999       6.22499990      -1.29130006
        -0.38609999       6.22499990       1.29130006
        -0.38609999      -1.29130006       6.22499990
        -0.38609999       1.29130006       6.22499990
        -0.04610000      -1.25520003      -1.25520003
        -0.04610000      -1.25520003       1.25520003
        -0.04610000       1.25520003      -1.25520003
        -0.04610000       1.25520003       1.25520003
         0.06900000      -3.67379999      -1.21249998
         0.06900000      -3.67379999       1.21249998
         0.06900000       3.67379999      -1.21249998
         0.06900000       3.67379999       1.21249998
         0.06900000      -1.21249998      -3.67379999
         0.06900000      -1.21249998       3.67379999
         0.06900000       1.21249998      -3.67379999
         0.06900000       1.21249998       3.67379999
         0.18740000      -4.00000000      -4.00000000
         0.18740000      -4.00000000       4.00000000
         0.18740000       4.00000000      -4.00000000
         0.18740000       4.00000000       4.00000000
         0.24720000       6.22499990      -4.06209993
         0.24720000       6.22499990       4.06209993
         0.24720000      -4.06209993       6.22499990
         0.24720000       4.06209993       6.22499990
         1.71120000      -5.03980017       0.00000000
         1.71120000       5.03980017       0.00000000
         1.71120000       0.00000000      -5.03980017
         1.71120000       0.00000000       5.03980017
         1.73500001       0.00000000       0.00000000
         1.73780000      -5.03550005      -5.03550005
         1.73780000      -5.03550005       5.03550005
         1.73780000       5.03550005      -5.03550005
         1.73780000       5.03550005       5.03550005
         1.74670005      -5.04020023      -2.47029996
         1.74670005      -5.04020023       2.47029996
         1.74670005       5.04020023      -2.47029996
         1.74670005       5.04020023       2.47029996
         1.74670005      -2.47029996      -5.04020023
         1.74670005      -2.47029996       5.04020023
         1.74670005       2.47029996      -5.04020023
         1.74670005       2.47029996       5.04020023
         1.77509999      -2.54450035       0.00000000
         1.77509999       2.54450035       0.00000000
         1.77509999       0.00000000      -2.54450035
         1.77509999       0.00000000       2.54450035
         1.78969991      -2.43709993      -2.43709993
         1.78969991      -2.43709993       2.43709993
         1.78969991       2.43709993      -2.43709993
         1.78969991       2.43709993       2.43709993

 DIRECTION SET SEARCH COMPLETE 
 ======================= 
 RFAC10

 CONVERGENCE TOLERANCE ACHIEVED =.001305
 DIMENSIONALITY OF SEARCH=   29
 ISMOTH=    1

 COORDINATES AT MINIMUM;  LSFLAG

 -0.00718500  0.00000000  0.00000000   1
  0.00313055  0.22150351  0.22150351   2
  0.00313055  0.22150351 -0.22150351   2
  0.00313055 -0.22150351  0.22150351   2
  0.00313055 -0.22150351 -0.22150351   2
  0.00395458 -0.05862620  0.00000000   3
  0.00395458  0.05862620  0.00000000   3
  0.00395458  0.00000000 -0.05862620   3
  0.00395458  0.00000000  0.05862620   3
 -0.00166449  0.00000000 -0.04348931   4
 -0.00166449  0.00000000  0.04348931   4
 -0.00166449 -0.04348931  0.00000000   4
 -0.00166449  0.04348931  0.00000000   4
 -0.00086794 -0.05518353 -0.05518353   5
 -0.00086794 -0.05518353  0.05518353   5
 -0.00086794  0.05518353 -0.05518353   5
 -0.00086794  0.05518353  0.05518353   5
  0.02000000 -0.01604106 -0.00452645   6
  0.02000000 -0.01604106  0.00452645   6
  0.02000000  0.01604106 -0.00452645   6
  0.02000000  0.01604106  0.00452645   6
  0.02000000 -0.00452645 -0.01604106   6
  0.02000000 -0.00452645  0.01604106   6
  0.02000000  0.00452645 -0.01604106   6
  0.02000000  0.00452645  0.01604106   6
 -0.06093318  0.23912120  0.23912120   7
 -0.06093318  0.23912120 -0.23912120   7
 -0.06093318 -0.23912120  0.23912120   7
 -0.06093318 -0.23912120 -0.23912120   7
  0.46595871  0.00000000 -0.16574487   8
  0.46595871  0.00000000  0.16574487   8
  0.46595871 -0.16574487  0.00000000   8
  0.46595871  0.16574487  0.00000000   8
  0.01050900 -0.00619584  0.00000000   9
  0.01050900  0.00619584  0.00000000   9
  0.01050900  0.00000000 -0.00619584   9
  0.01050900  0.00000000  0.00619584   9
  0.03397339  0.00000000  0.00000000  10
 -0.00334040 -0.02795297 -0.02795297  11
 -0.00334040 -0.02795297  0.02795297  11
 -0.00334040  0.02795297 -0.02795297  11
 -0.00334040  0.02795297  0.02795297  11
 -0.02423596  0.03075794  0.00421997  12
 -0.02423596  0.03075794 -0.00421997  12
 -0.02423596 -0.03075794  0.00421997  12
 -0.02423596 -0.03075794 -0.00421997  12
 -0.02423596  0.00421997  0.03075794  12
 -0.02423596  0.00421997 -0.03075794  12
 -0.02423596 -0.00421997  0.03075794  12
 -0.02423596 -0.00421997 -0.03075794  12
  0.00198933  0.03695498  0.00000000  13
  0.00198933 -0.03695498  0.00000000  13
  0.00198933  0.00000000  0.03695498  13
  0.00198933  0.00000000 -0.03695498  13
  0.00394735 -0.01221658 -0.01221658  14
  0.00394735 -0.01221658  0.01221658  14
  0.00394735  0.01221658 -0.01221658  14
  0.00394735  0.01221658  0.01221658  14

 NUMBER OF ITERATIONS =  7
 NUMBER OF FUNCTIONAL EVALUATIONS = 1392

 OPTIMUM R-FACTOR = 0.2675
 OPTIMUM VALUE OF INNER POTENTIAL = 8.8186
