 ID: 000 original Parms passed to evaluate.f 
   1 -1.8757  0.0000  0.0000
   1 -1.7941  3.1141  0.0000
   1 -1.8067  3.0047 -3.0047
   1 -0.3861  6.2250  1.2913
   1  0.2472 -4.0621  6.2250
   2 -0.0461  1.2552  1.2552
   2  0.0690  3.6738  1.2125
   2  0.1874 -4.2907  3.7093
   2  1.7112  5.0398  0.0000
   2  1.7350  0.0000  0.0000
   2  1.7378  5.0355  5.0355
   2  1.7467  2.4703  5.0402
   2  1.7751  2.5445  0.0000
   2  1.7897  2.4371  2.4371
 ID: 000 Parms passed to tleed codes:    (may be changed by VALUATE)
   1 -1.8757  0.0000  0.0000
   1 -1.8067  3.0047  3.0047
   1 -1.7941  3.1141  0.0000
   1 -0.3861  6.2250  1.2913
   2 -0.0461  1.2552  1.2552
   2  0.0690  3.6738  1.2125
   2  0.1874  4.0000  4.0000
   1  0.2472  6.2250  4.0621
   2  1.7112  5.0398  0.0000
   2  1.7350  0.0000  0.0000
   2  1.7378  5.0355  5.0355
   2  1.7467  5.0402  2.4703
   2  1.7751  2.5445  0.0000
   2  1.7897  2.4371  2.4371
 parm difference:
   0  0.0000  0.0000  0.0000
   0 -0.0126  0.0000  3.0047
   0  0.0126  0.0000  3.0047
   0  0.0000  0.0000  0.0000
   1 -0.2933  0.0000 -4.9698
   0  0.1151  0.0000 -0.0427
   0  0.1184  0.0000  2.7875
  -1  0.0598  0.0000  0.3528
   0  0.0000  0.0000  0.0000
   0  0.0000  0.0000  0.0000
   0  0.0000  0.0000  0.0000
   0 -0.0000  0.0000 -2.5699
   0  0.0000  0.0000  0.0000
   0  0.0000  0.0000  0.0000
 000 Calling tleed1: 000
 000:000...returned tleed1 : Calling tleed2...
 000:000 ...Returned tleed2 fitval=  0.267454922    
