#TitleText:Ni(001)-(5x5)-Li     Beam (3/5,2/5)            Rfac10=       0.7570
 #"IV exp
   40.2500000       3386.09180    
   40.5000000       2995.86353    
   40.7500000       2632.94800    
   41.0000000       2311.00098    
   41.2500000       2040.66528    
   41.5000000       1820.53113    
   41.7500000       1646.17566    
   42.0000000       1513.17578    
   42.2500000       1416.56885    
   42.5000000       1349.23267    
   42.7500000       1303.50562    
   43.0000000       1271.72583    
   43.2500000       1247.75513    
   43.5000000       1231.54956    
   43.7500000       1224.58838    
   44.0000000       1228.35083    
   44.2500000       1243.44653    
   44.5000000       1267.00525    
   44.7500000       1295.28687    
   45.0000000       1324.55078    
   45.2500000       1350.90222    
   45.5000000       1369.82495    
   45.7500000       1376.64819    
   46.0000000       1366.70093    
   46.2500000       1338.94873    
   46.5000000       1306.90320    
   46.7500000       1287.71289    
   47.0000000       1298.52588    
   47.2500000       1356.53101    
   47.5000000       1479.07983    
   47.7500000       1683.56396    
   48.0000000       1987.37573    
   48.2500000       2402.51758    
   48.5000000       2919.43555    
   48.7500000       3523.18652    
   49.0000000       4198.82617    
   49.2500000       4937.54199    
   49.5000000       5755.04199    
   49.7500000       6673.16504    
   50.0000000       7713.75098    
   50.2500000       8894.86133    
   50.5000000       10219.4629    
   50.7500000       11686.7451    
   51.0000000       13295.9004    
   51.2500000       15039.0195    
   51.5000000       16879.8125    
   51.7500000       18774.8848    
   52.0000000       20680.8516    
   52.2500000       22562.9375    
   52.5000000       24420.8320    
   52.7500000       26262.8496    
   53.0000000       28097.3008    
   53.2500000       29928.6309    
   53.5000000       31745.8555    
   53.7500000       33534.1211    
   54.0000000       35278.5781    
   54.2500000       36961.4492    
   54.5000000       38553.2461    
   54.7500000       40021.5547    
   55.0000000       41333.9531    
   55.2500000       42461.1484    
   55.5000000       43386.3281    
   55.7500000       44095.7969    
   56.0000000       44575.8750    
   56.2500000       44813.0195    
   56.5000000       44794.3477    
   56.7500000       44507.1250    
   57.0000000       43938.6250    
   57.2500000       43082.3008    
   57.5000000       41956.3711    
   57.7500000       40585.2148    
   58.0000000       38993.2266    
   58.2500000       37210.1328    
   58.5000000       35286.9922    
   58.7500000       33280.1758    
   59.0000000       31246.0762    
   59.2500000       29236.1289    
   59.5000000       27282.0273    
   59.7500000       25410.5098    
   60.0000000       23648.3281    
   60.2500000       22014.0918    
   60.5000000       20493.8750    
   60.7500000       19065.6172    
   61.0000000       17707.2520    
   61.2500000       16398.3105    
   61.5000000       15124.6855    
   61.7500000       13873.8633    
   62.0000000       12633.3262    
   62.2500000       11398.4473    
   62.5000000       10196.1504    
   62.7500000       9061.24805    
   63.0000000       8028.55078    
   63.2500000       7125.53613    
   63.5000000       6350.33398    
   63.7500000       5693.74023    
   64.0000000       5146.55078    
   64.2500000       4694.22314    
   64.5000000       4300.86084    
   64.7500000       3925.23120    
   65.0000000       3526.10083    
   65.2500000       3076.35254    
   65.5000000       2605.33472    
   65.7500000       2156.51270    
   66.0000000       1773.35083    
   66.2500000       1492.23901    
   66.5000000       1321.26465    
   66.7500000       1261.43945    
   67.0000000       1313.77588    
   67.2500000       1471.10938    
   67.5000000       1693.57129    
   67.7500000       1933.11682    
   68.0000000       2141.70068    
   68.2500000       2282.58301    
   68.5000000       2364.24219    
   68.7500000       2406.46216    
   69.0000000       2429.02588    
   69.2500000       2446.93359    
   69.5000000       2456.04883    
   69.7500000       2447.45264    
   70.0000000       2412.22583    
   70.2500000       2344.07031    
   70.5000000       2247.17676    
   70.7500000       2128.35767    
   71.0000000       1994.42578    
   71.2500000       1854.76587    
   71.5000000       1729.05225    
   71.7500000       1639.53174    
   72.0000000       1608.45093    
   72.2500000       1652.39734    
   72.5000000       1765.32227    
   72.7500000       1935.51782    
   73.0000000       2151.27588    
   73.2500000       2399.66602    
   73.5000000       2662.86694    
   73.7500000       2921.83496    
   74.0000000       3157.52588    
   74.2500000       3355.66260    
   74.5000000       3521.03394    
   74.7500000       3663.19482    
   75.0000000       3791.70093    
   75.2500000       3916.43872    
   75.5000000       4048.61865    
   75.7500000       4199.78320    
   76.0000000       4381.47559    
   76.2500000       4595.71729    
   76.5000000       4806.45020    
   76.7500000       4968.09570    
   77.0000000       5035.07617    
   77.2500000       4972.34473    
   77.5000000       4786.98340    
   77.7500000       4496.60645    
   78.0000000       4118.82617    
   78.2500000       3671.22900    
   78.5000000       3171.28979    
   78.7500000       2636.45654    

