#TitleText:Ni(001)-(5x5)-Li     Beam (2/5,1/5)            Rfac10=       1.0409
 #"IV exp
   40.2500000       39.8641853    
   40.5000000       33.3170128    
   40.7500000       27.4410706    
   41.0000000       22.5719681    
   41.2500000       18.9616604    
   41.5000000       16.5274563    
   41.7500000       15.1030083    
   42.0000000       14.5219688    
   42.2500000       14.6045818    
   42.5000000       15.1174726    
   42.7500000       15.8138618    
   43.0000000       16.4469681    
   43.2500000       16.8237000    
   43.5000000       16.9657135    
   43.7500000       16.9483566    
   44.0000000       16.8469696    
   44.2500000       16.7390690    
   44.5000000       16.7108555    
   44.7500000       16.8506985    
   45.0000000       17.2469673    
   45.2500000       17.9889431    
   45.5000000       19.1695480    
   45.7500000       20.8826103    
   46.0000000       23.2219696    
   46.2500000       26.2787628    
   46.5000000       30.1333923    
   46.7500000       34.8635597    
   47.0000000       40.5469704    
   47.2500000       47.2141457    
   47.5000000       54.7068253    
   47.7500000       62.8195801    
   48.0000000       71.3469696    
   48.2500000       80.1031265    
   48.5000000       88.9804916    
   48.7500000       97.8910980    
   49.0000000       106.746964    
   49.2500000       115.464539    
   49.5000000       123.978004    
   49.7500000       132.225937    
   50.0000000       140.146957    
   50.2500000       147.673218    
   50.5000000       154.711151    
   50.7500000       161.160736    
   51.0000000       166.921982    
   51.2500000       171.921249    
   51.5000000       176.190475    
   51.7500000       179.787964    
   52.0000000       182.771973    
   52.2500000       185.202515    
   52.5000000       187.146271    
   52.7500000       188.671631    
   53.0000000       189.846970    
   53.2500000       190.725128    
   53.5000000       191.296860    
   53.7500000       191.537384    
   54.0000000       191.421967    
   54.2500000       190.949097    
   54.5000000       190.210602    
   54.7500000       189.321533    
   55.0000000       188.396973    
   55.2500000       187.536423    
   55.5000000       186.776932    
   55.7500000       186.139954    
   56.0000000       185.646973    
   56.2500000       185.274551    
   56.5000000       184.819763    
   56.7500000       184.034836    
   57.0000000       182.671967    
   57.2500000       180.531967    
   57.5000000       177.610199    
   57.7500000       173.950546    
   58.0000000       169.596970    
   58.2500000       164.625839    
   58.5000000       159.243164    
   58.7500000       153.687408    
   59.0000000       148.196976    
   59.2500000       142.962906    
   59.5000000       137.986465    
   59.7500000       133.221542    
   60.0000000       128.621964    
   60.2500000       124.143471    
   60.5000000       119.749046    
   60.7500000       115.403595    
   61.0000000       111.071968    
   61.2500000       106.754440    
   61.5000000       102.592903    
   61.7500000       98.7646484    
   62.0000000       95.4469757    
   62.2500000       92.7698212    
   62.5000000       90.6736755    
   62.7500000       89.0516815    
   63.0000000       87.7969742    
   63.2500000       86.8145370    
   63.5000000       86.0567474    
   63.7500000       85.4878159    
   64.0000000       85.0719681    
   64.2500000       84.7800293    
   64.5000000       84.6092911    
   64.7500000       84.5636444    
   65.0000000       84.6469727    
   65.2500000       84.8459778    
   65.5000000       85.0785294    
   65.7500000       85.2452927    
   66.0000000       85.2469711    
   66.2500000       85.0108795    
   66.5000000       84.5709457    
   66.7500000       83.9877777    
   67.0000000       83.3219681    
   67.2500000       82.6001663    
   67.5000000       81.7132645    
   67.7500000       80.5182190    
   68.0000000       78.8719711    
   68.2500000       76.6452789    
   68.5000000       73.7640610    
   68.7500000       70.1680450    
   69.0000000       65.7969666    
   69.2500000       60.6642303    
   69.5000000       55.0779457    
   69.7500000       49.4199219    
   70.0000000       44.0719681    
   70.2500000       39.3561974    
   70.5000000       35.3559837    
   70.7500000       32.0950127    
   71.0000000       29.5969696    
   71.2500000       27.8459167    
   71.5000000       26.6674347    
   71.7500000       25.8474674    
   72.0000000       25.1719704    
   72.2500000       24.4911613    
   72.5000000       23.9123440    
   72.7500000       23.6070900    
   73.0000000       23.7469692    
   73.2500000       24.4907837    
   73.5000000       25.9462585    
   73.7500000       28.2083359    
   74.0000000       31.3719711    
   74.2500000       35.5200958    
   74.5000000       40.6875725    
   74.7500000       46.8972473    
   75.0000000       54.1719704    
   75.2500000       62.5028496    
   75.5000000       71.7540283    
   75.7500000       81.7579346    
   76.0000000       92.3469696    
   76.2500000       103.348770    
   76.5000000       114.571877    
   76.7500000       125.820030    
   77.0000000       136.896973    
   77.2500000       147.617874    
   77.5000000       157.843414    
   77.7500000       167.445740    
   78.0000000       176.296967    
   78.2500000       184.260025    
   78.5000000       191.161270    
   78.7500000       196.817856    
   79.0000000       201.046967    
   79.2500000       203.718338    
   79.5000000       204.912033    
   79.7500000       204.760712    
   80.0000000       203.396973    
   80.2500000       200.933578    
   80.5000000       197.403656    
   80.7500000       192.820374    
   81.0000000       187.196976    
   81.2500000       180.570190    
   81.5000000       173.070862    
   81.7500000       164.853333    
   82.0000000       156.071976    
   82.2500000       146.940933    
   82.5000000       137.913498    
   82.7500000       129.502808    
   83.0000000       122.221970    
   83.2500000       116.500298    
   83.5000000       112.431976    
   83.7500000       110.027397    
   84.0000000       109.296967    
   84.2500000       110.254150    
   84.5000000       112.924789    
   84.7500000       117.337769    
   85.0000000       123.521973    
   85.2500000       131.509811    
   85.5000000       141.347565    
   85.7500000       153.085037    
   86.0000000       166.771973    
   86.2500000       182.395081    
   86.5000000       199.688629    
   86.7500000       218.323868    
   87.0000000       237.971970    
   87.2500000       258.337036    
   87.5000000       279.254669    
   87.7500000       300.593475    
   88.0000000       322.221954    
   88.2500000       344.021423    
   88.5000000       365.924377    
   88.7500000       387.876099    
   89.0000000       409.821930    
   89.2500000       431.703949    
   89.5000000       453.451385    
   89.7500000       474.990387    
   90.0000000       496.246979    
   90.2500000       517.131287    
   90.5000000       537.489319    
   90.7500000       557.151184    
   91.0000000       575.946960    
   91.2500000       593.718140    
   91.5000000       610.351440    
   91.7500000       625.745056    
   92.0000000       639.796997    
   92.2500000       652.409363    
   92.5000000       663.499390    
   92.7500000       672.988220    
   93.0000000       680.796997    
   93.2500000       686.825317    
   93.5000000       690.886169    
   93.7500000       692.771179    
   94.0000000       692.271973    
   94.2500000       689.223877    
   94.5000000       683.637878    
   94.7500000       675.568970    
   95.0000000       665.071960    
   95.2500000       652.225159    
   95.5000000       637.200317    
   95.7500000       620.192505    
   96.0000000       601.397034    
   96.2500000       581.029724    
   96.5000000       559.389709    
   96.7500000       536.797119    
   97.0000000       513.571960    
   97.2500000       490.007324    
   97.5000000       466.288513    
   97.7500000       442.573883    
   98.0000000       419.021942    
   98.2500000       395.792358    
   98.5000000       373.050507    
   98.7500000       350.963104    
   99.0000000       329.696930    
   99.2500000       309.445862    
   99.5000000       290.512939    
   99.7500000       273.228210    
   100.000000       257.921967    
   100.250000       244.850266    
   100.500000       233.973206    
   100.750000       225.176773    
   101.000000       218.346970    
   101.250000       213.334396    
   101.500000       209.847916    
   101.750000       207.560974    
   102.000000       206.146973    
   102.250000       205.296677    
   102.500000       204.770035    
   102.750000       204.344376    
   103.000000       203.796982    
   103.250000       202.952179    
   103.500000       201.822510    
   103.750000       200.467590    
   104.000000       198.946976    
   104.250000       197.314804    
   104.500000       195.603043    
   104.750000       193.838257    

