#TitleText:Ni(001)-(5x5)-Li     Beam (1,1)                Rfac10=       0.4531
 #"IV theory
   86.2500000       3902.65698    
   86.5000000       3954.38550    
   86.7500000       4015.10400    
   87.0000000       4084.98242    
   87.2500000       4163.94434    
   87.5000000       4250.92529    
   87.7500000       4344.61719    
   88.0000000       4443.70898    
   88.2500000       4546.76807    
   88.5000000       4651.86816    
   88.7500000       4756.95898    
   89.0000000       4859.99170    
   89.2500000       4958.91602    
   89.5000000       5051.68311    
   89.7500000       5136.24268    
   90.0000000       5210.54395    
   90.2500000       5272.66943    
   90.5000000       5321.22363    
   90.7500000       5354.94434    
   91.0000000       5372.56592    
   91.2500000       5373.08789    
   91.5000000       5356.55518    
   91.7500000       5323.27637    
   92.0000000       5273.55957    
   92.2500000       5207.84229    
   92.5000000       5127.08838    
   92.7500000       5032.39258    
   93.0000000       4924.84717    
   93.2500000       4805.54639    
   93.5000000       4675.58398    
   93.7500000       4536.05420    
   94.0000000       4388.05078    
   94.2500000       4232.66650    
   94.5000000       4070.99463    
   94.7500000       3904.12769    
   95.0000000       3733.15674    
   95.2500000       3559.17432    
   95.5000000       3383.27002    
   95.7500000       3206.53247    
   96.0000000       3030.05103    
   96.2500000       2854.91455    
   96.5000000       2682.21045    
   96.7500000       2513.02686    
   97.0000000       2348.45068    
   97.2500000       2189.56934    
   97.5000000       2037.47095    
   97.7500000       1893.24243    
   98.0000000       1757.97168    
   98.2500000       1632.66235    
   98.5000000       1517.98303    
   98.7500000       1414.51929    
   99.0000000       1322.85632    
   99.2500000       1243.41162    
   99.5000000       1175.93347    
   99.7500000       1120.00232    
   100.000000       1075.19885    
   100.250000       1041.02002    
   100.500000       1016.62781    
   100.750000       1001.10052    
   101.000000       993.516357    
   101.250000       992.953796    
   101.500000       998.491089    
   101.750000       1009.20660    
   102.000000       1024.17859    
   102.250000       1042.52551    
   102.500000       1063.52698    
   102.750000       1086.50256    
   103.000000       1110.77197    
   103.250000       1135.73511    
   103.500000       1161.11401    
   103.750000       1186.71118    
   104.000000       1212.32861    
   104.250000       1237.80920    
   104.500000       1263.15613    
   104.750000       1288.41321    
   105.000000       1313.62427    
   105.250000       1338.83252    
   105.500000       1364.08203    
   105.750000       1389.41663    
   106.000000       1414.87952    
   106.250000       1440.51282    
   106.500000       1466.35095    
   106.750000       1492.42627    
   107.000000       1518.77161    
   107.250000       1545.41577    
   107.500000       1572.37256    
   107.750000       1599.65295    
   108.000000       1627.26624    
   108.250000       1655.22217    
   108.500000       1683.52075    
   108.750000       1712.16162    
   109.000000       1741.14404    
   109.250000       1770.46753    
   109.500000       1800.13086    
   109.750000       1830.13342    
   110.000000       1860.47412    
   110.250000       1891.15698    
   110.500000       1922.20239    
   110.750000       1953.63477    
   111.000000       1985.47888    
   111.250000       2017.76831    
   111.500000       2050.57007    
   111.750000       2083.96021    
   112.000000       2118.01367    
   112.250000       2152.81128    
   112.500000       2188.44946    
   112.750000       2225.02979    
   113.000000       2262.65356    
   113.250000       2301.42212    
   113.500000       2341.43652    
   113.750000       2382.79785    
   114.000000       2425.60742    
   114.250000       2469.98608    
   114.500000       2516.13403    
   114.750000       2564.27075    
   115.000000       2614.61523    
   115.250000       2667.42749    
   115.500000       2723.12256    
   115.750000       2782.15747    
   116.000000       2844.98853    
   116.250000       2912.09082    
   116.500000       2984.01953    
   116.750000       3061.34863    
   117.000000       3144.65259    
   117.250000       3234.50562    
   117.500000       3331.48242    
   117.750000       3436.15649    
   118.000000       3549.10278    
   118.250000       3670.92944    
   118.500000       3802.37842    
   118.750000       3944.22754    
   119.000000       4097.25244    
   119.250000       4262.29785    
   119.500000       4440.47705    
   119.750000       4632.97119    
   120.000000       4840.96191    
   120.250000       5065.66309    
   120.500000       5308.42627    
   120.750000       5570.63232    
   121.000000       5853.66650    
   121.250000       6158.91211    
   121.500000       6487.75146    
   121.750000       6841.56934    
   122.000000       7221.74902    
   122.250000       7629.35889    
   122.500000       8064.21387    
   122.750000       8525.81543    
   123.000000       9013.66309    
   123.250000       9526.62793    
   123.500000       10061.0752    
   123.750000       10612.7393    
   124.000000       11177.3525    
   124.250000       11750.3369    
   124.500000       12325.8574    
   124.750000       12897.7646    
   125.000000       13459.9121    
   125.250000       14006.1504    
   125.500000       14530.3311    
   125.750000       15026.3057    
   126.000000       15487.9258    
   126.250000       15909.4883    
   126.500000       16287.0781    
   126.750000       16617.2168    
   127.000000       16896.4355    
   127.250000       17122.1543    
   127.500000       17295.3594    
   127.750000       17417.9297    
   128.000000       17491.7461    
   128.250000       17519.1328    
   128.500000       17504.2031    
   128.750000       17451.5000    
   129.000000       17365.5938    
   129.250000       17251.0332    
   129.500000       17112.3730    
   129.750000       16954.1699    
   130.000000       16780.9805    
   130.250000       16597.1582    
   130.500000       16406.2656    
   130.750000       16211.6641    
   131.000000       16016.7158    
   131.250000       15824.3848    
   131.500000       15636.0430    
   131.750000       15452.6660    
   132.000000       15275.2295    
   132.250000       15104.5107    
   132.500000       14940.4854    
   132.750000       14782.9395    
   133.000000       14631.6523    
   133.250000       14486.4063    
   133.500000       14346.9824    
   133.750000       14213.1602    
   134.000000       14084.7236    
   134.250000       13961.4521    
   134.500000       13843.1201    
   134.750000       13729.4971    
   135.000000       13620.3545    
   135.250000       13515.4629    
   135.500000       13414.5771    
   135.750000       13317.4473    
   136.000000       13223.8271    
   136.250000       13133.4648    
   136.500000       13046.1074    
   136.750000       12961.4961    
   137.000000       12879.3730    
   137.250000       12799.4795    
   137.500000       12721.5576    
   137.750000       12645.3506    
   138.000000       12570.6016    
   138.250000       12497.0576    
   138.500000       12424.4902    
   138.750000       12352.6826    
   139.000000       12281.4150    
   139.250000       12210.4766    
   139.500000       12139.7119    
   139.750000       12068.9746    
   140.000000       11998.1211    
   140.250000       11927.0127    
   140.500000       11855.5342    
   140.750000       11783.5811    
   141.000000       11711.0430    
   141.250000       11637.8135    
   141.500000       11563.7871    
   141.750000       11488.8535    
   142.000000       11412.9063    
   142.250000       11335.8438    
   142.500000       11257.5820    
   142.750000       11178.0410    
   143.000000       11097.1426    
   143.250000       11014.8174    
   143.500000       10931.0313    
   143.750000       10845.7656    
   144.000000       10758.9951    
   144.250000       10670.7031    
   144.500000       10580.8896    
   144.750000       10489.5625    
   145.000000       10396.7246    
   145.250000       10302.3857    
   145.500000       10206.5488    
   145.750000       10109.2197    
   146.000000       10010.4072    
   146.250000       9910.12402    
   146.500000       9808.41699    
   146.750000       9705.33984    
   147.000000       9600.95117    
   147.250000       9495.32324    
   147.500000       9388.59277    
   147.750000       9280.91211    
   148.000000       9172.44043    
   148.250000       9063.33789    
   148.500000       8953.80469    
   148.750000       8844.03906    
   149.000000       8734.25098    
   149.250000       8624.64258    
   149.500000       8515.41699    
   149.750000       8406.78223    
   150.000000       8298.94043    
   150.250000       8192.09082    
   150.500000       8086.41699    
   150.750000       7982.09424    
   151.000000       7879.29883    
   151.250000       7778.19873    
   151.500000       7678.92529    
   151.750000       7581.59912    
   152.000000       7486.34229    
   152.250000       7393.27100    
   152.500000       7302.48291    
   152.750000       7214.07373    
   153.000000       7128.13477    
   153.250000       7044.76123    
   153.500000       6964.04541    
   153.750000       6886.08252    
   154.000000       6810.96582    
   154.250000       6738.84229    
   154.500000       6670.07568    
   154.750000       6605.08203    
   155.000000       6544.27881    
   155.250000       6488.19043    
   155.500000       6437.77393    
   155.750000       6394.09082    
   156.000000       6358.20557    
   156.250000       6331.23584    
   156.500000       6314.51367    
   156.750000       6309.42676    
   157.000000       6317.36133    
   157.250000       6339.70508    
   157.500000       6377.84326    
   157.750000       6433.16309    
   158.000000       6507.05273    
   158.250000       6600.66797    
   158.500000       6714.25293    
   158.750000       6847.82031    
   159.000000       7001.38330    
   159.250000       7174.49902    
   159.500000       7364.89014    
   159.750000       7569.82520    
   160.000000       7786.57178    
   160.250000       8012.16699    
   160.500000       8242.73340    
   160.750000       8474.16406    
   161.000000       8702.35547    
   161.250000       8923.19922    
   161.500000       9132.58789    
   161.750000       9326.41895    
   162.000000       9500.58301    
   162.250000       9651.22168    
   162.500000       9775.45801    
   162.750000       9870.66113    
   163.000000       9934.20215    
   163.250000       9963.94141    
   163.500000       9959.70801    
   163.750000       9921.82520    
   164.000000       9850.61621    
   164.250000       9746.64551    
   164.500000       9611.46484    
   164.750000       9446.87402    
   165.000000       9254.66992    
   165.250000       9036.64941    
   165.500000       8794.61035    
   165.750000       8530.35254    
   166.000000       8245.66895    
   166.250000       7942.39990    
   166.500000       7622.52979    
   166.750000       7288.08594    
   167.000000       6941.09229    
   167.250000       6583.65039    
   167.500000       6218.16553    
   167.750000       5847.11914    
   168.000000       5472.99121    
   168.250000       5098.30127    
   168.500000       4725.71875    
   168.750000       4357.95313    
   169.000000       3997.71411    
   169.250000       3647.70874    
   169.500000       3310.64600    
   169.750000       2989.23486    
   170.000000       2686.18359    
   170.250000       2404.02051    
   170.500000       2144.55103    
   170.750000       1909.40027    
   171.000000       1700.19373    
   171.250000       1518.19507    
   171.500000       1363.22314    
   171.750000       1234.73669    
   172.000000       1132.19336    
   172.250000       1054.87048    
   172.500000       1001.32336    
   172.750000       969.926514    
   173.000000       959.054321    
   173.250000       967.081482    
   173.500000       992.382324    
   173.750000       1033.33167    
   174.000000       1088.30359    
   174.250000       1155.74036    
   174.500000       1234.35425    
   174.750000       1322.92456    
   175.000000       1420.23120    
   175.250000       1525.18884    
   175.500000       1637.25220    
   175.750000       1756.01111    
   176.000000       1881.05579    
   176.250000       2012.04346    
   176.500000       2148.90161    
   176.750000       2291.62500    
   177.000000       2440.20898    
   177.250000       2594.64917    
   177.500000       2754.93921    
   177.750000       2921.07471    
   178.000000       3093.05078    
   178.250000       3270.85669    
   178.500000       3454.45557    
   178.750000       3643.80566    
   179.000000       3838.86499    
   179.250000       4039.57788    
   179.500000       4245.84082    
   179.750000       4457.53662    
   180.000000       4674.54883    
   180.250000       4896.75342    
   180.500000       5124.00391    
   180.750000       5356.14453    
   181.000000       5593.02246    
   181.250000       5834.48291    
   181.500000       6080.37207    
   181.750000       6330.53516    
   182.000000       6584.81982    
   182.250000       6843.07520    
   182.500000       7105.17090    
   182.750000       7370.98145    
   183.000000       7640.38135    
   183.250000       7913.25488    
   183.500000       8189.52197    
   183.750000       8469.11523    
   184.000000       8751.96484    
   184.250000       9038.00781    
   184.500000       9327.19824    
   184.750000       9619.49414    
   185.000000       9914.85840    
   185.250000       10213.2480    
   185.500000       10514.6230    
   185.750000       10818.9424    
   186.000000       11126.1670    
   186.250000       11436.2666    
   186.500000       11749.2666    
   186.750000       12065.1953    
   187.000000       12384.0889    
   187.250000       12706.0049    
   187.500000       13031.0986    
   187.750000       13359.5527    
   188.000000       13691.5469    
   188.250000       14027.2754    
   188.500000       14366.9805    
   188.750000       14710.9170    
   189.000000       15059.3389    
   189.250000       15412.5020    
   189.500000       15770.6602    
   189.750000       16134.0693    
   190.000000       16502.9844    
   190.250000       16877.6426    
   190.500000       17258.2090    
   190.750000       17644.8340    
   191.000000       18037.6719    
   191.250000       18436.8262    
   191.500000       18842.2793    
   191.750000       19253.9668    
   192.000000       19671.8262    
   192.250000       20095.7773    
   192.500000       20525.6738    
   192.750000       20961.3457    
   193.000000       21402.6250    
   193.250000       21849.3438    
   193.500000       22301.3379    
   193.750000       22758.4375    
   194.000000       23220.4785    
   194.250000       23687.4414    
   194.500000       24159.8926    
   194.750000       24638.5605    
   195.000000       25124.1602    
   195.250000       25617.7109    
   195.500000       26121.4102    
   195.750000       26637.7559    
   196.000000       27169.2500    
   196.250000       27718.5352    
   196.500000       28288.8418    
   196.750000       28883.5586    
   197.000000       29506.0547    
   197.250000       30159.7246    
   197.500000       30847.9551    
   197.750000       31574.1504    
   198.000000       32341.6953    
   198.250000       33153.6953    
   198.500000       34012.0273    
   198.750000       34918.2852    
   199.000000       35874.0391    
   199.250000       36880.3281    
   199.500000       37935.9883    
   199.750000       39039.3047    

