#TitleText:Ni(001)-(5x5)-Li     Beam (4/5,4/5)            Rfac10=       1.2491
 #"IV theory
   72.2500000       186501360.    
   72.5000000       176856768.    
   72.7500000       167547744.    
   73.0000000       158577440.    
   73.2500000       149948848.    
   73.5000000       141665056.    
   73.7500000       133729104.    
   74.0000000       126144096.    
   74.2500000       118912592.    
   74.5000000       112035200.    
   74.7500000       105512008.    
   75.0000000       99343120.0    
   75.2500000       93527640.0    
   75.5000000       88060752.0    
   75.7500000       82936632.0    
   76.0000000       78149416.0    
   76.2500000       73692816.0    
   76.5000000       69558520.0    
   76.7500000       65737756.0    
   77.0000000       62221712.0    
   77.2500000       59001600.0    
   77.5000000       56068636.0    
   77.7500000       53414032.0    
   78.0000000       51028976.0    
   78.2500000       48904696.0    
   78.5000000       47032416.0    
   78.7500000       45403352.0    
   79.0000000       44008732.0    
   79.2500000       42839792.0    
   79.5000000       41887784.0    
   79.7500000       41143968.0    
   80.0000000       40599600.0    
   80.2500000       40245952.0    
   80.5000000       40074292.0    
   80.7500000       40075904.0    
   81.0000000       40242056.0    
   81.2500000       40564036.0    
   81.5000000       41033112.0    
   81.7500000       41640568.0    
   82.0000000       42377680.0    
   82.2500000       43235892.0    
   82.5000000       44207336.0    
   82.7500000       45284320.0    
   83.0000000       46459144.0    
   83.2500000       47724448.0    
   83.5000000       49074244.0    
   83.7500000       50502884.0    
   84.0000000       52004716.0    
   84.2500000       53574268.0    
   84.5000000       55206744.0    
   84.7500000       56897520.0    
   85.0000000       58641960.0    
   85.2500000       60435456.0    
   85.5000000       62273384.0    
   85.7500000       64151108.0    
   86.0000000       66064016.0    
   86.2500000       68007600.0    
   86.5000000       69977872.0    
   86.7500000       71970984.0    
   87.0000000       73983048.0    
   87.2500000       76010464.0    
   87.5000000       78050632.0    
   87.7500000       80101232.0    
   88.0000000       82159904.0    
   88.2500000       84224440.0    
   88.5000000       86293120.0    
   88.7500000       88364352.0    
   89.0000000       90436592.0    
   89.2500000       92508240.0    
   89.5000000       94577704.0    
   89.7500000       96643408.0    
   90.0000000       98703776.0    
   90.2500000       100757304.    
   90.5000000       102802784.    
   90.7500000       104839088.    
   91.0000000       106865096.    
   91.2500000       108879848.    
   91.5000000       110882960.    
   91.7500000       112874208.    
   92.0000000       114853416.    
   92.2500000       116820424.    
   92.5000000       118775416.    
   92.7500000       120718616.    
   93.0000000       122650288.    
   93.2500000       124570680.    
   93.5000000       126479992.    
   93.7500000       128378520.    
   94.0000000       130266488.    
   94.2500000       132144176.    
   94.5000000       134012064.    
   94.7500000       135870592.    
   95.0000000       137720352.    
   95.2500000       139561824.    
   95.5000000       141396000.    
   95.7500000       143223824.    
   96.0000000       145046352.    
   96.2500000       146864576.    
   96.5000000       148679744.    
   96.7500000       150493120.    
   97.0000000       152305904.    
   97.2500000       154119392.    
   97.5000000       155934832.    
   97.7500000       157753504.    
   98.0000000       159576576.    
   98.2500000       161405440.    
   98.5000000       163241296.    
   98.7500000       165085552.    
   99.0000000       166939472.    
   99.2500000       168804448.    
   99.5000000       170681904.    
   99.7500000       172573312.    
   100.000000       174480144.    
   100.250000       176403904.    
   100.500000       178346080.    
   100.750000       180308256.    
   101.000000       182291968.    
   101.250000       184298736.    
   101.500000       186330096.    
   101.750000       188387664.    
   102.000000       190472896.    
   102.250000       192587344.    
   102.500000       194732496.    
   102.750000       196909824.    
   103.000000       199120832.    
   103.250000       201366912.    
   103.500000       203649456.    
   103.750000       205969776.    
   104.000000       208329200.    
   104.250000       210729040.    
   104.500000       213170592.    
   104.750000       215655088.    
   105.000000       218183776.    
   105.250000       220757936.    
   105.500000       223378848.    
   105.750000       226047760.    
   106.000000       228765856.    
   106.250000       231534400.    
   106.500000       234354384.    
   106.750000       237226736.    
   107.000000       240152448.    
   107.250000       243132336.    
   107.500000       246166816.    
   107.750000       249256208.    
   108.000000       252400832.    
   108.250000       255600976.    
   108.500000       258856688.    
   108.750000       262167952.    
   109.000000       265534832.    
   109.250000       268957280.    
   109.500000       272435360.    
   109.750000       275969024.    
   110.000000       279558304.    
   110.250000       283203200.    
   110.500000       286903392.    
   110.750000       290658528.    
   111.000000       294468352.    
   111.250000       298332320.    
   111.500000       302249664.    
   111.750000       306219296.    

