#TitleText:Ni(001)-(5x5)-Li     Beam (3/5,3/5)            Rfac10=       0.7923
 #"IV theory
   66.2500000       269982048.    
   66.5000000       267045264.    
   66.7500000       263792512.    
   67.0000000       260230720.    
   67.2500000       256367664.    
   67.5000000       252215040.    
   67.7500000       247785504.    
   68.0000000       243091584.    
   68.2500000       238146496.    
   68.5000000       232965184.    
   68.7500000       227563184.    
   69.0000000       221956016.    
   69.2500000       216159168.    
   69.5000000       210188144.    
   69.7500000       204058448.    
   70.0000000       197785600.    
   70.2500000       191385184.    
   70.5000000       184873184.    
   70.7500000       178265680.    
   71.0000000       171578736.    
   71.2500000       164828656.    
   71.5000000       158032448.    
   71.7500000       151207376.    
   72.0000000       144370624.    
   72.2500000       137539568.    
   72.5000000       130731840.    
   72.7500000       123965304.    
   73.0000000       117257744.    
   73.2500000       110626952.    
   73.5000000       104090752.    
   73.7500000       97666912.0    
   74.0000000       91373264.0    
   74.2500000       85227296.0    
   74.5000000       79245336.0    
   74.7500000       73443392.0    
   75.0000000       67837488.0    
   75.2500000       62443016.0    
   75.5000000       57273040.0    
   75.7500000       52339988.0    
   76.0000000       47656304.0    
   76.2500000       43234132.0    
   76.5000000       39084412.0    
   76.7500000       35217812.0    
   77.0000000       31644974.0    
   77.2500000       28376558.0    
   77.5000000       25423218.0    
   77.7500000       22795600.0    
   78.0000000       20504364.0    
   78.2500000       18559720.0    
   78.5000000       16970116.0    
   78.7500000       15743563.0    
   79.0000000       14888070.0    
   79.2500000       14410762.0    
   79.5000000       14315241.0    
   79.7500000       14604230.0    
   80.0000000       15280443.0    
   80.2500000       16346164.0    
   80.5000000       17801906.0    
   80.7500000       19647748.0    
   81.0000000       21883762.0    
   81.2500000       24510026.0    
   81.5000000       27526614.0    
   81.7500000       30933600.0    
   82.0000000       34731064.0    
   82.2500000       38918740.0    
   82.5000000       43495048.0    
   82.7500000       48458080.0    
   83.0000000       53805900.0    
   83.2500000       59535944.0    
   83.5000000       65642952.0    
   83.7500000       72121048.0    
   84.0000000       78964296.0    
   84.2500000       86166480.0    
   84.5000000       93720024.0    
   84.7500000       101617048.    
   85.0000000       109849624.    
   85.2500000       118409888.    
   85.5000000       127289920.    
   85.7500000       136481840.    
   86.0000000       145977728.    
   86.2500000       155769600.    
   86.5000000       165848864.    
   86.7500000       176206848.    
   87.0000000       186834928.    
   87.2500000       197724096.    
   87.5000000       208864384.    
   87.7500000       220245584.    
   88.0000000       231857440.    
   88.2500000       243689600.    
   88.5000000       255731152.    
   88.7500000       267971104.    
   89.0000000       280398400.    
   89.2500000       293002080.    
   89.5000000       305771072.    
   89.7500000       318694368.    
   90.0000000       331760960.    
   90.2500000       344959904.    
   90.5000000       358280480.    
   90.7500000       371712032.    
   91.0000000       385244000.    
   91.2500000       398865792.    
   91.5000000       412567520.    
   91.7500000       426339200.    
   92.0000000       440170976.    
   92.2500000       454053120.    
   92.5000000       467976032.    
   92.7500000       481930240.    
   93.0000000       495906272.    
   93.2500000       509894624.    
   93.5000000       523885760.    
   93.7500000       537870272.    
   94.0000000       551838656.    
   94.2500000       565781568.    
   94.5000000       579690304.    
   94.7500000       593555968.    
   95.0000000       607370240.    
   95.2500000       621124544.    
   95.5000000       634811648.    
   95.7500000       648424576.    
   96.0000000       661956416.    
   96.2500000       675400256.    
   96.5000000       688749760.    
   96.7500000       701998912.    
   97.0000000       715141504.    
   97.2500000       728171456.    
   97.5000000       741082624.    
   97.7500000       753868800.    
   98.0000000       766523840.    
   98.2500000       779041856.    
   98.5000000       791417344.    
   98.7500000       803645312.    
   99.0000000       815720512.    
   99.2500000       827637952.    
   99.5000000       839394304.    
   99.7500000       850986112.    
   100.000000       862410176.    
   100.250000       873663360.    
   100.500000       884743296.    
   100.750000       895647552.    
   101.000000       906373952.    
   101.250000       916920064.    
   101.500000       927283712.    
   101.750000       937462592.    
   102.000000       947454272.    
   102.250000       957256640.    
   102.500000       966868224.    
   102.750000       976287232.    
   103.000000       985512192.    
   103.250000       994541888.    
   103.500000       1.00337594E+09
   103.750000       1.01201434E+09
   104.000000       1.02045722E+09
   104.250000       1.02870445E+09
   104.500000       1.03675693E+09
   104.750000       1.04461517E+09

