#TitleText:Ni(001)-(5x5)-Li     Beam (2/5,0)              Rfac10=       0.6664
 #"IV theory
   21.2500000       228.193085    
   21.5000000       246.573761    
   21.7500000       266.961548    
   22.0000000       289.247803    
   22.2500000       313.327972    
   22.5000000       339.113739    
   22.7500000       366.521057    
   23.0000000       395.465637    
   23.2500000       425.871674    
   23.5000000       457.696014    
   23.7500000       490.904114    
   24.0000000       525.461060    
   24.2500000       561.336426    
   24.5000000       598.515808    
   24.7500000       636.989319    
   25.0000000       676.746887    
   25.2500000       717.778442    
   25.5000000       760.073853    
   25.7500000       803.623169    
   26.0000000       848.416260    
   26.2500000       894.434814    
   26.5000000       941.627380    
   26.7500000       989.934448    
   27.0000000       1039.29578    
   27.2500000       1089.63574    
   27.5000000       1140.81140    
   27.7500000       1192.66382    
   28.0000000       1245.03418    
   28.2500000       1297.75513    
   28.5000000       1350.62598    
   28.7500000       1403.43811    
   29.0000000       1455.98315    
   29.2500000       1508.05212    
   29.5000000       1559.43640    
   29.7500000       1609.92712    
   30.0000000       1659.31604    
   30.2500000       1707.39880    
   30.5000000       1753.98999    
   30.7500000       1798.90942    
   31.0000000       1841.97583    
   31.2500000       1883.01807    
   31.5000000       1921.90222    
   31.7500000       1958.50391    
   32.0000000       1992.69788    
   32.2500000       2024.36438    
   32.5000000       2053.40259    
   32.7500000       2079.71509    
   33.0000000       2103.20557    
   33.2500000       2123.77734    
   33.5000000       2141.33374    
   33.7500000       2155.77881    
   34.0000000       2167.01440    
   34.2500000       2174.95386    
   34.5000000       2179.54517    
   34.7500000       2180.74414    
   35.0000000       2178.50806    
   35.2500000       2172.81128    
   35.5000000       2163.69922    
   35.7500000       2151.23535    
   36.0000000       2135.48291    
   36.2500000       2116.51392    
   36.5000000       2094.43652    
   36.7500000       2069.36694    
   37.0000000       2041.42175    
   37.2500000       2010.71790    
   37.5000000       1977.37170    
   37.7500000       1941.50037    
   38.0000000       1903.21997    
   38.2500000       1862.65051    
   38.5000000       1819.92493    
   38.7500000       1775.17957    
   39.0000000       1728.55054    
   39.2500000       1680.18066    
   39.5000000       1630.23865    
   39.7500000       1578.89966    
   40.0000000       1526.33923    
   40.2500000       1472.73596    
   40.5000000       1418.28149    
   40.7500000       1363.17065    
   41.0000000       1307.59863    
   41.2500000       1251.75977    
   41.5000000       1195.84937    
   41.7500000       1140.06213    
   42.0000000       1084.59326    
   42.2500000       1029.63257    
   42.5000000       975.350647    
   42.7500000       921.913086    
   43.0000000       869.485657    
   43.2500000       818.224365    
   43.5000000       768.246155    
   43.7500000       719.658325    
   44.0000000       672.567932    
   44.2500000       627.077637    
   44.5000000       583.270081    
   44.7500000       541.223511    
   45.0000000       501.015869    
   45.2500000       462.725159    
   45.5000000       426.429443    
   45.7500000       392.206818    
   46.0000000       360.135223    
   46.2500000       330.286224    
   46.5000000       302.705383    
   46.7500000       277.431763    
   47.0000000       254.504395    
   47.2500000       233.949402    
   47.5000000       215.740799    
   47.7500000       199.839722    
   48.0000000       186.207306    
   48.2500000       174.798096    
   48.5000000       165.540756    
   48.7500000       158.357391    
   49.0000000       153.170120    
   49.2500000       149.901077    
   49.5000000       148.472397    
   49.7500000       148.806152    
   50.0000000       150.824524    
   50.2500000       154.447952    
   50.5000000       159.590256    
   50.7500000       166.163559    
   51.0000000       174.080093    
   51.2500000       183.248642    
   51.5000000       193.564774    
   51.7500000       204.920715    
   52.0000000       217.208694    
   52.2500000       230.319260    
   52.5000000       244.136368    
   52.7500000       258.542236    
   53.0000000       273.419220    
   53.2500000       288.649506    
   53.5000000       304.115326    
   53.7500000       319.699066    
   54.0000000       335.282898    
   54.2500000       350.752502    
   54.5000000       366.006805    
   54.7500000       380.948334    
   55.0000000       395.479401    
   55.2500000       409.509247    
   55.5000000       422.973755    
   55.7500000       435.815643    
   56.0000000       447.977539    
   56.2500000       459.405609    
   56.5000000       470.059235    
   56.7500000       479.901276    
   57.0000000       488.894531    
   57.2500000       497.001862    
   57.5000000       504.186066    
   57.7500000       510.410065    
   58.0000000       515.636536    
   58.2500000       519.832520    
   58.5000000       522.981384    
   58.7500000       525.070374    
   59.0000000       526.087158    
   59.2500000       526.027222    
   59.5000000       524.919006    
   59.7500000       522.799194    
   60.0000000       519.704529    
   60.2500000       515.675537    
   60.5000000       510.769623    
   60.7500000       505.047791    
   61.0000000       498.571411    
   61.2500000       491.401733    
   61.5000000       483.599976    
   61.7500000       475.227448    
   62.0000000       466.345276    
   62.2500000       457.015839    
   62.5000000       447.305847    
   62.7500000       437.282806    
   63.0000000       427.014374    
   63.2500000       416.570496    
   63.5000000       406.029327    
   63.7500000       395.471527    
   64.0000000       384.977478    
   64.2500000       374.628845    
   64.5000000       364.511383    
   64.7500000       354.711945    
   65.0000000       345.317566    
   65.2500000       336.415070    
   65.5000000       328.091370    
   65.7500000       320.433411    
   66.0000000       313.528015    
   66.2500000       307.459991    
   66.5000000       302.305176    
   66.7500000       298.137329    
   67.0000000       295.030151    
   67.2500000       293.052979    
   67.5000000       292.257599    
   67.7500000       292.691284    
   68.0000000       294.401520    
   68.2500000       297.433319    
   68.5000000       301.823120    
   68.7500000       307.605133    
   69.0000000       314.813477    
   69.2500000       323.482361    
   69.5000000       333.645935    
   69.7500000       345.338379    
   70.0000000       358.593872    
   70.2500000       373.443604    
   70.5000000       389.907166    
   70.7500000       408.001099    
   71.0000000       427.741974    
   71.2500000       449.140533    
   71.5000000       472.183960    
   71.7500000       496.853577    
   72.0000000       523.130859    
   72.2500000       550.994263    
   72.5000000       580.410400    
   72.7500000       611.343018    
   73.0000000       643.756042    
   73.2500000       677.613159    
   73.5000000       712.878113    
   73.7500000       749.514771    
   74.0000000       787.486755    
   74.2500000       826.756531    
   74.5000000       867.281006    
   74.7500000       909.015625    
   75.0000000       951.915833    
   75.2500000       995.934387    
   75.5000000       1041.01282    
   75.7500000       1087.09021    
   76.0000000       1134.10535    
   76.2500000       1181.99561    
   76.5000000       1230.69324    
   76.7500000       1280.12854    
   77.0000000       1330.23218    
   77.2500000       1380.93481    
   77.5000000       1432.16711    
   77.7500000       1483.85938    
   78.0000000       1535.94238    
   78.2500000       1588.34741    
   78.5000000       1641.00732    
   78.7500000       1693.85645    
   79.0000000       1746.82813    
   79.2500000       1799.85767    
   79.5000000       1852.88354    
   79.7500000       1905.84656    
   80.0000000       1958.68726    
   80.2500000       2011.34546    
   80.5000000       2063.76538    
   80.7500000       2115.88965    
   81.0000000       2167.66138    
   81.2500000       2219.02515    
   81.5000000       2269.92334    
   81.7500000       2320.30005    
   82.0000000       2370.09863    
   82.2500000       2419.26416    
   82.5000000       2467.74780    
   82.7500000       2515.50293    
   83.0000000       2562.48120    
   83.2500000       2608.63965    
   83.5000000       2653.94653    
   83.7500000       2698.37329    
   84.0000000       2741.89136    
   84.2500000       2784.47339    
   84.5000000       2826.09985    
   84.7500000       2866.75073    
   85.0000000       2906.40698    
   85.2500000       2945.05005    
   85.5000000       2982.66040    
   85.7500000       3019.21924    
   86.0000000       3054.70752    
   86.2500000       3089.10718    
   86.5000000       3122.40552    
   86.7500000       3154.59033    
   87.0000000       3185.65088    
   87.2500000       3215.57690    
   87.5000000       3244.37036    
   87.7500000       3272.03345    
   88.0000000       3298.56958    
   88.2500000       3323.98315    
   88.5000000       3348.28442    
   88.7500000       3371.48267    
   89.0000000       3393.58911    
   89.2500000       3414.61475    
   89.5000000       3434.56982    
   89.7500000       3453.46460    
   90.0000000       3471.31055    
   90.2500000       3488.11816    
   90.5000000       3503.89893    
   90.7500000       3518.66479    
   91.0000000       3532.42822    
   91.2500000       3545.20117    
   91.5000000       3556.99756    
   91.7500000       3567.83276    
   92.0000000       3577.72095    
   92.2500000       3586.67676    
   92.5000000       3594.71631    
   92.7500000       3601.85522    
   93.0000000       3608.10986    
   93.2500000       3613.49561    
   93.5000000       3618.02881    
   93.7500000       3621.72534    
   94.0000000       3624.60083    
   94.2500000       3626.67139    
   94.5000000       3627.95093    
   94.7500000       3628.45361    
   95.0000000       3628.19409    
   95.2500000       3627.18481    
   95.5000000       3625.43848    
   95.7500000       3622.96411    
   96.0000000       3619.77197    
   96.2500000       3615.87305    
   96.5000000       3611.27588    
   96.7500000       3605.98877    
   97.0000000       3600.02051    
   97.2500000       3593.37988    
   97.5000000       3586.07520    
   97.7500000       3578.11450    
   98.0000000       3569.50732    
   98.2500000       3560.26123    
   98.5000000       3550.38403    
   98.7500000       3539.88159    
   99.0000000       3528.76099    
   99.2500000       3517.02832    
   99.5000000       3504.68750    
   99.7500000       3491.74146    
   100.000000       3478.19336    
   100.250000       3464.04590    
   100.500000       3449.30078    
   100.750000       3433.95923    
   101.000000       3418.02222    
   101.250000       3401.49170    
   101.500000       3384.36841    
   101.750000       3366.65405    
   102.000000       3348.34937    
   102.250000       3329.45605    
   102.500000       3309.97559    
   102.750000       3289.90942    
   103.000000       3269.25952    
   103.250000       3248.02734    
   103.500000       3226.21558    
   103.750000       3203.82593    
   104.000000       3180.86133    
   104.250000       3157.32373    
   104.500000       3133.21582    
   104.750000       3108.54053    
   105.000000       3083.30054    
   105.250000       3057.49854    
   105.500000       3031.13696    
   105.750000       3004.21851    
   106.000000       2976.74609    
   106.250000       2948.72314    
   106.500000       2920.15381    
   106.750000       2891.04443    
   107.000000       2861.40015    
   107.250000       2831.22705    
   107.500000       2800.53564    
   107.750000       2769.33667    
   108.000000       2737.64111    
   108.250000       2705.46069    
   108.500000       2672.80762    
   108.750000       2639.69702    
   109.000000       2606.14160    
   109.250000       2572.15552    
   109.500000       2537.75244    
   109.750000       2502.94580    
   110.000000       2467.74976    
   110.250000       2432.17847    
   110.500000       2396.24756    
   110.750000       2359.97485    

