#TitleText:Ni(001)-(5x5)-Li     Beam (3/5,2/5)            Rfac10=       0.7570
 #"IV theory
   40.2500000       5532.72461    
   40.5000000       5729.99219    
   40.7500000       5930.40967    
   41.0000000       6133.71240    
   41.2500000       6339.63525    
   41.5000000       6547.91357    
   41.7500000       6758.28125    
   42.0000000       6970.47412    
   42.2500000       7184.22363    
   42.5000000       7399.24316    
   42.7500000       7615.24414    
   43.0000000       7831.93701    
   43.2500000       8049.02539    
   43.5000000       8266.17871    
   43.7500000       8483.05957    
   44.0000000       8699.33008    
   44.2500000       8914.64941    
   44.5000000       9128.66016    
   44.7500000       9340.99805    
   45.0000000       9551.30371    
   45.2500000       9759.21484    
   45.5000000       9964.36719    
   45.7500000       10166.4043    
   46.0000000       10364.9580    
   46.2500000       10559.6758    
   46.5000000       10750.2275    
   46.7500000       10936.2852    
   47.0000000       11117.5225    
   47.2500000       11293.6279    
   47.5000000       11464.3340    
   47.7500000       11629.3887    
   48.0000000       11788.5371    
   48.2500000       11941.5342    
   48.5000000       12088.1543    
   48.7500000       12228.1807    
   49.0000000       12361.3975    
   49.2500000       12487.5859    
   49.5000000       12606.5293    
   49.7500000       12718.0088    
   50.0000000       12821.8105    
   50.2500000       12917.7236    
   50.5000000       13005.5947    
   50.7500000       13085.2744    
   51.0000000       13156.6143    
   51.2500000       13219.4922    
   51.5000000       13273.8779    
   51.7500000       13319.7637    
   52.0000000       13357.1445    
   52.2500000       13386.0225    
   52.5000000       13406.4502    
   52.7500000       13418.4922    
   53.0000000       13422.2100    
   53.2500000       13417.6689    
   53.5000000       13404.9316    
   53.7500000       13384.0615    
   54.0000000       13355.1221    
   54.2500000       13318.1826    
   54.5000000       13273.3447    
   54.7500000       13220.7139    
   55.0000000       13160.3965    
   55.2500000       13092.5176    
   55.5000000       13017.2539    
   55.7500000       12934.7988    
   56.0000000       12845.3506    
   56.2500000       12749.1074    
   56.5000000       12646.3027    
   56.7500000       12537.1729    
   57.0000000       12421.9561    
   57.2500000       12300.8916    
   57.5000000       12174.2148    
   57.7500000       12042.1670    
   58.0000000       11904.9844    
   58.2500000       11762.9063    
   58.5000000       11616.1719    
   58.7500000       11465.0225    
   59.0000000       11309.6982    
   59.2500000       11150.4395    
   59.5000000       10987.4912    
   59.7500000       10821.0986    
   60.0000000       10651.5068    
   60.2500000       10478.9619    
   60.5000000       10303.7090    
   60.7500000       10125.9971    
   61.0000000       9946.07422    
   61.2500000       9764.18750    
   61.5000000       9580.58203    
   61.7500000       9395.50879    
   62.0000000       9209.21387    
   62.2500000       9021.94043    
   62.5000000       8833.91895    
   62.7500000       8645.37500    
   63.0000000       8456.53223    
   63.2500000       8267.61133    
   63.5000000       8078.80127    
   63.7500000       7890.28271    
   64.0000000       7702.23828    
   64.2500000       7514.84717    
   64.5000000       7328.27148    
   64.7500000       7142.67236    
   65.0000000       6958.21045    
   65.2500000       6775.04492    
   65.5000000       6593.33545    
   65.7500000       6413.24365    
   66.0000000       6234.92920    
   66.2500000       6058.54736    
   66.5000000       5884.24170    
   66.7500000       5712.15039    
   67.0000000       5542.41162    
   67.2500000       5375.15625    
   67.5000000       5210.48828    
   67.7500000       5048.50098    
   68.0000000       4889.29102    
   68.2500000       4732.94922    
   68.5000000       4579.55273    
   68.7500000       4429.17529    
   69.0000000       4281.89111    
   69.2500000       4137.77295    
   69.5000000       3996.89453    
   69.7500000       3859.32935    
   70.0000000       3725.15137    
   70.2500000       3594.43286    
   70.5000000       3467.24170    
   70.7500000       3343.64722    
   71.0000000       3223.71533    
   71.2500000       3107.51147    
   71.5000000       2995.09351    
   71.7500000       2886.51636    
   72.0000000       2781.83569    
   72.2500000       2681.10596    
   72.5000000       2584.37671    
   72.7500000       2491.69727    
   73.0000000       2403.11719    
   73.2500000       2318.68530    
   73.5000000       2238.45117    
   73.7500000       2162.46387    
   74.0000000       2090.77197    
   74.2500000       2023.42480    
   74.5000000       1960.46606    
   74.7500000       1901.93970    
   75.0000000       1847.88904    
   75.2500000       1798.35596    
   75.5000000       1753.37476    
   75.7500000       1712.97754    
   76.0000000       1677.19690    
   76.2500000       1646.06396    
   76.5000000       1619.60669    
   76.7500000       1597.85156    
   77.0000000       1580.82532    
   77.2500000       1568.55481    
   77.5000000       1561.06665    
   77.7500000       1558.38770    
   78.0000000       1560.54443    
   78.2500000       1567.56226    
   78.5000000       1579.45947    
   78.7500000       1596.25305    

