#TitleText:Ni(001)-(5x5)-Li     Beam (4/5,2/5)            Rfac10=       0.8493
 #"IV theory
   48.2500000       95282.1875    
   48.5000000       94180.4766    
   48.7500000       93043.9766    
   49.0000000       91867.9453    
   49.2500000       90647.6172    
   49.5000000       89378.2422    
   49.7500000       88055.0469    
   50.0000000       86673.2734    
   50.2500000       85228.6719    
   50.5000000       83719.0156    
   50.7500000       82142.5625    
   51.0000000       80497.5938    
   51.2500000       78783.4063    
   51.5000000       77003.3047    
   51.7500000       75161.6484    
   52.0000000       73262.7578    
   52.2500000       71311.5000    
   52.5000000       69314.7188    
   52.7500000       67279.8047    
   53.0000000       65214.1211    
   53.2500000       63125.0391    
   53.5000000       61019.9453    
   53.7500000       58906.1914    
   54.0000000       56791.1563    
   54.2500000       54682.0938    
   54.5000000       52585.7656    
   54.7500000       50508.8164    
   55.0000000       48457.8906    
   55.2500000       46439.3906    
   55.5000000       44458.7422    
   55.7500000       42521.1367    
   56.0000000       40631.7500    
   56.2500000       38795.6602    
   56.5000000       37017.4297    
   56.7500000       35301.5234    
   57.0000000       33652.4102    
   57.2500000       32074.5313    
   57.5000000       30572.3496    
   57.7500000       29150.3262    
   58.0000000       27812.9121    
   58.2500000       26564.2188    
   58.5000000       25406.9395    
   58.7500000       24343.4238    
   59.0000000       23376.0254    
   59.2500000       22506.3848    
   59.5000000       21733.3359    
   59.7500000       21055.0078    
   60.0000000       20469.5293    
   60.2500000       19974.6816    
   60.5000000       19566.8301    
   60.7500000       19242.0059    
   61.0000000       18996.2148    
   61.2500000       18825.4883    
   61.5000000       18725.8457    
   61.7500000       18693.3027    
   62.0000000       18723.8828    
   62.2500000       18813.5410    
   62.5000000       18957.9590    
   62.7500000       19152.7520    
   63.0000000       19393.5430    
   63.2500000       19675.8145    
   63.5000000       19994.5137    
   63.7500000       20344.4551    
   64.0000000       20720.4414    
   64.2500000       21117.2305    
   64.5000000       21529.2930    
   64.7500000       21951.0410    
   65.0000000       22376.8867    
   65.2500000       22801.2383    
   65.5000000       23218.5059    
   65.7500000       23623.0977    
   66.0000000       24009.4297    
   66.2500000       24372.1230    
   66.5000000       24706.6855    
   66.7500000       25008.8379    
   67.0000000       25274.2988    
   67.2500000       25499.2246    
   67.5000000       25681.5195    
   67.7500000       25819.5254    
   68.0000000       25911.5879    
   68.2500000       25956.2637    
   68.5000000       25952.9844    
   68.7500000       25901.4063    
   69.0000000       25801.1758    
   69.2500000       25651.9473    
   69.5000000       25453.3730    
   69.7500000       25205.1055    
   70.0000000       24906.7930    
   70.2500000       24558.2813    
   70.5000000       24160.1465    
   70.7500000       23713.1660    
   71.0000000       23218.1113    
   71.2500000       22676.1289    
   71.5000000       22089.8496    
   71.7500000       21462.2930    
   72.0000000       20796.4707    
   72.2500000       20095.5781    
   72.5000000       19363.5664    
   72.7500000       18604.5566    
   73.0000000       17822.6934    
   73.2500000       17022.0996    
   73.5000000       16206.9121    
   73.7500000       15381.2627    
   74.0000000       14549.2813    
   74.2500000       13715.0654    
   74.5000000       12882.5713    
   74.7500000       12055.7207    
   75.0000000       11238.4355    
   75.2500000       10434.5654    
   75.5000000       9647.68164    
   75.7500000       8881.28320    
   76.0000000       8138.87109    
   76.2500000       7423.90723    
   76.5000000       6739.71826    
   76.7500000       6089.59131    
   77.0000000       5476.81641    
   77.2500000       4904.68213    
   77.5000000       4376.47754    
   77.7500000       3895.49170    
   78.0000000       3465.01270    
   78.2500000       3088.16040    
   78.5000000       2767.37256    
   78.7500000       2504.91772    
   79.0000000       2303.06348    
   79.2500000       2163.73779    
   79.5000000       2087.50757    
   79.7500000       2074.59937    
   80.0000000       2125.23975    
   80.2500000       2239.48462    
   80.5000000       2416.71045    
   80.7500000       2656.12231    
   81.0000000       2956.92651    
   81.2500000       3318.32813    
   81.5000000       3739.53320    
   81.7500000       4219.74756    
   82.0000000       4758.17627    
   82.2500000       5353.91211    
   82.5000000       6005.58984    
   82.7500000       6711.73389    
   83.0000000       7470.86377    
   83.2500000       8281.27539    
   83.5000000       9140.35059    
   83.7500000       10045.2471    
   84.0000000       10993.1172    
   84.2500000       11981.0039    
   84.5000000       13005.4941    
   84.7500000       14063.0566    
   85.0000000       15150.1631    
   85.2500000       16263.2881    
   85.5000000       17398.9043    
   85.7500000       18553.4746    
   86.0000000       19723.4863    
   86.2500000       20905.4199    
   86.5000000       22095.8926    
   86.7500000       23291.5254    
   87.0000000       24488.9531    
   87.2500000       25684.8555    
   87.5000000       26876.1250    
   87.7500000       28059.7051    
   88.0000000       29232.5430    
   88.2500000       30391.6094    
   88.5000000       31533.9824    
   88.7500000       32656.7617    
   89.0000000       33757.0508    
   89.2500000       34831.9570    
   89.5000000       35878.5742    
   89.7500000       36894.0195    
   90.0000000       37875.3750    
   90.2500000       38819.8750    
   90.5000000       39725.1836    
   90.7500000       40589.0742    
   91.0000000       41409.3398    
   91.2500000       42183.9766    
   91.5000000       42911.9180    
   91.7500000       43592.2852    
   92.0000000       44224.2305    
   92.2500000       44807.0000    
   92.5000000       45340.3086    
   92.7500000       45823.9648    
   93.0000000       46257.7930    
   93.2500000       46641.6172    
   93.5000000       46975.2500    
   93.7500000       47258.5156    
   94.0000000       47491.2305    
   94.2500000       47673.3086    
   94.5000000       47805.0313    
   94.7500000       47886.7656    
   95.0000000       47918.8867    
   95.2500000       47901.9453    
   95.5000000       47837.2344    
   95.7500000       47726.2266    
   96.0000000       47570.4023    
   96.2500000       47371.3242    
   96.5000000       47130.9297    
   96.7500000       46851.2461    
   97.0000000       46534.2969    
   97.2500000       46182.1133    
   97.5000000       45796.7188    
   97.7500000       45380.1367    
   98.0000000       44934.4023    
   98.2500000       44461.5469    
   98.5000000       43963.6758    
   98.7500000       43442.8945    
   99.0000000       42901.3086    
   99.2500000       42341.0664    
   99.5000000       41764.3984    
   99.7500000       41173.6016    
   100.000000       40570.9375    
   100.250000       39958.7070    
   100.500000       39339.2539    
   100.750000       38714.9336    
   101.000000       38088.1055    
   101.250000       37461.1289    
   101.500000       36836.3672    
   101.750000       36216.1758    
   102.000000       35602.9180    
   102.250000       34998.9023    
   102.500000       34406.2305    
   102.750000       33826.9648    
   103.000000       33263.1641    
   103.250000       32716.7754    
   103.500000       32189.3535    
   103.750000       31682.3535    
   104.000000       31197.2168    
   104.250000       30735.3516    
   104.500000       30297.9531    
   104.750000       29886.1680    
   105.000000       29501.1445    
   105.250000       29144.0313    
   105.500000       28815.9668    
   105.750000       28518.1113    
   106.000000       28251.6055    
   106.250000       28017.5332    
   106.500000       27816.7246    
   106.750000       27649.9453    
   107.000000       27517.9570    
   107.250000       27421.4023    
   107.500000       27360.4004    
   107.750000       27334.9629    
   108.000000       27345.0820    
   108.250000       27390.6973    
   108.500000       27471.4883    
   108.750000       27587.0703    
   109.000000       27737.0703    
   109.250000       27921.0996    
   109.500000       28138.7773    
   109.750000       28389.7207    

