#TitleText:Ni(001)-(5x5)-Li     Beam (1,3/5)              Rfac10=       0.8301
 #"IV theory
   64.2500000       278.475586    
   64.5000000       279.530304    
   64.7500000       280.402588    
   65.0000000       281.089752    
   65.2500000       281.588928    
   65.5000000       281.897430    
   65.7500000       282.012329    
   66.0000000       281.930969    
   66.2500000       281.650879    
   66.5000000       281.171021    
   66.7500000       280.490540    
   67.0000000       279.608734    
   67.2500000       278.525574    
   67.5000000       277.243622    
   67.7500000       275.766266    
   68.0000000       274.096771    
   68.2500000       272.238861    
   68.5000000       270.197510    
   68.7500000       267.978058    
   69.0000000       265.585907    
   69.2500000       263.026367    
   69.5000000       260.304779    
   69.7500000       257.426544    
   70.0000000       254.397003    
   70.2500000       251.221619    
   70.5000000       247.906586    
   70.7500000       244.458130    
   71.0000000       240.882553    
   71.2500000       237.186417    
   71.5000000       233.377594    
   71.7500000       229.464157    
   72.0000000       225.454254    
   72.2500000       221.356186    
   72.5000000       217.178833    
   72.7500000       212.931229    
   73.0000000       208.622452    
   73.2500000       204.261536    
   73.5000000       199.857544    
   73.7500000       195.419525    
   74.0000000       190.956543    
   74.2500000       186.477509    
   74.5000000       181.990814    
   74.7500000       177.504730    
   75.0000000       173.027527    
   75.2500000       168.567200    
   75.5000000       164.130707    
   75.7500000       159.724731    
   76.0000000       155.356003    
   76.2500000       151.031052    
   76.5000000       146.755920    
   76.7500000       142.536514    
   77.0000000       138.378754    
   77.2500000       134.288559    
   77.5000000       130.271790    
   77.7500000       126.334389    
   78.0000000       122.482262    
   78.2500000       118.721100    
   78.5000000       115.055756    
   78.7500000       111.490860    
   79.0000000       108.031059    
   79.2500000       104.680603    
   79.5000000       101.441971    
   79.7500000       98.3173294    
   80.0000000       95.3087387    
   80.2500000       92.4181213    
   80.5000000       89.6465302    
   80.7500000       86.9948120    
   81.0000000       84.4638062    
   81.2500000       82.0543518    
   81.5000000       79.7673035    
   81.7500000       77.6035004    
   82.0000000       75.5637894    
   82.2500000       73.6488647    
   82.5000000       71.8588638    
   82.7500000       70.1937637    
   83.0000000       68.6535721    
   83.2500000       67.2379608    
   83.5000000       65.9455185    
   83.7500000       64.7744904    
   84.0000000       63.7231674    
   84.2500000       62.7896690    
   84.5000000       61.9715576    
   84.7500000       61.2662544    
   85.0000000       60.6711655    
   85.2500000       60.1837082    
   85.5000000       59.8013077    
   85.7500000       59.5213623    
   86.0000000       59.3413086    
   86.2500000       59.2584991    
   86.5000000       59.2702026    
   86.7500000       59.3736115    
   87.0000000       59.5659180    
   87.2500000       59.8442726    
   87.5000000       60.2055206    
   87.7500000       60.6464462    
   88.0000000       61.1638336    
   88.2500000       61.7544212    
   88.5000000       62.4148369    
   88.7500000       63.1416283    
   89.0000000       63.9313850    
   89.2500000       64.7806702    
   89.5000000       65.6860428    
   89.7500000       66.6440964    
   90.0000000       67.6513824    
   90.2500000       68.7045288    
   90.5000000       69.8003235    
   90.7500000       70.9355850    
   91.0000000       72.1071472    
   91.2500000       73.3119278    
   91.5000000       74.5471954    
   91.7500000       75.8102798    
   92.0000000       77.0985336    
   92.2500000       78.4093399    
   92.5000000       79.7402649    
   92.7500000       81.0889130    
   93.0000000       82.4528885    
   93.2500000       83.8297806    
   93.5000000       85.2172241    
   93.7500000       86.6127930    
   94.0000000       88.0140915    
   94.2500000       89.4187927    
   94.5000000       90.8247375    
   94.7500000       92.2298431    
   95.0000000       93.6320038    
   95.2500000       95.0292358    
   95.5000000       96.4199295    
   95.7500000       97.8026047    
   96.0000000       99.1757736    
   96.2500000       100.538002    
   96.5000000       101.888039    
   96.7500000       103.224701    
   97.0000000       104.546799    
   97.2500000       105.853134    
   97.5000000       107.142532    
   97.7500000       108.413803    
   98.0000000       109.665764    
   98.2500000       110.897247    
   98.5000000       112.107285    
   98.7500000       113.294975    
   99.0000000       114.459381    
   99.2500000       115.599655    
   99.5000000       116.715309    
   99.7500000       117.805939    
   100.000000       118.871170    
   100.250000       119.910614    
   100.500000       120.924103    
   100.750000       121.911461    
   101.000000       122.872604    
   101.250000       123.807358    
   101.500000       124.715599    
   101.750000       125.597176    
   102.000000       126.451950    
   102.250000       127.279831    
   102.500000       128.080902    
   102.750000       128.855270    
   103.000000       129.603073    
   103.250000       130.324493    
   103.500000       131.020111    
   103.750000       131.690552    
   104.000000       132.336487    
   104.250000       132.958542    
   104.500000       133.557648    
   104.750000       134.134659    
   105.000000       134.690491    
   105.250000       135.226044    
   105.500000       135.742233    
   105.750000       136.239960    
   106.000000       136.720108    
   106.250000       137.183624    
   106.500000       137.631653    
   106.750000       138.065353    
   107.000000       138.485886    
   107.250000       138.894501    
   107.500000       139.292816    
   107.750000       139.682510    
   108.000000       140.065292    
   108.250000       140.442917    
   108.500000       140.817261    
   108.750000       141.190308    
   109.000000       141.564011    
   109.250000       141.940323    
   109.500000       142.321228    
   109.750000       142.708633    
   110.000000       143.104553    
   110.250000       143.510971    
   110.500000       143.930206    
   110.750000       144.364609    
   111.000000       144.816513    
   111.250000       145.288422    
   111.500000       145.783340    
   111.750000       146.304459    
   112.000000       146.854889    
   112.250000       147.437866    
   112.500000       148.056885    
   112.750000       148.715469    
   113.000000       149.417175    
   113.250000       150.165543    
   113.500000       150.964127    
   113.750000       151.816483    
   114.000000       152.726166    
   114.250000       153.696747    
   114.500000       154.732071    
   114.750000       155.835999    
   115.000000       157.012421    
   115.250000       158.265305    
   115.500000       159.599091    
   115.750000       161.018280    
   116.000000       162.527405    
   116.250000       164.131042    
   116.500000       165.834000    
   116.750000       167.641113    
   117.000000       169.557251    
   117.250000       171.587250    
   117.500000       173.735977    
   117.750000       176.008270    
   118.000000       178.408981    
   118.250000       180.942978    
   118.500000       183.615112    
   118.750000       186.430252    
   119.000000       189.393295    
   119.250000       192.509109    
   119.500000       195.782578    
   119.750000       199.218643    
   120.000000       202.822159    
   120.250000       206.598114    
   120.500000       210.551331    
   120.750000       214.686829    
   121.000000       219.009506    
   121.250000       223.524307    
   121.500000       228.236115    
   121.750000       233.149887    
   122.000000       238.270584    
   122.250000       243.602997    
   122.500000       249.151718    
   122.750000       254.921234    
   123.000000       260.916016    
   123.250000       267.140381    
   123.500000       273.598114    
   123.750000       280.292816    
   124.000000       287.227997    
   124.250000       294.407196    
   124.500000       301.833710    
   124.750000       309.510620    
   125.000000       317.441101    
   125.250000       325.628235    
   125.500000       334.075226    
   125.750000       342.785248    
   126.000000       351.761322    
   126.250000       361.006592    
   126.500000       370.523590    
   126.750000       380.314636    
   127.000000       390.382141    
   127.250000       400.728363    
   127.500000       411.354401    
   127.750000       422.261261    
   128.000000       433.449829    
   128.250000       444.920959    
   128.500000       456.674896    
   128.750000       468.711945    
   129.000000       481.032257    
   129.250000       493.635986    
   129.500000       506.523407    
   129.750000       519.694702    
   130.000000       533.150024    
   130.250000       546.889526    
   130.500000       560.912354    
   130.750000       575.218079    
   131.000000       589.805786    
   131.250000       604.674438    
   131.500000       619.821899    
   131.750000       635.244995    
   132.000000       650.941528    
   132.250000       666.908630    
   132.500000       683.142761    
   132.750000       699.640259    
   133.000000       716.397644    
   133.250000       733.411377    
   133.500000       750.677612    
   133.750000       768.192932    
   134.000000       785.953857    
   134.250000       803.956360    
   134.500000       822.196228    
   134.750000       840.669067    
   135.000000       859.370422    
   135.250000       878.295410    
   135.500000       897.438171    
   135.750000       916.792480    
   136.000000       936.352295    
   136.250000       956.111206    
   136.500000       976.062073    
   136.750000       996.197998    
   137.000000       1016.51208    
   137.250000       1036.99707    
   137.500000       1057.64600    
   137.750000       1078.45166    
   138.000000       1099.40723    
   138.250000       1120.50537    
   138.500000       1141.73865    
   138.750000       1163.09961    
   139.000000       1184.58057    
   139.250000       1206.17395    
   139.500000       1227.87122    
   139.750000       1249.66382    
   140.000000       1271.54333    
   140.250000       1293.50098    
   140.500000       1315.52808    
   140.750000       1337.61548    
   141.000000       1359.75378    
   141.250000       1381.93457    
   141.500000       1404.14819    
   141.750000       1426.38586    
   142.000000       1448.63892    
   142.250000       1470.89771    
   142.500000       1493.15369    
   142.750000       1515.39771    
   143.000000       1537.62073    
   143.250000       1559.81396    
   143.500000       1581.96851    
   143.750000       1604.07544    
   144.000000       1626.12585    
   144.250000       1648.11121    
   144.500000       1670.02234    
   144.750000       1691.85059    

