#TitleText:Ni(001)-(5x5)-Li     Beam (2/5,1/5)            Rfac10=       1.0409
 #"IV theory
   40.2500000       286.816376    
   40.5000000       283.448364    
   40.7500000       279.789764    
   41.0000000       275.855713    
   41.2500000       271.661346    
   41.5000000       267.221832    
   41.7500000       262.552216    
   42.0000000       257.667664    
   42.2500000       252.583435    
   42.5000000       247.315247    
   42.7500000       241.878952    
   43.0000000       236.290421    
   43.2500000       230.565781    
   43.5000000       224.722061    
   43.7500000       218.776642    
   44.0000000       212.746826    
   44.2500000       206.650055    
   44.5000000       200.504257    
   44.7500000       194.327530    
   45.0000000       188.137924    
   45.2500000       181.953491    
   45.5000000       175.792313    
   45.7500000       169.672424    
   46.0000000       163.611893    
   46.2500000       157.628265    
   46.5000000       151.736877    
   46.7500000       145.952576    
   47.0000000       140.290192    
   47.2500000       134.763489    
   47.5000000       129.381897    
   47.7500000       124.153801    
   48.0000000       119.087555    
   48.2500000       114.191002    
   48.5000000       109.469818    
   48.7500000       104.929123    
   49.0000000       100.574074    
   49.2500000       96.4098053    
   49.5000000       92.4414520    
   49.7500000       88.6741486    
   50.0000000       85.1130524    
   50.2500000       81.7627335    
   50.5000000       78.6256485    
   50.7500000       75.7036591    
   51.0000000       72.9986572    
   51.2500000       70.5114441    
   51.5000000       68.2384796    
   51.7500000       66.1751556    
   52.0000000       64.3168411    
   52.2500000       62.6583710    
   52.5000000       61.1924248    
   52.7500000       59.9111214    
   53.0000000       58.8065872    
   53.2500000       57.8709488    
   53.5000000       57.0963287    
   53.7500000       56.4748535    
   54.0000000       55.9986572    
   54.2500000       55.6597862    
   54.5000000       55.4499435    
   54.7500000       55.3608017    
   55.0000000       55.3839989    
   55.2500000       55.5109978    
   55.5000000       55.7326546    
   55.7500000       56.0396461    
   56.0000000       56.4226532    
   56.2500000       56.8722649    
   56.5000000       57.3787575    
   56.7500000       57.9323463    
   57.0000000       58.5232086    
   57.2500000       59.1415405    
   57.5000000       59.7775536    
   57.7500000       60.4214325    
   58.0000000       61.0633698    
   58.2500000       61.6938820    
   58.5000000       62.3046684    
   58.7500000       62.8877754    
   59.0000000       63.4352074    
   59.2500000       63.9396133    
   59.5000000       64.3960571    
   59.7500000       64.8002090    
   60.0000000       65.1477661    
   60.2500000       65.4347000    
   60.5000000       65.6582184    
   60.7500000       65.8158340    
   61.0000000       65.9050522    
   61.2500000       65.9233780    
   61.5000000       65.8683243    
   61.7500000       65.7373886    
   62.0000000       65.5280914    
   62.2500000       65.2382431    
   62.5000000       64.8669128    
   62.7500000       64.4134979    
   63.0000000       63.8773613    
   63.2500000       63.2585220    
   63.5000000       62.5594902    
   63.7500000       61.7833939    
   64.0000000       60.9333649    
   64.2500000       60.0128403    
   64.5000000       59.0265236    
   64.7500000       57.9794235    
   65.0000000       56.8765411    
   65.2500000       55.7228775    
   65.5000000       54.5234566    
   65.7500000       53.2832718    
   66.0000000       52.0073318    
   66.2500000       50.7007141    
   66.5000000       49.3687668    
   66.7500000       48.0169334    
   67.0000000       46.6506233    
   67.2500000       45.2754097    
   67.5000000       43.8973999    
   67.7500000       42.5228767    
   68.0000000       41.1580887    
   68.2500000       39.8093719    
   68.5000000       38.4833336    
   68.7500000       37.1866493    
   69.0000000       35.9260063    
   69.2500000       34.7080803    
   69.5000000       33.5395584    
   69.7500000       32.4271088    
   70.0000000       31.3774185    
   70.2500000       30.3970203    
   70.5000000       29.4918327    
   70.7500000       28.6676464    
   71.0000000       27.9302311    
   71.2500000       27.2850704    
   71.5000000       26.7364311    
   71.7500000       26.2883015    
   72.0000000       25.9446468    
   72.2500000       25.7092953    
   72.5000000       25.5854740    
   72.7500000       25.5762539    
   73.0000000       25.6847115    
   73.2500000       25.9139175    
   73.5000000       26.2669525    
   73.7500000       26.7468834    
   74.0000000       27.3567867    
   74.2500000       28.0995407    
   74.5000000       28.9772396    
   74.7500000       29.9917641    
   75.0000000       31.1450157    
   75.2500000       32.4384918    
   75.5000000       33.8721161    
   75.7500000       35.4454193    
   76.0000000       37.1579247    
   76.2500000       39.0089760    
   76.5000000       40.9971008    
   76.7500000       43.1206665    
   77.0000000       45.3780136    
   77.2500000       47.7674866    
   77.5000000       50.2874374    
   77.7500000       52.9362221    
   78.0000000       55.7121658    
   78.2500000       58.6135368    
   78.5000000       61.6381035    
   78.7500000       64.7835693    
   79.0000000       68.0476151    
   79.2500000       71.4276962    
   79.5000000       74.9204025    
   79.7500000       78.5220871    
   80.0000000       82.2290955    
   80.2500000       86.0377045    
   80.5000000       89.9437256    
   80.7500000       93.9428024    
   81.0000000       98.0306778    
   81.2500000       102.203026    
   81.5000000       106.455559    
   81.7500000       110.783943    
   82.0000000       115.183899    
   82.2500000       119.651115    
   82.5000000       124.181320    
   82.7500000       128.770233    
   83.0000000       133.413589    
   83.2500000       138.107101    
   83.5000000       142.846558    
   83.7500000       147.627762    
   84.0000000       152.446472    
   84.2500000       157.298477    
   84.5000000       162.179611    
   84.7500000       167.085663    
   85.0000000       172.012466    
   85.2500000       176.955826    
   85.5000000       181.911545    
   85.7500000       186.875473    
   86.0000000       191.843384    
   86.2500000       196.811172    
   86.5000000       201.775024    
   86.7500000       206.731079    
   87.0000000       211.675568    
   87.2500000       216.604828    
   87.5000000       221.515778    
   87.7500000       226.405334    
   88.0000000       231.270523    
   88.2500000       236.108383    
   88.5000000       240.916260    
   88.7500000       245.691559    
   89.0000000       250.431610    
   89.2500000       255.133865    
   89.5000000       259.795654    
   89.7500000       264.414368    
   90.0000000       268.987457    
   90.2500000       273.512299    
   90.5000000       277.986572    
   90.7500000       282.408081    
   91.0000000       286.774414    
   91.2500000       291.083527    
   91.5000000       295.333679    
   91.7500000       299.523224    
   92.0000000       303.650635    
   92.2500000       307.714355    
   92.5000000       311.713135    
   92.7500000       315.645599    
   93.0000000       319.510590    
   93.2500000       323.306793    
   93.5000000       327.032959    
   93.7500000       330.687866    
   94.0000000       334.270264    
   94.2500000       337.778900    
   94.5000000       341.212708    
   94.7500000       344.570648    
   95.0000000       347.851563    
   95.2500000       351.054565    
   95.5000000       354.178802    
   95.7500000       357.223663    
   96.0000000       360.188538    
   96.2500000       363.072662    
   96.5000000       365.875610    
   96.7500000       368.596832    
   97.0000000       371.235931    
   97.2500000       373.792328    
   97.5000000       376.265533    
   97.7500000       378.655151    
   98.0000000       380.960632    
   98.2500000       383.181580    
   98.5000000       385.317535    
   98.7500000       387.368134    
   99.0000000       389.333038    
   99.2500000       391.211914    
   99.5000000       393.004547    
   99.7500000       394.710815    
   100.000000       396.330566    
   100.250000       397.863678    
   100.500000       399.310120    
   100.750000       400.669830    
   101.000000       401.942810    
   101.250000       403.129028    
   101.500000       404.228455    
   101.750000       405.241058    
   102.000000       406.166748    
   102.250000       407.005615    
   102.500000       407.757629    
   102.750000       408.423004    
   103.000000       409.001709    
   103.250000       409.493896    
   103.500000       409.899841    
   103.750000       410.219849    
   104.000000       410.454285    
   104.250000       410.603424    
   104.500000       410.667633    
   104.750000       410.647400    

